NACA 4412
       18.       18.

  0.000000  0.000000
  0.012500  0.024400
  0.025000  0.033900
  0.050000  0.047300
  0.075000  0.057600
  0.100000  0.065900
  0.150000  0.078900
  0.200000  0.088000
  0.250000  0.094100
  0.300000  0.097600
  0.400000  0.098000
  0.500000  0.091900
  0.600000  0.081400
  0.700000  0.066900
  0.800000  0.048900
  0.900000  0.027100
  0.950000  0.014700
  1.000000  0.001300

  0.000000  0.000000
  0.012500 -0.014300
  0.025000 -0.019500
  0.050000 -0.024900
  0.075000 -0.027400
  0.100000 -0.028600
  0.150000 -0.028800
  0.200000 -0.027400
  0.250000 -0.025000
  0.300000 -0.022600
  0.400000 -0.018000
  0.500000 -0.014000
  0.600000 -0.010000
  0.700000 -0.006500
  0.800000 -0.003900
  0.900000 -0.002200
  0.950000 -0.001600
  1.000000 -0.001300
