NACA 65-203
   26.        26.

 0.00000     0.00010
 0.00460     0.00297
 0.00706     0.00366
 0.01200     0.00474
 0.02444     0.00673
 0.04939     0.00986
 0.07437     0.01237
 0.09936     0.01451
 0.14939     0.01797
 0.19945     0.02064
 0.24953     0.02270
 0.29962     0.02422
 0.34971     0.02525
 0.39981     0.02581
 0.44990     0.02589
 0.50000     0.02546
 0.55009     0.02451
 0.60016     0.02311
 0.65022     0.02133
 0.70026     0.01920
 0.75028     0.01675
 0.80027     0.01399
 0.85024     0.01097
 0.90018     0.00768
 0.95009     0.00413
 1.00000     0.00000

 0.00000     0.00010
 0.00540    -0.00183
 0.00794    -0.00212
 0.01300    -0.00249
 0.02556    -0.00292
 0.05061    -0.00343
 0.07563    -0.00377
 0.10064    -0.00403
 0.15061    -0.00435
 0.20055    -0.00454
 0.25047    -0.00461
 0.30038    -0.00457
 0.35029    -0.00444
 0.40019    -0.00418
 0.45010    -0.00378
 0.50000    -0.00319
 0.54991    -0.00241
 0.59984    -0.00149
 0.64978    -0.00054
 0.69974     0.00042
 0.74972     0.00132
 0.79973     0.00208
 0.84976     0.00262
 0.89982     0.00276
 0.94991     0.00225
 1.00000     0.00000