NACA 65-204 no camber, 151 panels
   76.          76. 
  
 0.00000    -0.00022
 0.00047     0.00078
 0.00213     0.00194
 0.00592     0.00341
 0.01468     0.00508
 0.02821     0.00670
 0.04141     0.00802
 0.05535     0.00923
 0.06944     0.01030
 0.08363     0.01128
 0.09782     0.01217
 0.11209     0.01299
 0.12637     0.01373
 0.14066     0.01442
 0.15493     0.01505
 0.16920     0.01564
 0.18347     0.01618
 0.19775     0.01668
 0.21204     0.01714
 0.22633     0.01757
 0.24062     0.01795
 0.25491     0.01830
 0.26920     0.01861
 0.28349     0.01889
 0.29778     0.01914
 0.31208     0.01936
 0.32638     0.01954
 0.34067     0.01969
 0.35497     0.01982
 0.36927     0.01991
 0.38356     0.01997
 0.39786     0.01999
 0.41215     0.01998
 0.42644     0.01993
 0.44074     0.01985
 0.45503     0.01973
 0.46932     0.01957
 0.48361     0.01937
 0.49790     0.01913
 0.51219     0.01885
 0.52648     0.01853
 0.54077     0.01817
 0.55506     0.01778
 0.56936     0.01736
 0.58365     0.01692
 0.59794     0.01645
 0.61223     0.01595
 0.62653     0.01544
 0.64082     0.01490
 0.65511     0.01435
 0.66940     0.01377
 0.68370     0.01318
 0.69799     0.01258
 0.71228     0.01195
 0.72658     0.01132
 0.74087     0.01067
 0.75517     0.01002
 0.76945     0.00936
 0.78373     0.00868
 0.79801     0.00801
 0.81230     0.00733
 0.82655     0.00665
 0.84080     0.00597
 0.85507     0.00530
 0.86925     0.00465
 0.88334     0.00400
 0.89747     0.00337
 0.91160     0.00275
 0.92534     0.00217
 0.93891     0.00163
 0.95284     0.00114
 0.96581     0.00074
 0.97701     0.00045
 0.98662     0.00023
 0.99499     0.00007
 1.00000    -0.00002
 
 0.00000    -0.00022
 0.00058    -0.00119
 0.00226    -0.00227
 0.00595    -0.00363
 0.01433    -0.00523
 0.02789    -0.00684
 0.04133    -0.00817
 0.05529    -0.00940
 0.06945    -0.01046
 0.08367    -0.01143
 0.09787    -0.01232
 0.11213    -0.01313
 0.12642    -0.01387
 0.14071    -0.01454
 0.15499    -0.01517
 0.16927    -0.01575
 0.18354    -0.01629
 0.19782    -0.01678
 0.21211    -0.01724
 0.22640    -0.01765
 0.24069    -0.01803
 0.25498    -0.01837
 0.26927    -0.01868
 0.28356    -0.01895
 0.29786    -0.01920
 0.31215    -0.01941
 0.32645    -0.01958
 0.34074    -0.01973
 0.35504    -0.01985
 0.36934    -0.01994
 0.38363    -0.01999
 0.39793    -0.02001
 0.41222    -0.02000
 0.42652    -0.01995
 0.44081    -0.01986
 0.45510    -0.01974
 0.46940    -0.01958
 0.48369    -0.01938
 0.49798    -0.01914
 0.51227    -0.01886
 0.52655    -0.01854
 0.54085    -0.01818
 0.55514    -0.01780
 0.56943    -0.01738
 0.58372    -0.01694
 0.59802    -0.01647
 0.61231    -0.01598
 0.62660    -0.01546
 0.64089    -0.01493
 0.65519    -0.01437
 0.66948    -0.01380
 0.68377    -0.01321
 0.69806    -0.01260
 0.71235    -0.01198
 0.72665    -0.01135
 0.74095    -0.01070
 0.75524    -0.01005
 0.76953    -0.00939
 0.78381    -0.00872
 0.79809    -0.00804
 0.81237    -0.00736
 0.82663    -0.00668
 0.84087    -0.00601
 0.85514    -0.00534
 0.86932    -0.00468
 0.88341    -0.00403
 0.89754    -0.00340
 0.91167    -0.00278
 0.92539    -0.00220
 0.93897    -0.00167
 0.95290    -0.00117
 0.96585    -0.00078
 0.97702    -0.00048
 0.98663    -0.00027
 0.99499    -0.00010
 1.00000    -0.00002