DAE-31 AIRFOIL - SELIG FORMAT
  1.000000  0.000000
  0.983668  0.003671
  0.964827  0.008201
  0.942291  0.013912
  0.915126  0.021159
  0.884736  0.029709
  0.854399  0.038604
  0.823940  0.047786
  0.793315  0.057093
  0.763367  0.066006
  0.734004  0.074311
  0.704962  0.081895
  0.676001  0.088768
  0.647011  0.094941
  0.617928  0.100401
  0.588703  0.105160
  0.559312  0.109231
  0.529756  0.112635
  0.500066  0.115391
  0.470290  0.117503
  0.440497  0.118977
  0.410756  0.119789
  0.381094  0.119913
  0.351543  0.119338
  0.322160  0.118043
  0.292998  0.115995
  0.264104  0.113161
  0.235555  0.109523
  0.207470  0.105048
  0.179977  0.099686
  0.153243  0.093419
  0.127512  0.086226
  0.103091  0.078094
  0.080347  0.069052
  0.059720  0.059211
  0.041683  0.048725
  0.026696  0.037953
  0.015152  0.027489
  0.007253  0.018112
  0.002571  0.010248
  0.000348  0.004056
  0.000000  0.000000
  0.000181 -0.003248
  0.001170 -0.007126
  0.002963 -0.010057
  0.005691 -0.012333
  0.009987 -0.014053
  0.017246 -0.015293
  0.029729 -0.015984
  0.049021 -0.015633
  0.074284 -0.014184
  0.102955 -0.011938
  0.133312 -0.009221
  0.164507 -0.006294
  0.196170 -0.003298
  0.228112 -0.000326
  0.260161  0.002560
  0.292117  0.005320
  0.323984  0.007931
  0.355776  0.010371
  0.387493  0.012628
  0.419134  0.014670
  0.450705  0.016475
  0.482204  0.018028
  0.513628  0.019295
  0.545006  0.020248
  0.576361  0.020893
  0.607682  0.021236
  0.638964  0.021262
  0.670221  0.020973
  0.701462  0.020375
  0.732679  0.019488
  0.763848  0.018312
  0.794967  0.016826
  0.826064  0.015034
  0.857225  0.012932
  0.888809  0.010511
  0.919280  0.007921
  0.945601  0.005503
  0.967069  0.003414
  0.984881  0.001583
  1.000000  0.000000
