Airfoil Transition 2
 61. 61.

 0.000000 -0.000820
 0.000459 -0.000020
 0.000904 0.001541
 0.001873 0.004387
 0.005416 0.008701
 0.010654 0.013363
 0.018676 0.019442
 0.028762 0.025410
 0.040402 0.030837
 0.053185 0.035918
 0.071215 0.042115
 0.090941 0.047684
 0.111669 0.052726
 0.133389 0.057307
 0.156730 0.061298
 0.180982 0.064792
 0.206079 0.067835
 0.232376 0.070362
 0.259541 0.072463
 0.287348 0.074228
 0.315935 0.075626
 0.345233 0.076614
 0.374934 0.077275
 0.405038 0.077558
 0.435555 0.077349
 0.466207 0.076800
 0.496967 0.075919
 0.527728 0.074586
 0.558346 0.072923
 0.588796 0.070971
 0.618876 0.068653
 0.648470 0.066011
 0.677632 0.063109
 0.706177 0.059936
 0.733803 0.056478
 0.760746 0.052844
 0.786941 0.049040
 0.811730 0.045030
 0.835625 0.040914
 0.858606 0.036699
 0.879981 0.032394
 0.900132 0.028055
 0.919197 0.023688
 0.936654 0.019307
 0.952586 0.014899
 0.967463 0.010524
 0.980029 0.006519
 0.987944 0.003847
 0.994619 0.001726
 1.000000 0.000200

 0.000000 -0.000820
 0.002250 -0.003144
 0.004941 -0.004317
 0.009592 -0.005355
 0.015803 -0.006694
 0.023715 -0.007474
 0.034489 -0.008085
 0.046777 -0.008139
 0.060584 -0.007737
 0.074990 -0.007039
 0.095236 -0.006125
 0.115834 -0.004984
 0.138077 -0.003524
 0.160825 -0.001901
 0.184770 -0.000091
 0.209444 0.001812
 0.234906 0.003783
 0.261240 0.005748
 0.288009 0.007714
 0.315692 0.009572
 0.343565 0.011397
 0.372233 0.013008
 0.401026 0.014558
 0.430253 0.015906
 0.459592 0.017123
 0.489095 0.018150
 0.518584 0.018973
 0.548064 0.019656
 0.577299 0.020041
 0.606464 0.020341
 0.635034 0.020283
 0.663448 0.020157
 0.691099 0.019715
 0.718357 0.019160
 0.744829 0.018380
 0.770550 0.017436
 0.795575 0.016340
 0.819405 0.015068
 0.842733 0.013722
 0.864346 0.012196
 0.885586 0.010638
 0.904847 0.008954
 0.923477 0.007259
 0.940306 0.005531
 0.955960 0.003926
 0.970144 0.002473
 0.981625 0.001372
 0.989163 0.000390
 0.994798 0.000025
 1.000000 -0.000200
