Airfoil Transition 1
 61. 61.

0.00000000e+00  -0.00041   
6.25806097e-04   0.00115513
1.03334455e-03   0.00292146
2.38911299e-03   0.00597998
6.37822550e-03   0.01096712
1.14886299e-02   0.01591858
2.09329821e-02   0.0238314 
3.21224224e-02   0.0310485 
4.41301474e-02   0.03711724
5.66053030e-02   0.04240135
7.81533732e-02   0.05020142
9.99725658e-02   0.05673009
1.22642487e-01   0.06241598
1.45865931e-01   0.06728793
1.69675310e-01   0.07143352
1.94034880e-01   0.0748375 
2.18913401e-01   0.07753863
2.44274852e-01   0.07964692
2.70075313e-01   0.0812823 
2.96273783e-01   0.08255289
3.22828759e-01   0.08351569
3.49692966e-01   0.08415303
3.76815292e-01   0.08443398
4.04144300e-01   0.08433238
4.31629238e-01   0.08384473
4.59216091e-01   0.08297935
4.86852193e-01   0.08175732
5.14485683e-01   0.08021069
5.42059771e-01   0.07834935
5.69520380e-01   0.0761826 
5.96816284e-01   0.07372106
6.23896354e-01   0.07096437
6.50708970e-01   0.06793031
6.77203362e-01   0.06464248
7.03330810e-01   0.06111512
7.29043605e-01   0.05738052
7.54296619e-01   0.05346582
7.79048202e-01   0.04937827
8.03259432e-01   0.04513746
8.26891710e-01   0.04075721
8.49908716e-01   0.03624828
8.72281612e-01   0.03163901
8.93977228e-01   0.02694066
9.14947352e-01   0.0221575 
9.35261599e-01   0.01726667
9.54967921e-01   0.01229061
9.72253708e-01   0.00774693
9.81770219e-01   0.00506942
9.91408226e-01   0.00251656
1.00000000e+00   0.00039933

0.           -0.00041   
0.00120341   -0.00420036
0.00306465   -0.00548848
0.00609985   -0.00744497
0.01154907   -0.01035774
0.01800968   -0.01244303
0.02873643   -0.01470629
0.04110192   -0.01595962
0.05417183   -0.01680226
0.06759758   -0.01710057
0.08998508   -0.01746333
0.11252459   -0.01734595
0.13579293   -0.01687441
0.15949444   -0.01608713
0.18366499   -0.01505413
0.20826903   -0.01383884
0.23327651   -0.01249984
0.25865615   -0.01109056
0.28437322   -0.00965886
0.31039124   -0.00824707
0.33667364   -0.00689571
0.36318294   -0.00561678
0.38987857   -0.00440978
0.41671886   -0.00327479
0.44366134   -0.00222201
0.47066189   -0.00125865
0.49767446   -0.00038677
0.52465438    0.00038789
0.55155785    0.00105507
0.57833851    0.00161576
0.60494985    0.00207498
0.63134991    0.00243144
0.65749717    0.00268449
0.68334793    0.00284168
0.7088594     0.00290864
0.73399081    0.00288387
0.75870311    0.00277581
0.78295878    0.00259664
0.80672074    0.00235484
0.82995345    0.0020553 
0.85262845    0.00170862
0.87471455    0.00132698
0.8961681     0.00091436
0.91692281    0.00049133
0.93700174    0.00011342
0.95639105   -0.00016145
0.97325764   -0.00034086
0.98230296   -0.00058958
0.99155266   -0.00060066
1.           -0.00039933