Airfoil Transition 1 between Clark_y.txt and E63.txt
 61. 61.

0.0 -0.00041
0.0006258060969296885 0.001155131348969324
0.0010333445462750398 0.0029214569119531074
0.0023891129947937804 0.005979981210001954
0.0063782255032844995 0.010967119592765449
0.01148862993561128 0.015918575444807386
0.020932982115795314 0.023831397872947198
0.03212242236869531 0.0310485029775829
0.0441301474042336 0.03711724236613887
0.05660530301124411 0.042401348884712614
0.07815337323853716 0.05020141729299135
0.09997256580755072 0.05673009485835369
0.12264248725423472 0.06241597637104842
0.14586593080879168 0.0672879309493446
0.16967531026095775 0.07143352001736718
0.1940348803690683 0.07483750255861965
0.21891340098211987 0.07753863431546326
0.24427485198917703 0.07964692073912095
0.2700753129336637 0.08128229584757717
0.29627378298756557 0.08255289486056691
0.32282875935744043 0.08351568756401376
0.34969296570081404 0.08415302675254807
0.3768152923677993 0.08443397693673776
0.4041442998773236 0.08433237904233983
0.43162923802702174 0.08384473348618726
0.45921609081673254 0.08297935074723935
0.4868521929495891 0.08175732281878534
0.5144856829325889 0.08021069197244657
0.542059770518508 0.07834934739975473
0.5695203800378058 0.07618260345992736
0.5968162844284556 0.07372105608161493
0.6238963538686586 0.07096436501092836
0.6507089703535396 0.06793030600179534
0.6772033624097191 0.06464247545467883
0.703330810209409 0.06111512413200634
0.729043604515944 0.057380523768739006
0.7542966188362384 0.053465818784122085
0.7790482020742341 0.049378268708166306
0.8032594318209233 0.045137456193211134
0.8268917095674149 0.04075721118108271
0.8499087162231407 0.03624827842473543
0.8722816115035327 0.03163901353506581
0.8939772278401178 0.026940655819973947
0.9149473515675892 0.02215749837388536
0.93526159887706 0.017266668166453225
0.9549679210212746 0.012290605584394574
0.9722537078425362 0.007746930890588101
0.9817702187551455 0.0050694222406991755
0.9914082262594109 0.002516561733113797
1.0 0.00039933333333333335

0.0 -0.00041
0.0012034134764724966 -0.004200357258618933
0.003064649052009731 -0.005488475160577639
0.006099852223786702 -0.00744497046517467
0.01154907250725115 -0.01035774346147757
0.018009676079944234 -0.012443025181397947
0.028736432149490447 -0.014706287355509731
0.041101917757177954 -0.015959624278606567
0.05417182821880153 -0.016802257583624473
0.06759758089306872 -0.01710057030870387
0.08998508019247459 -0.017463329032203254
0.1125245931815257 -0.01734594791357074
0.1357929306135279 -0.01687440836015201
0.15949443674412297 -0.016087126780003874
0.18366499478177828 -0.015054130346955292
0.20826902947840892 -0.013838836123154032
0.23327651291210802 -0.012499837160873297
0.2586561462715306 -0.011090559319069437
0.2843732153413059 -0.009658859952579313
0.31039123758195586 -0.008247065575523259
0.3366736355754126 -0.006895713259442864
0.3631829427523794 -0.0056167767188314704
0.38987856955254363 -0.004409775481864359
0.4167188599386917 -0.0032747856331150904
0.4436613438419578 -0.002222009044679136
0.4706618871011265 -0.00125865311534425
0.4976744562880269 -0.0003867748824070566
0.5246543818682187 0.00038789149393268427
0.5515578453950652 0.0010550678669264332
0.5783385093144885 0.001615760026754308
0.6049498460743794 0.002074983767216102
0.6313499068770241 0.002431442201367092
0.6574971711304276 0.0026844909282859424
0.6833479337587202 0.002841677869568836
0.7088594001384116 0.002908638727173193
0.7339908052881359 0.0028838709995737642
0.75870310643572 0.002775808560369195
0.7829587801744456 0.00259663758482254
0.8067207429026987 0.0023548448064921006
0.8299534515296138 0.0020552989156452824
0.8526284461378449 0.001708621474799707
0.8747145468814019 0.0013269755548658401
0.8961680952170251 0.0009143554773901547
0.9169228103806011 0.0004913332809055931
0.9370017380451254 0.00011341700652931679
0.9563910549616279 -0.00016144847704611465
0.9732576389797861 -0.00034086498177666904
0.9823029612519154 -0.0005895776331160116
0.9915526644918704 -0.0006006645997105569
1.0 -0.00039933333333333335
