Airfoil Transition 2 between Clark_y.txt and E63.txt
 61. 61.

0.0 -0.00082
0.0006618401905067537 -0.0003483181868544319
0.000686237467774914 0.0012852798374433415
0.0016680550431353758 0.0042778398082617825
0.005153144537702959 0.008647024005099169
0.010238930585453184 0.013248687003728958
0.01846077677603085 0.019480458968575927
0.028573824983999234 0.0254474461783648
0.040118180996516026 0.030879816487096645
0.05290095313687887 0.03591929266019363
0.07120535981331984 0.04218017368426559
0.0906160905946668 0.04773959285813495
0.11139736548966844 0.052788781553289504
0.13336514818072423 0.057318706957295226
0.15649368065141578 0.06135105264419513
0.18072273767840788 0.06486933299490627
0.20599008546794217 0.0678771485854462
0.23222317121719718 0.0704119339961892
0.2593342992395952 0.07253083872216273
0.287241443633766 0.07427529156790205
0.3158616003181051 0.07566337069595014
0.34510021712070366 0.07669107552117196
0.3748550745312801 0.07733362832733119
0.40502329363208434 0.0775752029292623
0.4355033740132703 0.07742434751636869
0.46618728367427265 0.07687290586988293
0.4969696920216281 0.07593402197126206
0.5277468760692595 0.0746410051244074
0.5584052553227308 0.07299291714646093
0.5888366784429556 0.07100385013181082
0.6189386913059014 0.06869511708727978
0.6486090342679199 0.06606504396862801
0.6777444713191113 0.06314281081214042
0.7062434595151188 0.0599592872038704
0.734008559185977 0.056520634966080896
0.7609443519091438 0.05287034029296647
0.7869605846740226 0.04904416215286028
0.8119739541722835 0.0450515155359766
0.8359066245615502 0.04092894376991136
0.8586813581619681 0.0367027761899473
0.8802256054724514 0.0323926672877716
0.9004820583493977 0.028047731400694293
0.9193793568873221 0.02368908592607743
0.9368497313509596 0.01931061699443361
0.9529370734435271 0.014882995200492228
0.9677381021067959 0.01045865727871335
0.9804046289267611 0.006424386731088767
0.9882322648397839 0.0037006690652119307
0.9950203398283113 0.0015422654911687488
1.0 0.00019966666666666668

0.0 -0.00082
0.00181705494959237 -0.0033296417856501113
0.004748846479244296 -0.004319541645100561
0.00908953350112122 -0.00540844079777646
0.015494838545636259 -0.0067733836413159205
0.02328102287411909 -0.0075397838607937535
0.034067676843421116 -0.008206472270591613
0.04653281576096452 -0.008191610960060342
0.060201542625651874 -0.007821370358700758
0.07488550890052809 -0.007048365257168666
0.09486877372119469 -0.006193127330611746
0.11572014534261675 -0.005003276644018645
0.13769825220825482 -0.003562813978700192
0.16062216005138688 -0.0019116859384296324
0.18447304969305678 -0.00010414822942696189
0.20919103589708912 0.0018111998299462882
0.2347163093279185 0.0037850779195625697
0.2609857597819043 0.005767994252318623
0.2879301040548797 0.0077212928051049665
0.3154763528225467 0.009612840617001912
0.3435513527540495 0.011401802203228166
0.3720801712238344 0.013061691911878413
0.40098162890076877 0.014585872668673415
0.43017241375482046 0.015965450053098577
0.45956758564314243 0.017176158796546315
0.48907887624306057 0.018203209220195856
0.5186142186985037 0.019045669774246796
0.548084273940519 0.01969267912851031
0.5774014050758454 0.02012603469433146
0.606472936996321 0.0203479659422045
0.6352058145977489 0.020367710839154268
0.6635161402846507 0.020181844470229134
0.6913208728728872 0.019789192462857177
0.7185326022131209 0.019204465584986473
0.7450657390439822 0.018438144671024073
0.7708387534535275 0.017489652862162988
0.7957735598729858 0.016373668499296116
0.8197951103727065 0.015116315620714657
0.8428292467251008 0.013733228234818332
0.8648048420863659 0.012234549893029831
0.88566506530186 0.010642232487612875
0.9053479291051362 0.008979124284252377
0.9237610916411368 0.007254593880597946
0.9408006489769833 0.0055099501989335645
0.9564173517796581 0.0038525063781433256
0.9705843699875024 0.002399385993353062
0.9824124912012611 0.0012355856711804304
0.9892977498333237 0.00032704954815929274
0.9953092162932302 -0.00015341013974953398
1.0 -0.00019966666666666668
