alpha CL CD CDp Cm
-12.0 -0.9471756360238863 0.010920812662718882 0.004309855146760241 -0.08345093855947511
-11.75 -0.9209188782218576 0.010616447227489174 0.004062414710513978 -0.0832640583227534
-11.5 -0.8946621204198288 0.010312081792259467 0.0038149742742677167 -0.08307717808603167
-11.25 -0.8684053626178001 0.010007716357029756 0.0035675338380214538 -0.08289029784930994
-11.0 -0.8408274459400531 0.009875233899882162 0.0034556771135613304 -0.08280982955107404
-10.75 -0.8139427843938867 0.009648499131609948 0.0032697132044116886 -0.08267437480642252
-10.5 -0.7869308006653102 0.009439527814372314 0.003099006244493682 -0.08254972034491237
-10.25 -0.7597303391538387 0.00924853548709252 0.0029458821963023163 -0.08244667994199954
-10.0 -0.732328195361467 0.009078546923020318 0.002810125624970806 -0.08236616220622062
-9.75 -0.7048695812814365 0.008914430308914971 0.002677530697905004 -0.08229077791393948
-9.5 -0.6773323384022728 0.008754966927149135 0.0025489891980870756 -0.0822247479757091
-9.0 -0.6220419733630185 0.008457516138606937 0.002311068544000376 -0.08211962733591002
-8.75 -0.5942339124893399 0.008320171069272539 0.0022010723222404237 -0.08208766460442438
-8.5 -0.5663547470571234 0.008190553827443674 0.0020964188559997924 -0.08206362202764399
-8.25 -0.5384240824709277 0.008063261497593992 0.0019927769388375354 -0.08204534626370076
-8.0 -0.5105107724209512 0.007936122594831932 0.0018854654707706425 -0.08201975459179267
-7.75 -0.48256061780693515 0.007810560109609671 0.0017777926108675916 -0.08199602916845752
-7.5 -0.45459661864266554 0.007689089560206439 0.0016721227429144568 -0.08197151525914777
-7.25 -0.42662939198009925 0.007573783801428898 0.0015697929275927574 -0.08194435525306402
-7.0 -0.398624025806137 0.007461648997194113 0.0014707418394222995 -0.08192166856353897
-6.75 -0.37061716165270014 0.0073565549882058275 0.0013758213772415361 -0.08189682228336198
-6.5 -0.3425640976240131 0.007255186745335288 0.0012849751413138769 -0.08187822169216448
-6.25 -0.3144728702258497 0.0071613586776800835 0.0012000712555616771 -0.08186431240792685
-6.0 -0.28633301604397793 0.007076918721266128 0.0011227860173844589 -0.08185738802607621
-5.75 -0.2581637473577416 0.0070009819512161075 0.0010516430281570024 -0.08185457414660978
-5.5 -0.22998153614209982 0.006933765176333915 0.0009858990876190192 -0.08185324409183732
-5.25 -0.20181255693843753 0.006876515501093097 0.000925094657931003 -0.08184899341867685
-5.0 -0.17367134889266977 0.00682962377816106 0.0008688637191995491 -0.08183938977140959
-4.75 -0.1455394240331973 0.006790753399200191 0.0008167290344571463 -0.08182803592179443
-4.5 -0.11741164324065684 0.006758657511625512 0.0007682472042486418 -0.08181595624458965
-4.25 -0.08924544634085951 0.006728963622738123 0.000722648722298168 -0.08181079832928903
-4.0 -0.06109077869314394 0.006701520046226231 0.0006780642348022929 -0.0818033680106712
-3.75 -0.032946050264363425 0.006677293817109839 0.0006355417732801465 -0.08179427244908026
-3.5 -0.0047723417326526185 0.006653225625343076 0.0005953011337919649 -0.0817908375687012
-3.25 0.023422976256014805 0.006630395642642962 0.0005579414527518332 -0.08179226623360117
-3.0 0.05165871722652626 0.006607851098688019 0.0005232934561055694 -0.08180182430193425
-2.75 0.07991648638145382 0.006587923331851692 0.0004918094122798656 -0.08181645024272047
-2.5 0.10815243982976147 0.006574892291564457 0.0004643245927424983 -0.08182882030525986
-2.25 0.13635855260565988 0.006569489412026279 0.00044087317202271876 -0.08183763830356552
-2.0 0.16453593461110366 0.006573275577284658 0.0004226044306468574 -0.08184374055082372
-1.75 0.19260990547502987 0.0065916203459655135 0.00041035282929280414 -0.08183455283854525
-1.5 0.2205724167905791 0.006623651412455988 0.00040344451715138626 -0.08180830577928795
-1.25 0.24845442634713177 0.006665028073823881 0.000400929273454383 -0.08177052341300214
-1.0 0.27629142482822483 0.0067106417576823455 0.0004014656240920802 -0.0817274108180523
-0.75 0.3040930291099454 0.0067466261344015805 0.0004020471584612631 -0.08168226835686215
-0.5 0.3319114283433757 0.006776597349180946 0.000404236676047136 -0.08164337875705081
-0.25 0.35976988060787346 0.006799076041317389 0.000407399167757206 -0.08161461757363793
0.0 0.38764489309431743 0.006818698552956364 0.0004123726984938235 -0.08159175850369799
0.25 0.4156046867815354 0.0068258372513822566 0.00041693917861322557 -0.08158715044420276
0.5 0.4436113711360916 0.006819682379814262 0.0004217094674667378 -0.0815961945865598
0.75 0.47161731858860056 0.0068038221188903205 0.0004281926356965777 -0.0816118158849455
1.0 0.49963086489788266 0.006782620753316729 0.00043689056351762693 -0.08163443011675585
1.25 0.5275785913019769 0.00677239205959559 0.0004510146359465563 -0.08165045201433704
1.5 0.5554614821889309 0.006769266002060252 0.0004691625728065347 -0.08166022598140811
1.75 0.583262458664077 0.006776465242149784 0.0004918118515417542 -0.08166026046930934
2.0 0.6110644046542855 0.006774104662758732 0.0005161207666651989 -0.08166808256164444
2.25 0.6387176928840798 0.006756735434585619 0.0005454329318831861 -0.08166568777105317
2.5 0.6662437460232906 0.006744327287144525 0.0005802435540158313 -0.08164872641478743
2.75 0.6936354346551843 0.006719306518963346 0.0006196523283051221 -0.08161958549750749
3.0 0.7209405231543804 0.006702168038800272 0.0006631049837744434 -0.08157805332157896
3.25 0.7482364327171044 0.00668241111947608 0.0007078349613776646 -0.08153649682866733
3.5 0.7751410000435845 0.006704177949154981 0.000767865748920992 -0.08142633164540172
3.75 0.8018476781253878 0.006728229753821257 0.0008344958219376696 -0.0812826272106997
4.0 0.8279669295973228 0.006770042432109473 0.0009168621748997373 -0.08102487697493509
4.5 0.8791219625941411 0.006906639871237389 0.0010996732386252756 -0.08024086841188237
4.75 0.9055903772583882 0.007056045746455368 0.0012244453747213351 -0.08007967335822877
5.0 0.932218112756028 0.007233687894397132 0.0013498302713463894 -0.079956681538001
5.25 0.9586175978988691 0.007421333703289967 0.001471688860077287 -0.07978209656201463
5.5 0.984776724529127 0.007626058810064968 0.0015939541243686318 -0.07955889529963146
5.75 1.010929092593151 0.007834874984003048 0.0017120349333290944 -0.07933137141603838
6.0 1.0369170993565135 0.008061706249033462 0.001830746872299446 -0.07907590631798536
6.25 1.0630084269366402 0.008295863798504022 0.0019432427453849703 -0.07884691663940557
6.5 1.0882641333283534 0.008623006246692155 0.0020981487578104144 -0.07850616535042322
6.75 1.1128899132770993 0.008927121495282525 0.002241377364520185 -0.07801274502686609
7.0 1.1373830141583732 0.0092192805474806 0.002378787616560047 -0.07749019281513701
7.5 1.1858610616628 0.009845784108199104 0.0026771794184363763 -0.07638134295303431
7.75 1.210166384008145 0.010145382183484668 0.002819726506623268 -0.07585338644960171
8.0 1.234435026745561 0.010441928820678532 0.002961120659209453 -0.07532833118060224
8.25 1.2586756788256088 0.01073337900916337 0.0031003105841428237 -0.07480757036406377
8.5 1.2828022265445325 0.011025287437333397 0.0032396275148065183 -0.0742764530276497
8.75 1.3071129845935259 0.011288926837011383 0.003363260620909762 -0.07378850483671402
9.0 1.331301714738382 0.011550584614733054 0.0034856251908293 -0.07328990906183935
9.25 1.3552542402598924 0.011818483293247955 0.003610879295876712 -0.0727607427499085
9.5 1.3789344562704178 0.012093892598355789 0.003739417429840892 -0.07219495836684195
9.75 1.4023034262391256 0.012377974868097014 0.0038717126299808303 -0.07158638799562678
10.0 1.4252945840384559 0.012674070096165268 0.0040088607843574795 -0.07092347923695054
10.25 1.4478947269455875 0.012981028372804048 0.004150012551196074 -0.07020392264784185
10.5 1.470013183963438 0.013294522118123858 0.004292880470573355 -0.06940814497075959
10.75 1.4914441726751115 0.013615465372208499 0.00443743951259262 -0.06849520338288827
11.0 1.5121354354777008 0.013948085196922165 0.0045856184615129265 -0.06746072312545544
11.25 1.5321027677571946 0.014294874565511732 0.004738844633772037 -0.06631507858041545
11.5 1.551364956562976 0.014658158934594509 0.004898514168441798 -0.0650692544369167
11.75 1.5699292668212101 0.015041283746379483 0.005066716029333337 -0.06373332558921835
12.0 1.5878319702744252 0.015446865995652754 0.005245109452143056 -0.0623213139533859
12.25 1.6050343846778041 0.01588046946158647 0.005437095205819587 -0.06083691315775225
12.5 1.6216578134580466 0.01634541874100695 0.005644683355833817 -0.05930984845646402
12.75 1.6377223997302828 0.016846339182147167 0.005870849852531342 -0.0577565576235035
13.0 1.6532861832762926 0.01738646264639803 0.006117922515374085 -0.05619389258160726
13.25 1.66842383432664 0.0179617446708704 0.006384563058085014 -0.054635896486725746
13.5 1.6830782979364098 0.018577407767744115 0.006674393005495162 -0.053081944182337304
13.75 1.6973179009868775 0.019234666693860054 0.006988578424515101 -0.05154666804148138
14.0 1.7110997150427423 0.01993731954762108 0.00732976980015386 -0.05002947557161343
14.25 1.724349950640272 0.02069181686798128 0.007702398813077837 -0.04852909270396766
14.5 1.7381830077704121 0.021383188989526847 0.008036046790154745 -0.04700493625889873
14.75 1.750515708945278 0.022237427802504553 0.008469953646903308 -0.04555908450252662
15.0 1.7628484101201445 0.02309166661548226 0.008903860503651866 -0.04411323274615449
