alpha CL CD CDp Cm
-12.0 -0.39737783460637094 0.12647257128358128 0.11702320576039664 -0.029841550863052402
-11.75 -0.3978858809089941 0.1219269696047092 0.11223961230563319 -0.031746849246203954
-11.25 -0.39890197351424045 0.11283576624696506 0.10267242539610631 -0.03555744601250707
-11.0 -0.39941001981686364 0.10829016456809298 0.09788883194134286 -0.03746274439565862
-10.5 -0.40770278143231264 0.09903756215789779 0.0887827803716526 -0.0414220231453796
-10.25 -0.4111225010858003 0.09472533176391516 0.0844851192510133 -0.04306535514018599
-10.0 -0.4170572174549105 0.09035094424425819 0.08015274868495273 -0.04457749885573574
-9.75 -0.4280119506780395 0.08589344501790737 0.07577003375540739 -0.04575003038504068
-9.5 -0.44653831388821885 0.077544734246804 0.06738556110856644 -0.051346480506109016
-9.25 -0.4607836127888939 0.06968210207181638 0.05950267654623462 -0.0567134345013274
-9.0 -0.4714340007347698 0.06184715706661331 0.051566957614386455 -0.06210079083701245
-8.75 -0.4775080675276214 0.054324481838918415 0.043884286137004125 -0.06725584656837277
-8.5 -0.47905624709332795 0.047373014049836765 0.03673056410894471 -0.07189315351766559
-8.25 -0.4748585403614376 0.04109375151304087 0.03019890443134285 -0.07617351615063131
-8.0 -0.46462281205907235 0.03551282805453501 0.024346864145511987 -0.08011933750596459
-7.75 -0.44883161820386364 0.030600892191972498 0.01922273382415371 -0.08358210297396301
-7.5 -0.4255399661944479 0.028054740362096056 0.016567059904692732 -0.08470757156764944
-7.25 -0.40016271193264474 0.02590524378790044 0.01434704803372032 -0.08566386366521968
-7.0 -0.3743349295846303 0.0241845021937219 0.012598995585080514 -0.0862179289045556
-6.75 -0.34757735227364533 0.022780300180400094 0.011205903740797322 -0.0866387033437193
-6.5 -0.3198147230050488 0.02158405082675976 0.01004938799207318 -0.08707400783119137
-6.25 -0.2924152949062229 0.020543680584857414 0.009077512577334326 -0.08730728319080314
-6.0 -0.26482942936238757 0.019614910450558673 0.008231372825985265 -0.08747162922526006
-5.75 -0.23693345762464613 0.018804178151956657 0.0074846699075052335 -0.08761046893105105
-5.5 -0.20928899366260717 0.018077341589376725 0.0068113097093091945 -0.08763376116199942
-5.25 -0.1822267749303147 0.017419740933890277 0.006236058724837795 -0.08750266283658888
-5.0 -0.1546984885840424 0.016800196645748035 0.005696537154995483 -0.08744088321108505
-4.75 -0.1273945031456975 0.016234219811159505 0.005208558820014334 -0.08731602123252966
-4.25 -0.07326059931340956 0.01519194757726268 0.004333888735672101 -0.08692199003008284
-4.0 -0.04605171822569515 0.014741974375453607 0.003966808512583425 -0.08673048466353124
-3.75 -0.01906073282694154 0.014332119777913752 0.0036435762222747636 -0.08649028425502951
-3.5 0.008044522631724726 0.013951797035583795 0.003347807687714883 -0.08625247310181615
-3.25 0.03503283298130083 0.013600871636583607 0.0030846877425078187 -0.08598662015050094
-3.0 0.06204530387551899 0.013291808450576679 0.0028577627980911767 -0.08571124916471294
-2.75 0.08889473318320035 0.012994256429419742 0.0026546212126229802 -0.08540994281009426
-2.5 0.11563615361976931 0.01270276494734953 0.002476904881051765 -0.08510120787833338
-2.25 0.14230179590609243 0.012416162806491602 0.0023217517420609096 -0.08478667194703231
-2.0 0.1687679281368961 0.012147525869625277 0.0021926817429829227 -0.08444186553080676
-1.75 0.1951183195454437 0.011884772681958127 0.0020793157134813326 -0.08407972706361441
-1.5 0.22044995201622217 0.011570516158849846 0.0020065523921004077 -0.08352940897189023
-1.25 0.24519629441672935 0.011237873558604151 0.001955629739748911 -0.08277493428628305
-1.0 0.27089100985392983 0.010927953754980168 0.0019327141143698082 -0.08211373211165512
-0.5 0.32586557524992876 0.010348067292140333 0.0019136654813585153 -0.08148141569829057
-0.25 0.35887617463329013 0.010146621868672398 0.0019067600223805364 -0.08227282715788825
0.0 0.39214548285791745 0.009991264089762876 0.0018961832206259785 -0.08316613605867443
0.25 0.4242669865529695 0.009878193860453908 0.0018811572058859314 -0.08383967870872162
0.5 0.455472338452908 0.009806094670372707 0.001868207428015383 -0.08434196453731417
0.75 0.4866766555328013 0.009809098440145846 0.0018531672939848026 -0.08483565460170503
1.0 0.5173919103998195 0.009866962017516552 0.0018292784928616824 -0.08528757297146025
1.25 0.5467595590404358 0.0099547329354835 0.0017950066288731482 -0.08553596797797082
1.5 0.5737334758841963 0.01005530695187877 0.00176550638145374 -0.08532023756358303
1.75 0.5987331624006872 0.010168017316411159 0.001743405555525546 -0.08469277887648878
2.0 0.6229254625690797 0.010293335650122396 0.0017280787126736808 -0.0838918739977863
2.25 0.6470314497212037 0.010430959828663182 0.0017195955258696625 -0.08307711145456069
2.5 0.6710452519438621 0.010583145961170413 0.001716429253095405 -0.08224811100827763
2.75 0.6949553867955414 0.01075053602646132 0.0017201669206547171 -0.08140674518795987
3.0 0.7187761021700165 0.010932970522566941 0.0017325971588619195 -0.08055939000467316
3.25 0.7424885884037729 0.011131222867522038 0.0017544641908484582 -0.07970486734729816
3.5 0.7660446013603324 0.011347896807512631 0.00178465918421123 -0.07883466605349103
3.75 0.7894305193867428 0.011583490369497292 0.0018242282182685402 -0.0779487884025149
4.0 0.8126687740395111 0.011837121331240244 0.0018743919429949805 -0.0770534829003373
4.25 0.835759815736555 0.012108849605444682 0.0019357856824007704 -0.07615072162447341
4.5 0.8586615719692079 0.012400331835939136 0.002008328616876624 -0.07523481052106734
4.75 0.8813631517780938 0.012711577306922042 0.002091863667396179 -0.07430501616495408
5.0 0.9038672613834741 0.013041494003826822 0.002185883285993421 -0.07336221756084063
5.25 0.9262090186595051 0.013387722101479605 0.002289990756430492 -0.07241229281833594
5.5 0.9485242334104034 0.0137421275176061 0.0024035242041766484 -0.07147623577373753
5.75 0.9709250444982078 0.014097872568996719 0.002525471406983675 -0.07056988286805763
6.0 0.9933029283030637 0.014458574397542579 0.0026544905035821597 -0.06967499835458547
6.25 1.0157282882104028 0.014818566779535372 0.002789320550514076 -0.06880092460679293
6.5 1.038150047914355 0.015178986087790704 0.002929211594334582 -0.06793860184388709
6.75 1.0606039364020616 0.015536827210160517 0.0030734591386357844 -0.06709170802249043
7.0 1.082986091408431 0.01589401145148227 0.0032204607024224965 -0.06624314747361745
7.25 1.105262984938842 0.01625023227929283 0.003369118413349034 -0.06538690550087327
7.5 1.1271223053471457 0.01661706237503776 0.0035174910453662648 -0.06447699234698871
7.75 1.1483872503593497 0.01700194462403119 0.003665524096147176 -0.06348953670071703
8.0 1.168811363451925 0.017418770285941066 0.0038181320463200287 -0.06239323162816648
8.25 1.1879920875469567 0.017886526395418798 0.0039851351630668976 -0.06112952846122492
8.5 1.2057415183055746 0.01841607782954375 0.004179511243251922 -0.05967339332149558
8.75 1.2219993688190485 0.019021635157348275 0.004414935254366309 -0.05803396603232993
9.0 1.236984648072639 0.019698943626853625 0.004695408353528697 -0.05625623048200823
9.25 1.2509928062166797 0.020434828178298482 0.005017154190815794 -0.05438885806975029
9.5 1.2641585853572088 0.021227689520767846 0.005383490321180656 -0.052464005000066
9.75 1.2765334879120578 0.02207922037874734 0.005797200883342901 -0.05050276825154468
10.0 1.288455662898199 0.0229724020653921 0.006251470196133169 -0.0485558549759432
10.25 1.2997863223998738 0.02392503075269601 0.006756404118618714 -0.04663333282973549
10.5 1.3111112238784486 0.024901934364847507 0.007288742171275559 -0.04480203256975325
10.75 1.3220584604805552 0.025930558690315762 0.007861953009311713 -0.04303609031750523
11.0 1.3326907980632965 0.027007476510633264 0.008469757889526423 -0.04134123852000636
11.25 1.34227174404337 0.028194640396935856 0.009150338609275617 -0.03967114749404918
11.5 1.3498442734259593 0.029578616554998508 0.009972771533166006 -0.03798314222027056
11.75 1.3555075845716114 0.031168061307710923 0.010961268816331034 -0.036307472105930674
12.0 1.3597240877246393 0.032931889556989426 0.012099105690514762 -0.0346844766411933
12.25 1.362832782683023 0.03485379335398638 0.013378430127960902 -0.03315475963386291
12.5 1.3649929155680622 0.03692229478340084 0.01479178844673111 -0.03173092517831669
12.75 1.3662798117346928 0.03914036817007949 0.016348817140255628 -0.030438101625046496
13.0 1.3665110571550967 0.041534373755723136 0.018075380726319812 -0.029286484240520577
13.25 1.3658430352625028 0.044106724037932546 0.019982072719410326 -0.028311191462460167
13.5 1.364548733059514 0.046851470297187295 0.022070380463418304 -0.027553500521245597
13.75 1.362357586572389 0.04981025884679882 0.024374241977103653 -0.02702800749730871
14.0 1.3588494258867865 0.0530461848569157 0.02694924420800028 -0.026746426652682495
14.25 1.3545195278404079 0.056504464187758285 0.029752367930648282 -0.02669937545188859
14.5 1.3512631558734665 0.05965021579208185 0.03223449512321491 -0.026349552659147506
14.75 1.3438022609205857 0.06375156557424866 0.03566766642686989 -0.02681543966581618
15.0 1.3363413659677053 0.06785291535641544 0.03910083773052486 -0.027281326672484854
