alpha CL CD CDp Cm
-12.0 -0.8708397669697265 0.0104477805446994 0.0041733672574278844 -0.10175384192665057
-11.75 -0.8440183198198987 0.010190466825444704 0.003951370817199081 -0.10161369779503268
-11.5 -0.8171968726700711 0.009933153106190008 0.0037293743769702794 -0.1014735536634148
-11.25 -0.7903754255202433 0.009675839386935312 0.0035073779367414777 -0.10133340953179691
-11.0 -0.7630113975425888 0.009477233503174287 0.0033304671846173563 -0.10125000697502083
-10.75 -0.7357580772353232 0.009259568311140559 0.003142451954874422 -0.10115990272415697
-10.5 -0.7083887792424494 0.009054408737617092 0.0029651072518420783 -0.10108252775541665
-10.25 -0.6808851491156671 0.008860388101320872 0.0027984293712679845 -0.10102193595992448
-10.0 -0.6532475849998427 0.00868177938118172 0.0026445798498590705 -0.1009770189868992
-9.75 -0.6254555644818387 0.00851975686036009 0.002504715934193053 -0.10095002135644669
-9.5 -0.5975590532705375 0.00836994184708645 0.0023741858785157888 -0.10093423258348087
-9.25 -0.569591718455235 0.008231304412601611 0.0022510408910293832 -0.10092525484331015
-9.0 -0.5415505711405368 0.008098651310090544 0.0021326018647643222 -0.10092512059133543
-8.75 -0.5134480728423303 0.007971728449814284 0.002018546366509181 -0.10093198565919981
-8.5 -0.48528772452021224 0.007851170480884575 0.0019094935092930098 -0.10094571344891601
-8.25 -0.4570608718731783 0.007735059694077936 0.0018049602376714537 -0.10096848443012514
-8.0 -0.42879065743266587 0.007625392169072553 0.0017052997684339401 -0.10099676863824951
-7.75 -0.40045265372404265 0.007519974625399006 0.0016101406272321405 -0.10103483486202934
-7.5 -0.37207165678153464 0.007421451401233347 0.001520070748778529 -0.10107844413477747
-7.25 -0.343646631711397 0.0073291886049752985 0.0014346344092010922 -0.1011277584510148
-7.0 -0.3151692285353202 0.007244044027905347 0.0013549040801140908 -0.10118446450890549
-6.75 -0.2866439561355007 0.00716973118206401 0.0012817849295169124 -0.10124632965524788
-6.5 -0.258100819007539 0.00709842941324343 0.0012105939056530754 -0.10131023024587492
-6.25 -0.22956350555123517 0.007033491258852258 0.0011423699435977957 -0.10137194283104534
-5.75 -0.17240929582271414 0.006910352309940044 0.001011767544207003 -0.10150706227816321
-5.5 -0.1438319382257492 0.0068543874989761885 0.0009504297407569753 -0.10157521771469895
-5.25 -0.11526466228386151 0.006803897235928125 0.0008923849790005583 -0.10164204493424298
-5.0 -0.08665429428929539 0.006754939958308956 0.0008373673004038744 -0.10171668077826375
-4.75 -0.05804670600418732 0.006711915782471993 0.0007859622735375503 -0.10179089039240051
-4.5 -0.02940716817952721 0.006669359107696372 0.0007372726125158588 -0.10187175168882398
-4.25 -0.0007682930330524251 0.006629957760744534 0.0006918497031952593 -0.10195424448272841
-4.0 0.02791922372257627 0.0065901120029824185 0.0006490685276470877 -0.10204627612001838
-3.75 0.05658699307909271 0.006551381014816395 0.0006083491974610539 -0.10213761589475942
-3.5 0.08529327695221872 0.006507970509400322 0.000568804884235617 -0.10223828647623726
-3.25 0.11400654991898362 0.006466853884445048 0.0005323537149385245 -0.10234171980592177
-3.0 0.14272857772137532 0.006424691657059754 0.0004982608078674596 -0.10244948724321318
-2.75 0.1714858524972433 0.006384387541618799 0.0004671658054246673 -0.10256414312536774
-2.5 0.20021003464298004 0.00634857272945102 0.0004399600584015317 -0.10267587903059877
-2.25 0.22898961350098584 0.006316205397707169 0.00041616906711959003 -0.10279692126367701
-2.0 0.25775608101904035 0.006288909446651 0.00039566683420646435 -0.10291709140726513
-1.75 0.2865222115907569 0.006267059771663344 0.0003789463373130213 -0.1030384113034401
-1.5 0.31529095718119227 0.006248558406213197 0.0003651249188770042 -0.10316185785619786
-1.25 0.34399888990601535 0.006231750168201505 0.00035419923439095573 -0.10327970745823428
-1.0 0.3727017765755693 0.006219296203695159 0.0003460392296798673 -0.10339828530934515
-0.75 0.4013189941070904 0.00621304155644093 0.00034152628039639906 -0.10350621805115615
-0.5 0.42994961546761945 0.006203964514305644 0.0003387631841568076 -0.1036205873188467
-0.25 0.45851963010093205 0.006199420501703305 0.0003390000363618902 -0.10372826320760062
0.0 0.48707463065304996 0.006197571444736923 0.0003419019542853283 -0.10383621814732837
0.25 0.5156486445392434 0.006196577235688568 0.0003465161759983567 -0.10394949443119784
0.5 0.5441547314712808 0.00620437895075724 0.00035498098606248163 -0.1040533523189933
0.75 0.5726674209168248 0.006215416017881963 0.0003657862744852828 -0.1041600110724791
1.0 0.6010303012978504 0.006241938280777527 0.00038177453827081077 -0.1042430502682118
1.25 0.6292621797652813 0.0062834611624344614 0.000402645811022115 -0.10430505136779732
1.5 0.657444354806404 0.006328121486801165 0.0004263060890536116 -0.1043626059501646
1.75 0.6855023377093545 0.006378528271127497 0.00045482919831208075 -0.10440508984822423
2.0 0.7133915284171413 0.006440105413589123 0.0004893040147599971 -0.10442394517341021
2.25 0.7410125727844024 0.006518453041848039 0.0005329401893896814 -0.1044042187294074
2.5 0.7679823033048491 0.0066494735565340735 0.0005987958855657187 -0.10427990477849619
2.75 0.794492816125643 0.0068160711511250785 0.000681599054766401 -0.10408364489663781
3.0 0.8208276155783683 0.006979238227168397 0.0007734938506829432 -0.10387167510895845
3.25 0.8469597945708438 0.007140350889770082 0.0008759919930663834 -0.1036386720855514
3.5 0.8729276413856148 0.007307658880743561 0.000986264766509703 -0.10338292170377489
3.75 0.8987835563641876 0.0074775893872161756 0.0011024885382166936 -0.10311130477347308
4.0 0.9245951403279224 0.007641020656663064 0.0012218123730574344 -0.10283470707540096
4.25 0.9503729329368931 0.007794945283595794 0.0013429730351115143 -0.10255148306889027
4.5 0.9761218837778095 0.007907869384636232 0.0014604128509554748 -0.10224848046839576
4.75 1.0017634787563603 0.007991580404365588 0.0015717292566442536 -0.10189165267281583
5.0 1.0272564050263138 0.00813523361631887 0.0016859834243001417 -0.10150839625261156
5.25 1.0527602614226743 0.008292893395013396 0.0017993504621649633 -0.10112798594516452
5.5 1.078297751401443 0.008453227279223447 0.0019094037236851197 -0.10075401983207012
6.0 1.1290605683997457 0.00880616514209611 0.0021300646624957537 -0.09993621404932339
6.25 1.154536258726385 0.009002178741801262 0.002234935174993216 -0.09955830539252673
6.5 1.1799484547826369 0.009208852077476569 0.002339372902194015 -0.09917419121161267
6.75 1.2053459874459085 0.009431356124473171 0.0024430981188312165 -0.09879697117924607
7.0 1.2306999774902865 0.009669354689386853 0.002548216915707291 -0.0984304093486427
7.25 1.255937425835349 0.009904605684105831 0.002652735427905606 -0.09805014954695858
7.5 1.281115306228867 0.010134579303953646 0.0027546134546333634 -0.09766523056543214
7.75 1.3061724586831627 0.010363864292756162 0.0028557913668057983 -0.0972654036067231
8.0 1.3310918667569918 0.010592729133833093 0.0029563193079372415 -0.09684802022329754
8.25 1.3557273182763248 0.010831393887737286 0.0030610859032734585 -0.09638768267483869
8.5 1.3801323409629598 0.011074863710977186 0.0031675149301087164 -0.09589328562897298
8.75 1.4043456805618415 0.011319638007359837 0.003273657313497898 -0.09537176584361176
9.0 1.4283696160414143 0.011564715683991096 0.0033787805160057282 -0.09482377519697036
9.25 1.4521363655596489 0.011813402984795923 0.003484420022624806 -0.09423817379477364
9.5 1.4754596035645786 0.012076621450987793 0.0035959911818207882 -0.09358307867327686
9.75 1.4982383968478614 0.01235629906576329 0.0037141991048890923 -0.09283880097377573
10.0 1.520540927310595 0.012644030818727642 0.0038344226516377803 -0.09201591976536379
10.25 1.5418616491824262 0.012949737144794592 0.0039611961742735576 -0.09101651849534823
10.5 1.562203289808481 0.013275787032731816 0.004096461171984627 -0.08984614652833434
10.75 1.5815012793816752 0.013630857548516067 0.004245744572541662 -0.08850345009810125
11.0 1.5999391385520112 0.01401119487890244 0.004406771412447993 -0.08702911355118134
11.25 1.6176850774832356 0.014411414468173489 0.004576623993683098 -0.08545922901595371
11.5 1.6346967143416449 0.014838262764123327 0.004759839404132044 -0.08379680752933082
11.75 1.6510208180839674 0.015294125871391034 0.004957795743409969 -0.08205944135511185
12.0 1.6668836626466406 0.015773135731393217 0.0051668849638679855 -0.08029049081371092
12.25 1.6824816514360963 0.016276301778475326 0.005388761989854845 -0.07853854227257569
12.5 1.6977285158759683 0.01680984751519958 0.005626991453715523 -0.07679498048567737
12.75 1.712493750535823 0.017381900472993886 0.00588652092230028 -0.07504720161175388
13.0 1.7268205466853983 0.017994726548207864 0.00616890081593695 -0.07330409787821623
13.25 1.740698163125761 0.018647562243777074 0.006473858365365499 -0.07156788752162524
13.5 1.7541963288645706 0.019338876790231514 0.006800689790811425 -0.06985300043114136
13.75 1.7672683925319799 0.020076542055530174 0.007154980090519661 -0.06816091014953965
14.0 1.779675802591047 0.020878179515410857 0.007548414434045922 -0.06646924109408277
14.25 1.791407583893936 0.021746222013478173 0.007982791815144611 -0.06478261539555805
14.5 1.8040973746400897 0.0225185968595739 0.008355851220301032 -0.06310312228377316
14.75 1.8145817050939699 0.02352046998983276 0.008873663038164083 -0.06145077524777501
15.0 1.82506603554785 0.02452234312009162 0.009391474856027131 -0.05979842821177686
