 ---------------------------------------------------------------
 Surface and Strip Forces by surface

  Forces referred to Sref, Cref, Bref about Xref, Yref, Zref
 Standard axis orientation,  X fwd, Z down         

  Surface # 1     main_wing                               
     # Chordwise = 10   # Spanwise = 30     First strip =  1
     Surface area =   63.968842       Ave. chord =    3.715026
     CLsurf  =   0.17610     Clsurf  =  -0.03215
     CYsurf  =  -0.01166     Cmsurf  =  -0.15095
     CDsurf  =   0.00314     Cnsurf  =   0.00019
     CDisurf =   0.00314     CDvsurf =   0.00000

  Forces referred to Ssurf, Cave about hinge axis thru LE
     CLsurf  =   0.34448     CDsurf  =   0.00613
     Deflect =

 Strip Forces referred to Strip Area, Chord
    j      Yle    Chord     Area     c cl      ai      cl_norm  cl       cd       cdv    cm_c/4    cm_LE  C.P.x/c
     1   0.0114   7.7520   0.3539   2.5285   0.0840   0.4136   0.3204   0.1722   0.0000  -0.0180  -0.0813    0.306
     2   0.1025   7.6885   1.0491   2.4125   0.0835   0.4037   0.3127   0.0363   0.0000  -0.0180  -0.0788    0.307
     3   0.2837   7.5620   1.7073   2.3998   0.0822   0.4087   0.3166   0.0276   0.0000  -0.0168  -0.0785    0.303
     4   0.5530   7.3741   2.3052   2.3853   0.0797   0.4168   0.3228   0.0237   0.0000  -0.0150  -0.0783    0.296
     5   0.9075   7.1267   2.8223   2.3589   0.0758   0.4266   0.3305   0.0214   0.0000  -0.0131  -0.0783    0.290
     6   1.3432   6.8226   3.2414   2.3139   0.0705   0.4373   0.3387   0.0183   0.0000  -0.0115  -0.0787    0.284
     7   1.8554   6.4651   3.5491   2.2450   0.0646   0.4479   0.3470   0.0139   0.0000  -0.0103  -0.0794    0.280
     8   2.4386   6.0582   3.7368   2.1495   0.0573   0.4578   0.3546   0.0116   0.0000  -0.0098  -0.0805    0.278
     9   3.0862   5.6062   3.8005   2.0277   0.0472   0.4669   0.3616   0.0079   0.0000  -0.0099  -0.0820    0.277
    10   3.7613   5.1351   3.4440   1.8800   0.0365   0.4727   0.3662   0.0053   0.0000  -0.0106  -0.0835    0.279
    11   4.4532   4.6522   3.3149   1.7386   0.0256   0.4827   0.3739   0.0016   0.0000  -0.0107  -0.0851    0.279
    12   5.1831   4.1429   3.0930   1.5751   0.0106   0.4912   0.3805  -0.0021   0.0000  -0.0113  -0.0869    0.280
    13   6.0123   3.7903   3.4706   1.4246   0.0017   0.4595   0.3762  -0.0036   0.0000  -0.0109  -0.0936    0.279
    14   6.9353   3.6075   3.3775   1.3105   0.0032   0.4441   0.3636  -0.0027   0.0000  -0.0116  -0.0914    0.282
    15   7.8737   3.4215   3.2389   1.2126   0.0035   0.4332   0.3547  -0.0023   0.0000  -0.0125  -0.0902    0.285
    16   8.8172   3.2345   3.0619   1.1249   0.0035   0.4251   0.3481  -0.0022   0.0000  -0.0135  -0.0896    0.289
    17   9.7556   3.0486   2.8543   1.0442   0.0037   0.4187   0.3428  -0.0021   0.0000  -0.0146  -0.0895    0.293
    18  10.6786   2.8657   2.6239   0.9691   0.0039   0.4134   0.3384  -0.0020   0.0000  -0.0159  -0.0897    0.297
    19  11.5760   2.6879   2.3787   0.8991   0.0043   0.4089   0.3348  -0.0021   0.0000  -0.0173  -0.0900    0.302
    20  12.4328   2.5181   2.1010   0.8352   0.0054   0.4054   0.3319  -0.0019   0.0000  -0.0180  -0.0901    0.304
    21  13.2400   2.3582   1.8520   0.7761   0.0074   0.4023   0.3294  -0.0017   0.0000  -0.0180  -0.0895    0.305
    22  13.9941   2.2087   1.6074   0.7188   0.0100   0.3978   0.3257  -0.0014   0.0000  -0.0177  -0.0884    0.304
    23  14.6868   2.0715   1.3716   0.6610   0.0135   0.3900   0.3193  -0.0012   0.0000  -0.0170  -0.0864    0.303
    24  15.3105   1.9479   1.1479   0.5995   0.0179   0.3762   0.3080  -0.0009   0.0000  -0.0158  -0.0828    0.301
    25  15.8583   1.8393   0.9381   0.5302   0.0231   0.3523   0.2885  -0.0005   0.0000  -0.0143  -0.0771    0.300
    26  16.3244   1.7470   0.7427   0.4494   0.0284   0.3143   0.2574   0.0005   0.0000  -0.0139  -0.0698    0.304
    27  16.6722   1.4928   0.4131   0.3597   0.0332   0.8112   0.2412  -0.0030   0.0000  -0.0126  -0.0346    0.302
    28  16.9098   1.1466   0.2292   0.2672   0.0397   0.7849   0.2334  -0.0076   0.0000  -0.0027  -0.0290    0.262
    29  17.0696   0.9138   0.1104   0.1654   0.0451   0.6102   0.1815  -0.0108   0.0000   0.0078  -0.0180    0.207
    30  17.1499   0.7967   0.0322   0.0561   0.0481   0.2377   0.0707  -0.0074   0.0000   0.0066  -0.0053    0.157

  Surface # 2     main_wing (YDUP)                        
     # Chordwise = 10   # Spanwise = 30     First strip = 31
     Surface area =   63.968842       Ave. chord =    3.715026
     CLsurf  =   0.17610     Clsurf  =   0.03215
     CYsurf  =   0.01166     Cmsurf  =  -0.15095
     CDsurf  =   0.00314     Cnsurf  =  -0.00019
     CDisurf =   0.00314     CDvsurf =   0.00000

  Forces referred to Ssurf, Cave about hinge axis thru LE
     CLsurf  =   0.34448     CDsurf  =   0.00613
     Deflect =

 Strip Forces referred to Strip Area, Chord
    j      Yle    Chord     Area     c cl      ai      cl_norm  cl       cd       cdv    cm_c/4    cm_LE  C.P.x/c
    31  -0.0114   7.7520   0.3539   2.5285   0.0840   0.4136   0.3204   0.1722   0.0000  -0.0180   0.0813    0.306
    32  -0.1025   7.6885   1.0491   2.4125   0.0835   0.4037   0.3127   0.0363   0.0000  -0.0180   0.0788    0.307
    33  -0.2837   7.5620   1.7073   2.3998   0.0822   0.4087   0.3166   0.0276   0.0000  -0.0168   0.0785    0.303
    34  -0.5530   7.3741   2.3052   2.3853   0.0797   0.4168   0.3228   0.0237   0.0000  -0.0150   0.0783    0.296
    35  -0.9075   7.1267   2.8223   2.3589   0.0758   0.4266   0.3305   0.0214   0.0000  -0.0131   0.0783    0.290
    36  -1.3432   6.8226   3.2414   2.3139   0.0705   0.4373   0.3387   0.0183   0.0000  -0.0115   0.0787    0.284
    37  -1.8554   6.4651   3.5491   2.2450   0.0646   0.4479   0.3470   0.0139   0.0000  -0.0103   0.0794    0.280
    38  -2.4386   6.0582   3.7368   2.1495   0.0573   0.4578   0.3546   0.0116   0.0000  -0.0098   0.0805    0.278
    39  -3.0862   5.6062   3.8005   2.0277   0.0472   0.4669   0.3616   0.0079   0.0000  -0.0099   0.0820    0.277
    40  -3.7613   5.1351   3.4440   1.8800   0.0365   0.4727   0.3662   0.0053   0.0000  -0.0106   0.0835    0.279
    41  -4.4532   4.6522   3.3149   1.7386   0.0256   0.4827   0.3739   0.0016   0.0000  -0.0107   0.0851    0.279
    42  -5.1831   4.1429   3.0930   1.5751   0.0106   0.4912   0.3805  -0.0021   0.0000  -0.0113   0.0869    0.280
    43  -6.0123   3.7903   3.4706   1.4246   0.0017   0.4595   0.3762  -0.0036   0.0000  -0.0109   0.0936    0.279
    44  -6.9353   3.6075   3.3775   1.3104   0.0032   0.4441   0.3636  -0.0027   0.0000  -0.0116   0.0914    0.282
    45  -7.8737   3.4215   3.2389   1.2126   0.0035   0.4332   0.3547  -0.0023   0.0000  -0.0125   0.0902    0.285
    46  -8.8172   3.2345   3.0619   1.1249   0.0035   0.4251   0.3481  -0.0022   0.0000  -0.0135   0.0896    0.289
    47  -9.7556   3.0486   2.8543   1.0442   0.0037   0.4187   0.3428  -0.0021   0.0000  -0.0146   0.0895    0.293
    48 -10.6786   2.8657   2.6239   0.9691   0.0039   0.4134   0.3384  -0.0020   0.0000  -0.0159   0.0897    0.297
    49 -11.5760   2.6879   2.3787   0.8991   0.0043   0.4089   0.3348  -0.0021   0.0000  -0.0173   0.0900    0.302
    50 -12.4328   2.5181   2.1010   0.8352   0.0054   0.4054   0.3319  -0.0019   0.0000  -0.0180   0.0901    0.304
    51 -13.2400   2.3582   1.8520   0.7761   0.0074   0.4023   0.3294  -0.0017   0.0000  -0.0180   0.0895    0.305
    52 -13.9941   2.2087   1.6074   0.7188   0.0100   0.3978   0.3257  -0.0014   0.0000  -0.0177   0.0884    0.304
    53 -14.6868   2.0715   1.3716   0.6610   0.0135   0.3900   0.3193  -0.0012   0.0000  -0.0170   0.0864    0.303
    54 -15.3105   1.9479   1.1479   0.5995   0.0179   0.3762   0.3080  -0.0009   0.0000  -0.0158   0.0828    0.301
    55 -15.8583   1.8393   0.9381   0.5302   0.0231   0.3523   0.2885  -0.0005   0.0000  -0.0143   0.0771    0.300
    56 -16.3244   1.7470   0.7427   0.4494   0.0284   0.3143   0.2574   0.0005   0.0000  -0.0139   0.0698    0.304
    57 -16.6722   1.4928   0.4131   0.3597   0.0332   0.8112   0.2412  -0.0030   0.0000  -0.0126   0.0346    0.302
    58 -16.9098   1.1466   0.2292   0.2672   0.0397   0.7849   0.2334  -0.0076   0.0000  -0.0027   0.0290    0.262
    59 -17.0696   0.9138   0.1104   0.1654   0.0451   0.6102   0.1815  -0.0108   0.0000   0.0078   0.0180    0.207
    60 -17.1499   0.7967   0.0322   0.0561   0.0481   0.2377   0.0707  -0.0074   0.0000   0.0066   0.0053    0.157

  Surface # 3     horizontal_stabilizer                   
     # Chordwise = 10   # Spanwise = 30     First strip = 61
     Surface area =   20.744604       Ave. chord =    2.848572
     CLsurf  =   0.00277     Clsurf  =  -0.00043
     CYsurf  =  -0.00043     Cmsurf  =  -0.01410
     CDsurf  =   0.00008     Cnsurf  =   0.00027
     CDisurf =   0.00008     CDvsurf =   0.00000

  Forces referred to Ssurf, Cave about hinge axis thru LE
     CLsurf  =   0.01685     CDsurf  =   0.00046
     Deflect =

 Strip Forces referred to Strip Area, Chord
    j      Yle    Chord     Area     c cl      ai      cl_norm  cl       cd       cdv    cm_c/4    cm_LE  C.P.x/c
    61   0.0047   4.2713   0.0803   0.0003   0.0428   0.0001   0.0001   0.0000   0.0000  -0.0011  -0.0009
    62   0.0418   4.2566   0.2392   0.0003   0.0428   0.0001   0.0001   0.0000   0.0000  -0.0011  -0.0009
    63   0.1156   4.2274   0.3930   0.0004   0.0426   0.0001   0.0001   0.0000   0.0000  -0.0011  -0.0009
    64   0.2254   4.1839   0.5386   0.0006   0.0422   0.0002   0.0001   0.0000   0.0000  -0.0011  -0.0009
    65   0.3698   4.1268   0.6730   0.0009   0.0417   0.0003   0.0002   0.0000   0.0000  -0.0011  -0.0010
    66   0.5474   4.0565   0.7936   0.0015   0.0409   0.0005   0.0004   0.0000   0.0000  -0.0011  -0.0010
    67   0.7617   3.9717   0.9441   0.0026   0.0399   0.0009   0.0007   0.0000   0.0000  -0.0011  -0.0011    1.970
    68   1.0116   3.8728   1.0344   0.0043   0.0387   0.0014   0.0011   0.0000   0.0000  -0.0012  -0.0012    1.281
    69   1.2891   3.7630   1.1046   0.0069   0.0373   0.0024   0.0018   0.0001   0.0000  -0.0012  -0.0014    0.890
    70   1.5912   3.6435   1.1542   0.0105   0.0358   0.0037   0.0029   0.0001   0.0000  -0.0012  -0.0016    0.660
    71   1.9146   3.5155   1.1831   0.0154   0.0343   0.0057   0.0044   0.0002   0.0000  -0.0012  -0.0019    0.519
    72   2.2558   3.3805   1.1921   0.0217   0.0329   0.0083   0.0064   0.0002   0.0000  -0.0012  -0.0023    0.430
    73   2.6109   3.2400   1.1821   0.0293   0.0315   0.0117   0.0090   0.0003   0.0000  -0.0011  -0.0029    0.372
    74   2.9762   3.0955   1.1548   0.0380   0.0302   0.0159   0.0123   0.0004   0.0000  -0.0010  -0.0035    0.333
    75   3.3476   2.9485   1.1122   0.0475   0.0290   0.0209   0.0161   0.0005   0.0000  -0.0009  -0.0042    0.307
    76   3.7210   2.8008   1.0564   0.0573   0.0280   0.0265   0.0205   0.0007   0.0000  -0.0008  -0.0050    0.287
    77   4.0924   2.6538   0.9900   0.0669   0.0271   0.0327   0.0252   0.0008   0.0000  -0.0006  -0.0059    0.273
    78   4.4577   2.5093   0.9155   0.0757   0.0265   0.0391   0.0302   0.0009   0.0000  -0.0004  -0.0067    0.262
    79   4.8128   2.3687   0.8353   0.0832   0.0260   0.0456   0.0351   0.0010   0.0000  -0.0001  -0.0076    0.254
    80   5.1540   2.2338   0.7518   0.0890   0.0258   0.0517   0.0398   0.0011   0.0000   0.0002  -0.0084    0.246
    81   5.4774   2.1058   0.6671   0.0927   0.0258   0.0571   0.0440   0.0011   0.0000   0.0005  -0.0090    0.239
    82   5.7795   1.9862   0.5830   0.0940   0.0259   0.0614   0.0473   0.0012   0.0000   0.0009  -0.0093    0.231
    83   6.0570   1.8764   0.5012   0.0928   0.0262   0.0641   0.0495   0.0012   0.0000   0.0014  -0.0094    0.222
    84   6.3069   1.7776   0.4225   0.0891   0.0267   0.0650   0.0501   0.0011   0.0000   0.0020  -0.0090    0.211
    85   6.5264   1.6907   0.3478   0.0829   0.0272   0.0635   0.0490   0.0010   0.0000   0.0026  -0.0083    0.197
    86   6.7314   1.6096   0.3326   0.0737   0.0277   0.0594   0.0458   0.0009   0.0000   0.0032  -0.0071    0.181
    87   6.9144   1.5372   0.2507   0.0610   0.0282   0.0514   0.0397   0.0007   0.0000   0.0035  -0.0055    0.161
    88   7.0535   1.4822   0.1746   0.0455   0.0287   0.0399   0.0307   0.0005   0.0000   0.0034  -0.0037    0.140
    89   7.1471   1.4451   0.1029   0.0281   0.0290   0.0253   0.0195   0.0003   0.0000   0.0025  -0.0020    0.121
    90   7.1941   1.4265   0.0340   0.0095   0.0291   0.0087   0.0067   0.0000   0.0000   0.0009  -0.0006    0.110

  Surface # 4     horizontal_stabilizer (YDUP)            
     # Chordwise = 10   # Spanwise = 30     First strip = 91
     Surface area =   20.744604       Ave. chord =    2.848572
     CLsurf  =   0.00277     Clsurf  =   0.00043
     CYsurf  =   0.00043     Cmsurf  =  -0.01410
     CDsurf  =   0.00008     Cnsurf  =  -0.00027
     CDisurf =   0.00008     CDvsurf =   0.00000

  Forces referred to Ssurf, Cave about hinge axis thru LE
     CLsurf  =   0.01685     CDsurf  =   0.00046
     Deflect =

 Strip Forces referred to Strip Area, Chord
    j      Yle    Chord     Area     c cl      ai      cl_norm  cl       cd       cdv    cm_c/4    cm_LE  C.P.x/c
    91  -0.0047   4.2713   0.0803   0.0003   0.0429   0.0001   0.0001   0.0000   0.0000  -0.0011   0.0009
    92  -0.0418   4.2566   0.2392   0.0003   0.0428   0.0001   0.0001   0.0000   0.0000  -0.0011   0.0009
    93  -0.1156   4.2274   0.3930   0.0004   0.0426   0.0001   0.0001   0.0000   0.0000  -0.0011   0.0009
    94  -0.2254   4.1839   0.5386   0.0006   0.0422   0.0002   0.0001   0.0000   0.0000  -0.0011   0.0009
    95  -0.3698   4.1268   0.6730   0.0009   0.0417   0.0003   0.0002   0.0000   0.0000  -0.0011   0.0010
    96  -0.5474   4.0565   0.7936   0.0015   0.0409   0.0005   0.0004   0.0000   0.0000  -0.0011   0.0010
    97  -0.7617   3.9717   0.9441   0.0026   0.0399   0.0009   0.0007   0.0000   0.0000  -0.0011   0.0011    1.970
    98  -1.0116   3.8728   1.0344   0.0043   0.0387   0.0014   0.0011   0.0000   0.0000  -0.0012   0.0012    1.281
    99  -1.2891   3.7630   1.1046   0.0069   0.0373   0.0024   0.0018   0.0001   0.0000  -0.0012   0.0014    0.890
   100  -1.5912   3.6435   1.1542   0.0105   0.0358   0.0037   0.0029   0.0001   0.0000  -0.0012   0.0016    0.660
   101  -1.9146   3.5155   1.1831   0.0154   0.0343   0.0057   0.0044   0.0002   0.0000  -0.0012   0.0019    0.519
   102  -2.2558   3.3805   1.1921   0.0217   0.0329   0.0083   0.0064   0.0002   0.0000  -0.0012   0.0023    0.430
   103  -2.6109   3.2400   1.1821   0.0293   0.0315   0.0117   0.0090   0.0003   0.0000  -0.0011   0.0029    0.372
   104  -2.9762   3.0955   1.1548   0.0380   0.0302   0.0159   0.0123   0.0004   0.0000  -0.0010   0.0035    0.333
   105  -3.3476   2.9485   1.1122   0.0475   0.0290   0.0209   0.0161   0.0005   0.0000  -0.0009   0.0042    0.307
   106  -3.7210   2.8008   1.0564   0.0573   0.0280   0.0265   0.0205   0.0007   0.0000  -0.0008   0.0050    0.287
   107  -4.0924   2.6538   0.9900   0.0669   0.0271   0.0327   0.0252   0.0008   0.0000  -0.0006   0.0059    0.273
   108  -4.4577   2.5093   0.9155   0.0757   0.0265   0.0391   0.0302   0.0009   0.0000  -0.0004   0.0067    0.262
   109  -4.8128   2.3687   0.8353   0.0832   0.0260   0.0456   0.0351   0.0010   0.0000  -0.0001   0.0076    0.254
   110  -5.1540   2.2338   0.7518   0.0890   0.0258   0.0517   0.0398   0.0011   0.0000   0.0002   0.0084    0.246
   111  -5.4774   2.1058   0.6671   0.0927   0.0258   0.0571   0.0440   0.0011   0.0000   0.0005   0.0090    0.239
   112  -5.7795   1.9862   0.5830   0.0940   0.0259   0.0614   0.0473   0.0012   0.0000   0.0009   0.0093    0.231
   113  -6.0570   1.8764   0.5012   0.0928   0.0262   0.0641   0.0495   0.0012   0.0000   0.0014   0.0094    0.222
   114  -6.3069   1.7776   0.4225   0.0891   0.0267   0.0650   0.0501   0.0011   0.0000   0.0020   0.0090    0.211
   115  -6.5264   1.6907   0.3478   0.0829   0.0272   0.0635   0.0490   0.0010   0.0000   0.0026   0.0083    0.197
   116  -6.7314   1.6096   0.3326   0.0737   0.0277   0.0594   0.0458   0.0009   0.0000   0.0032   0.0071    0.181
   117  -6.9144   1.5372   0.2507   0.0610   0.0282   0.0514   0.0397   0.0007   0.0000   0.0035   0.0055    0.161
   118  -7.0535   1.4822   0.1746   0.0455   0.0287   0.0399   0.0307   0.0005   0.0000   0.0034   0.0037    0.140
   119  -7.1471   1.4451   0.1029   0.0281   0.0290   0.0253   0.0195   0.0003   0.0000   0.0025   0.0020    0.121
   120  -7.1941   1.4265   0.0340   0.0095   0.0291   0.0087   0.0067   0.0000   0.0000   0.0009   0.0006    0.110

  Surface # 5     vertical_stabilizer                     
     # Chordwise = 10   # Spanwise = 30     First strip =121
     Surface area =   34.910358       Ave. chord =    4.190919
     CLsurf  =   0.00000     Clsurf  =   0.00000
     CYsurf  =   0.00000     Cmsurf  =  -0.00000
     CDsurf  =  -0.00000     Cnsurf  =  -0.00000
     CDisurf =  -0.00000     CDvsurf =   0.00000

  Forces referred to Ssurf, Cave about hinge axis thru LE
     CLsurf  =  -0.00000     CDsurf  =  -0.00000
     Deflect =

 Strip Forces referred to Strip Area, Chord
    j      Yle    Chord     Area     c cl      ai      cl_norm  cl       cd       cdv    cm_c/4    cm_LE  C.P.x/c
   121   0.0000  10.0347   0.6931  -0.0000  -0.0000  -0.0000  -0.0000   0.0000   0.0000  -0.0000   0.0000    0.235
   122   0.0000   9.8296   1.1101  -0.0000  -0.0000  -0.0000  -0.0000   0.0000   0.0000  -0.0000   0.0000    0.247
   123   0.0000   9.5266   1.4857  -0.0000  -0.0000  -0.0000  -0.0000   0.0000   0.0000  -0.0000   0.0000    0.244
   124   0.0000   9.1281   1.8040  -0.0000   0.0000  -0.0000  -0.0000  -0.0000   0.0000  -0.0000   0.0000    0.234
   125   0.0000   8.6377   2.0517  -0.0000   0.0000  -0.0000  -0.0000  -0.0000   0.0000  -0.0000   0.0000    0.236
   126   0.0000   8.0598   2.2181  -0.0000  -0.0000  -0.0000  -0.0000  -0.0000   0.0000  -0.0000   0.0000    0.237
   127   0.0000   7.4000   2.2957  -0.0000   0.0000  -0.0000  -0.0000  -0.0000   0.0000  -0.0000   0.0000    0.245
   128   0.0000   6.6646   2.2808  -0.0000   0.0000  -0.0000  -0.0000   0.0000   0.0000  -0.0000   0.0000    0.245
   129   0.0000   5.8609   2.1733  -0.0000   0.0000  -0.0000  -0.0000  -0.0000   0.0000  -0.0000   0.0000    0.242
   130   0.0000   4.9969   1.9773  -0.0000   0.0000  -0.0000  -0.0000  -0.0000   0.0000  -0.0000   0.0000    0.234
   131   0.0000   4.4389   1.6667  -0.0000  -0.0000  -0.0000  -0.0000  -0.0000   0.0000  -0.0000   0.0000    0.210
   132   0.0000   4.2198   1.6478  -0.0000   0.0000  -0.0000  -0.0000  -0.0000   0.0000  -0.0000   0.0000    0.218
   133   0.0000   3.9932   1.6033  -0.0000   0.0000  -0.0000  -0.0000  -0.0000   0.0000  -0.0000   0.0000    0.221
   134   0.0000   3.7615   1.5362  -0.0000   0.0000  -0.0000  -0.0000  -0.0000   0.0000  -0.0000   0.0000    0.222
   135   0.0000   3.5271   1.4499  -0.0000   0.0000  -0.0000  -0.0000  -0.0000   0.0000  -0.0000   0.0000    0.224
   136   0.0000   3.2923   1.3482  -0.0000   0.0000  -0.0000  -0.0000  -0.0000   0.0000  -0.0000   0.0000    0.232
   137   0.0000   3.0597   1.2352  -0.0000   0.0000  -0.0000  -0.0000  -0.0000   0.0000  -0.0000   0.0000    0.231
   138   0.0000   2.8315   1.1147  -0.0000   0.0000  -0.0000  -0.0000  -0.0000   0.0000  -0.0000   0.0000    0.228
   139   0.0000   2.6103   0.9908  -0.0000   0.0000  -0.0000  -0.0000  -0.0000   0.0000  -0.0000   0.0000    0.227
   140   0.0000   2.3983   0.8670  -0.0000   0.0000  -0.0000  -0.0000  -0.0000   0.0000  -0.0000   0.0000    0.224
   141   0.0000   2.1977   0.7464  -0.0000   0.0000  -0.0000  -0.0000  -0.0000   0.0000  -0.0000   0.0000    0.230
   142   0.0000   2.0106   0.6318  -0.0000   0.0000  -0.0000  -0.0000  -0.0000   0.0000  -0.0000   0.0000    0.228
   143   0.0000   1.8390   0.5251  -0.0000   0.0000  -0.0000  -0.0000  -0.0000   0.0000  -0.0000   0.0000    0.226
   144   0.0000   1.6847   0.4276  -0.0000   0.0000  -0.0000  -0.0000  -0.0000   0.0000  -0.0000   0.0000    0.214
   145   0.0000   1.5493   0.3400  -0.0000   0.0000  -0.0000  -0.0000  -0.0000   0.0000  -0.0000   0.0000    0.207
   146   0.0000   1.4342   0.2622  -0.0000   0.0000  -0.0000  -0.0000  -0.0000   0.0000  -0.0000   0.0000    0.191
   147   0.0000   1.3407   0.1933  -0.0000   0.0000  -0.0000  -0.0000  -0.0000   0.0000  -0.0000   0.0000    0.172
   148   0.0000   1.2696   0.1322  -0.0000   0.0000  -0.0000  -0.0000  -0.0000   0.0000  -0.0000   0.0000    0.147
   149   0.0000   1.2218   0.0769  -0.0000   0.0000  -0.0000  -0.0000  -0.0000   0.0000  -0.0000   0.0000    0.131
   150   0.0000   1.1978   0.0252  -0.0000   0.0000  -0.0000  -0.0000  -0.0000   0.0000  -0.0000   0.0000    0.118

  Surface # 6     fuselage_horizontal                     
     # Chordwise = 10   # Spanwise = 10     First strip =151
     Surface area =  123.841202       Ave. chord =   33.112617
     CLsurf  =  -0.00048     Clsurf  =   0.00000
     CYsurf  =   0.00000     Cmsurf  =   0.01679
     CDsurf  =  -0.00012     Cnsurf  =  -0.00000
     CDisurf =  -0.00012     CDvsurf =   0.00000

  Forces referred to Ssurf, Cave about hinge axis thru LE
     CLsurf  =  -0.00049     CDsurf  =  -0.00012
     Deflect =

 Strip Forces referred to Strip Area, Chord
    j      Yle    Chord     Area     c cl      ai      cl_norm  cl       cd       cdv    cm_c/4    cm_LE  C.P.x/c
   151  -1.6830  26.5957   9.9468  -0.0239   0.0465  -0.0109  -0.0009  -0.0006   0.0000   0.0020   0.0003
   152  -1.3090  31.2096  11.6724  -0.0221   0.0548  -0.0027  -0.0007  -0.0002   0.0000   0.0022   0.0006
   153  -0.9350  34.0626  12.7394  -0.0165   0.0607  -0.0012  -0.0005  -0.0001   0.0000   0.0023   0.0008
   154  -0.5610  36.1619  13.5246  -0.0110   0.0650  -0.0005  -0.0003   0.0000   0.0000   0.0023   0.0010
   155  -0.1870  37.5332  14.0374  -0.0076   0.0676  -0.0002  -0.0002   0.0001   0.0000   0.0022   0.0016
   156   0.1870  37.5332  14.0374  -0.0076   0.0676  -0.0002  -0.0002   0.0001   0.0000   0.0022   0.0016
   157   0.5610  36.1619  13.5246  -0.0110   0.0650  -0.0005  -0.0003   0.0000   0.0000   0.0023   0.0010
   158   0.9350  34.0626  12.7394  -0.0165   0.0607  -0.0012  -0.0005  -0.0001   0.0000   0.0023   0.0008
   159   1.3090  31.2096  11.6724  -0.0221   0.0548  -0.0027  -0.0007  -0.0002   0.0000   0.0022   0.0006
   160   1.6830  26.5957   9.9468  -0.0239   0.0465  -0.0109  -0.0009  -0.0006   0.0000   0.0020   0.0003

  Surface # 7     fuselage_vertical                       
     # Chordwise = 10   # Spanwise = 10     First strip =161
     Surface area =  123.841202       Ave. chord =   33.112617
     CLsurf  =   0.00000     Clsurf  =   0.00000
     CYsurf  =   0.00000     Cmsurf  =  -0.00000
     CDsurf  =   0.00000     Cnsurf  =  -0.00000
     CDisurf =   0.00000     CDvsurf =   0.00000

  Forces referred to Ssurf, Cave about hinge axis thru LE
     CLsurf  =  -0.00000     CDsurf  =   0.00000
     Deflect =

 Strip Forces referred to Strip Area, Chord
    j      Yle    Chord     Area     c cl      ai      cl_norm  cl       cd       cdv    cm_c/4    cm_LE  C.P.x/c
   161   0.0000  26.5957   9.9468   0.0000  -0.0000   0.0000   0.0000  -0.0000   0.0000   0.0000   0.0000   -0.626
   162   0.0000  31.2096  11.6724  -0.0000  -0.0000  -0.0000  -0.0000   0.0000   0.0000   0.0000   0.0000    0.428
   163   0.0000  34.0626  12.7394  -0.0000  -0.0000  -0.0000  -0.0000   0.0000   0.0000   0.0000   0.0000    0.441
   164   0.0000  36.1619  13.5246  -0.0000   0.0000  -0.0000  -0.0000  -0.0000   0.0000   0.0000   0.0000    0.459
   165   0.0000  37.5332  14.0374  -0.0000   0.0000  -0.0000  -0.0000   0.0000   0.0000   0.0000   0.0000    0.470
   166   0.0000  37.5332  14.0374  -0.0000  -0.0000  -0.0000  -0.0000   0.0000   0.0000   0.0000   0.0000    0.508
   167   0.0000  36.1619  13.5246  -0.0000  -0.0000  -0.0000  -0.0000   0.0000   0.0000   0.0000   0.0000    0.524
   168   0.0000  34.0626  12.7394  -0.0000   0.0000  -0.0000  -0.0000   0.0000   0.0000   0.0000   0.0000    0.539
   169   0.0000  31.2096  11.6724  -0.0000   0.0000  -0.0000  -0.0000   0.0000   0.0000   0.0000   0.0000    0.546
   170   0.0000  26.5957   9.9468  -0.0000  -0.0000  -0.0000  -0.0000  -0.0000   0.0000   0.0000   0.0000    0.589
 ---------------------------------------------------------------
