 ---------------------------------------------------------------
 Surface and Strip Forces by surface

  Forces referred to Sref, Cref, Bref about Xref, Yref, Zref
 Standard axis orientation,  X fwd, Z down         

  Surface # 1     main_wing                               
     # Chordwise = 10   # Spanwise = 30     First strip =  1
     Surface area =   63.968842       Ave. chord =    3.715026
     CLsurf  =   0.17866     Clsurf  =  -0.03268
     CYsurf  =  -0.01185     Cmsurf  =  -0.15346
     CDsurf  =   0.00320     Cnsurf  =   0.00019
     CDisurf =   0.00320     CDvsurf =   0.00000

  Forces referred to Ssurf, Cave about hinge axis thru LE
     CLsurf  =   0.34949     CDsurf  =   0.00624
     Deflect =

 Strip Forces referred to Strip Area, Chord
    j      Yle    Chord     Area     c cl      ai      cl_norm  cl       cd       cdv    cm_c/4    cm_LE  C.P.x/c
     1   0.0114   7.7520   0.3539   2.5574   0.0843   0.4181   0.3239   0.1777   0.0000  -0.0185  -0.0825    0.307
     2   0.1025   7.6885   1.0491   2.4373   0.0838   0.4078   0.3159   0.0371   0.0000  -0.0185  -0.0798    0.308
     3   0.2837   7.5620   1.7073   2.4242   0.0825   0.4128   0.3198   0.0281   0.0000  -0.0173  -0.0796    0.304
     4   0.5530   7.3741   2.3052   2.4097   0.0800   0.4210   0.3261   0.0242   0.0000  -0.0155  -0.0794    0.297
     5   0.9075   7.1267   2.8223   2.3833   0.0761   0.4310   0.3339   0.0218   0.0000  -0.0136  -0.0794    0.291
     6   1.3432   6.8226   3.2414   2.3378   0.0708   0.4418   0.3422   0.0184   0.0000  -0.0119  -0.0797    0.285
     7   1.8554   6.4651   3.5491   2.2689   0.0649   0.4527   0.3507   0.0139   0.0000  -0.0107  -0.0805    0.281
     8   2.4386   6.0582   3.7368   2.1742   0.0577   0.4630   0.3587   0.0120   0.0000  -0.0101  -0.0816    0.278
     9   3.0862   5.6062   3.8005   2.0517   0.0475   0.4724   0.3659   0.0085   0.0000  -0.0102  -0.0831    0.278
    10   3.7613   5.1351   3.4440   1.9093   0.0368   0.4801   0.3719   0.0054   0.0000  -0.0107  -0.0847    0.279
    11   4.4532   4.6522   3.3149   1.7644   0.0259   0.4899   0.3794   0.0014   0.0000  -0.0108  -0.0863    0.279
    12   5.1831   4.1429   3.0930   1.5976   0.0110   0.4983   0.3860  -0.0024   0.0000  -0.0116  -0.0883    0.280
    13   6.0123   3.7903   3.4706   1.4464   0.0020   0.4665   0.3820  -0.0036   0.0000  -0.0112  -0.0951    0.279
    14   6.9353   3.6075   3.3775   1.3314   0.0035   0.4512   0.3694  -0.0027   0.0000  -0.0118  -0.0929    0.282
    15   7.8737   3.4215   3.2389   1.2327   0.0038   0.4404   0.3606  -0.0024   0.0000  -0.0127  -0.0917    0.285
    16   8.8172   3.2345   3.0619   1.1441   0.0038   0.4324   0.3540  -0.0022   0.0000  -0.0137  -0.0912    0.289
    17   9.7556   3.0486   2.8543   1.0624   0.0039   0.4260   0.3488  -0.0021   0.0000  -0.0149  -0.0910    0.293
    18  10.6786   2.8657   2.6239   0.9863   0.0042   0.4207   0.3445  -0.0021   0.0000  -0.0162  -0.0913    0.297
    19  11.5760   2.6879   2.3787   0.9154   0.0046   0.4163   0.3408  -0.0021   0.0000  -0.0176  -0.0917    0.302
    20  12.4328   2.5181   2.1010   0.8504   0.0057   0.4128   0.3380  -0.0020   0.0000  -0.0183  -0.0917    0.304
    21  13.2400   2.3582   1.8520   0.7903   0.0077   0.4096   0.3354  -0.0017   0.0000  -0.0183  -0.0911    0.305
    22  13.9941   2.2087   1.6074   0.7319   0.0104   0.4051   0.3316  -0.0015   0.0000  -0.0180  -0.0900    0.304
    23  14.6868   2.0715   1.3716   0.6729   0.0139   0.3971   0.3251  -0.0013   0.0000  -0.0173  -0.0879    0.303
    24  15.3105   1.9479   1.1479   0.6100   0.0183   0.3828   0.3134  -0.0010   0.0000  -0.0160  -0.0841    0.301
    25  15.8583   1.8393   0.9381   0.5392   0.0235   0.3583   0.2934  -0.0005   0.0000  -0.0144  -0.0782    0.299
    26  16.3244   1.7470   0.7427   0.4567   0.0288   0.3195   0.2616   0.0005   0.0000  -0.0140  -0.0708    0.304
    27  16.6722   1.4928   0.4131   0.3654   0.0337   0.8240   0.2450  -0.0032   0.0000  -0.0127  -0.0351    0.302
    28  16.9098   1.1466   0.2292   0.2712   0.0400   0.7967   0.2369  -0.0079   0.0000  -0.0025  -0.0294    0.261
    29  17.0696   0.9138   0.1104   0.1678   0.0453   0.6191   0.1841  -0.0113   0.0000   0.0081  -0.0181    0.206
    30  17.1499   0.7967   0.0322   0.0568   0.0483   0.2410   0.0717  -0.0078   0.0000   0.0068  -0.0054    0.156

  Surface # 2     main_wing (YDUP)                        
     # Chordwise = 10   # Spanwise = 30     First strip = 31
     Surface area =   63.968842       Ave. chord =    3.715026
     CLsurf  =   0.17866     Clsurf  =   0.03268
     CYsurf  =   0.01185     Cmsurf  =  -0.15346
     CDsurf  =   0.00320     Cnsurf  =  -0.00019
     CDisurf =   0.00320     CDvsurf =   0.00000

  Forces referred to Ssurf, Cave about hinge axis thru LE
     CLsurf  =   0.34949     CDsurf  =   0.00624
     Deflect =

 Strip Forces referred to Strip Area, Chord
    j      Yle    Chord     Area     c cl      ai      cl_norm  cl       cd       cdv    cm_c/4    cm_LE  C.P.x/c
    31  -0.0114   7.7520   0.3539   2.5574   0.0843   0.4181   0.3239   0.1777   0.0000  -0.0185   0.0825    0.307
    32  -0.1025   7.6885   1.0491   2.4373   0.0838   0.4078   0.3159   0.0371   0.0000  -0.0185   0.0798    0.308
    33  -0.2837   7.5620   1.7073   2.4242   0.0825   0.4128   0.3198   0.0281   0.0000  -0.0173   0.0796    0.304
    34  -0.5530   7.3741   2.3052   2.4097   0.0800   0.4210   0.3261   0.0242   0.0000  -0.0155   0.0794    0.297
    35  -0.9075   7.1267   2.8223   2.3833   0.0761   0.4310   0.3339   0.0218   0.0000  -0.0136   0.0794    0.291
    36  -1.3432   6.8226   3.2414   2.3378   0.0708   0.4418   0.3422   0.0184   0.0000  -0.0119   0.0797    0.285
    37  -1.8554   6.4651   3.5491   2.2689   0.0649   0.4527   0.3507   0.0139   0.0000  -0.0107   0.0805    0.281
    38  -2.4386   6.0582   3.7368   2.1742   0.0577   0.4630   0.3587   0.0120   0.0000  -0.0101   0.0816    0.278
    39  -3.0862   5.6062   3.8005   2.0517   0.0475   0.4724   0.3659   0.0085   0.0000  -0.0102   0.0831    0.278
    40  -3.7613   5.1351   3.4440   1.9093   0.0368   0.4801   0.3719   0.0054   0.0000  -0.0107   0.0847    0.279
    41  -4.4532   4.6522   3.3149   1.7644   0.0259   0.4899   0.3794   0.0014   0.0000  -0.0108   0.0863    0.279
    42  -5.1831   4.1429   3.0930   1.5976   0.0110   0.4983   0.3860  -0.0024   0.0000  -0.0116   0.0883    0.280
    43  -6.0123   3.7903   3.4706   1.4464   0.0020   0.4665   0.3820  -0.0036   0.0000  -0.0112   0.0951    0.279
    44  -6.9353   3.6075   3.3775   1.3314   0.0035   0.4512   0.3694  -0.0027   0.0000  -0.0118   0.0929    0.282
    45  -7.8737   3.4215   3.2389   1.2327   0.0038   0.4404   0.3606  -0.0024   0.0000  -0.0127   0.0917    0.285
    46  -8.8172   3.2345   3.0619   1.1441   0.0038   0.4324   0.3540  -0.0022   0.0000  -0.0137   0.0912    0.289
    47  -9.7556   3.0486   2.8543   1.0624   0.0039   0.4260   0.3488  -0.0021   0.0000  -0.0149   0.0910    0.293
    48 -10.6786   2.8657   2.6239   0.9863   0.0042   0.4207   0.3445  -0.0021   0.0000  -0.0162   0.0913    0.297
    49 -11.5760   2.6879   2.3787   0.9154   0.0046   0.4163   0.3408  -0.0021   0.0000  -0.0176   0.0917    0.302
    50 -12.4328   2.5181   2.1010   0.8504   0.0057   0.4128   0.3380  -0.0020   0.0000  -0.0183   0.0917    0.304
    51 -13.2400   2.3582   1.8520   0.7903   0.0077   0.4096   0.3354  -0.0017   0.0000  -0.0183   0.0911    0.305
    52 -13.9941   2.2087   1.6074   0.7319   0.0104   0.4051   0.3316  -0.0015   0.0000  -0.0180   0.0900    0.304
    53 -14.6868   2.0715   1.3716   0.6729   0.0139   0.3971   0.3251  -0.0013   0.0000  -0.0173   0.0879    0.303
    54 -15.3105   1.9479   1.1479   0.6100   0.0183   0.3828   0.3134  -0.0010   0.0000  -0.0160   0.0841    0.301
    55 -15.8583   1.8393   0.9381   0.5392   0.0235   0.3583   0.2934  -0.0005   0.0000  -0.0144   0.0782    0.299
    56 -16.3244   1.7470   0.7427   0.4567   0.0288   0.3195   0.2616   0.0005   0.0000  -0.0140   0.0708    0.304
    57 -16.6722   1.4928   0.4131   0.3654   0.0337   0.8240   0.2450  -0.0032   0.0000  -0.0127   0.0351    0.302
    58 -16.9098   1.1466   0.2292   0.2712   0.0400   0.7967   0.2369  -0.0079   0.0000  -0.0025   0.0294    0.261
    59 -17.0696   0.9138   0.1104   0.1678   0.0453   0.6191   0.1841  -0.0113   0.0000   0.0081   0.0181    0.206
    60 -17.1499   0.7967   0.0322   0.0568   0.0483   0.2410   0.0717  -0.0078   0.0000   0.0068   0.0054    0.156

  Surface # 3     horizontal_stabilizer                   
     # Chordwise = 10   # Spanwise = 30     First strip = 61
     Surface area =   20.744604       Ave. chord =    2.848572
     CLsurf  =   0.00264     Clsurf  =  -0.00042
     CYsurf  =  -0.00042     Cmsurf  =  -0.01351
     CDsurf  =   0.00007     Cnsurf  =   0.00026
     CDisurf =   0.00007     CDvsurf =   0.00000

  Forces referred to Ssurf, Cave about hinge axis thru LE
     CLsurf  =   0.01610     CDsurf  =   0.00044
     Deflect =

 Strip Forces referred to Strip Area, Chord
    j      Yle    Chord     Area     c cl      ai      cl_norm  cl       cd       cdv    cm_c/4    cm_LE  C.P.x/c
    61   0.0047   4.2713   0.0803  -0.0023   0.0431  -0.0007  -0.0005   0.0000   0.0000  -0.0010  -0.0008
    62   0.0418   4.2566   0.2392  -0.0024   0.0430  -0.0007  -0.0006  -0.0000   0.0000  -0.0010  -0.0008
    63   0.1156   4.2274   0.3930  -0.0023   0.0428  -0.0007  -0.0005  -0.0000   0.0000  -0.0011  -0.0008
    64   0.2254   4.1839   0.5386  -0.0021   0.0425  -0.0007  -0.0005  -0.0000   0.0000  -0.0011  -0.0008
    65   0.3698   4.1268   0.6730  -0.0018   0.0419  -0.0006  -0.0004  -0.0000   0.0000  -0.0011  -0.0008
    66   0.5474   4.0565   0.7936  -0.0012   0.0412  -0.0004  -0.0003  -0.0000   0.0000  -0.0011  -0.0009
    67   0.7617   3.9717   0.9441  -0.0001   0.0401  -0.0000  -0.0000  -0.0000   0.0000  -0.0011  -0.0009
    68   1.0116   3.8728   1.0344   0.0016   0.0389   0.0005   0.0004   0.0000   0.0000  -0.0012  -0.0011
    69   1.2891   3.7630   1.1046   0.0041   0.0375   0.0014   0.0011   0.0000   0.0000  -0.0012  -0.0012    1.326
    70   1.5912   3.6435   1.1542   0.0078   0.0360   0.0028   0.0021   0.0001   0.0000  -0.0012  -0.0015    0.813
    71   1.9146   3.5155   1.1831   0.0127   0.0345   0.0047   0.0036   0.0001   0.0000  -0.0012  -0.0018    0.584
    72   2.2558   3.3805   1.1921   0.0190   0.0331   0.0073   0.0056   0.0002   0.0000  -0.0012  -0.0022    0.461
    73   2.6109   3.2400   1.1821   0.0266   0.0317   0.0106   0.0082   0.0003   0.0000  -0.0011  -0.0027    0.388
    74   2.9762   3.0955   1.1548   0.0354   0.0303   0.0148   0.0114   0.0004   0.0000  -0.0011  -0.0033    0.342
    75   3.3476   2.9485   1.1122   0.0450   0.0292   0.0198   0.0153   0.0005   0.0000  -0.0009  -0.0040    0.312
    76   3.7210   2.8008   1.0564   0.0550   0.0281   0.0254   0.0196   0.0006   0.0000  -0.0008  -0.0048    0.290
    77   4.0924   2.6538   0.9900   0.0647   0.0273   0.0316   0.0244   0.0008   0.0000  -0.0006  -0.0057    0.275
    78   4.4577   2.5093   0.9155   0.0736   0.0267   0.0380   0.0293   0.0009   0.0000  -0.0004  -0.0066    0.264
    79   4.8128   2.3687   0.8353   0.0813   0.0262   0.0445   0.0343   0.0010   0.0000  -0.0001  -0.0074    0.254
    80   5.1540   2.2338   0.7518   0.0873   0.0260   0.0506   0.0390   0.0011   0.0000   0.0002  -0.0082    0.246
    81   5.4774   2.1058   0.6671   0.0911   0.0260   0.0561   0.0432   0.0011   0.0000   0.0005  -0.0088    0.238
    82   5.7795   1.9862   0.5830   0.0926   0.0261   0.0604   0.0466   0.0012   0.0000   0.0009  -0.0092    0.230
    83   6.0570   1.8764   0.5012   0.0916   0.0265   0.0633   0.0488   0.0012   0.0000   0.0014  -0.0092    0.221
    84   6.3069   1.7776   0.4225   0.0880   0.0269   0.0642   0.0495   0.0011   0.0000   0.0020  -0.0089    0.210
    85   6.5264   1.6907   0.3478   0.0818   0.0274   0.0628   0.0484   0.0010   0.0000   0.0026  -0.0081    0.196
    86   6.7314   1.6096   0.3326   0.0729   0.0279   0.0587   0.0453   0.0009   0.0000   0.0032  -0.0070    0.180
    87   6.9144   1.5372   0.2507   0.0603   0.0284   0.0508   0.0392   0.0007   0.0000   0.0036  -0.0054    0.159
    88   7.0535   1.4822   0.1746   0.0450   0.0288   0.0394   0.0304   0.0005   0.0000   0.0034  -0.0036    0.138
    89   7.1471   1.4451   0.1029   0.0278   0.0291   0.0250   0.0193   0.0003   0.0000   0.0025  -0.0020    0.119
    90   7.1941   1.4265   0.0340   0.0094   0.0292   0.0086   0.0066   0.0000   0.0000   0.0009  -0.0006    0.108

  Surface # 4     horizontal_stabilizer (YDUP)            
     # Chordwise = 10   # Spanwise = 30     First strip = 91
     Surface area =   20.744604       Ave. chord =    2.848572
     CLsurf  =   0.00264     Clsurf  =   0.00042
     CYsurf  =   0.00042     Cmsurf  =  -0.01352
     CDsurf  =   0.00007     Cnsurf  =  -0.00026
     CDisurf =   0.00007     CDvsurf =   0.00000

  Forces referred to Ssurf, Cave about hinge axis thru LE
     CLsurf  =   0.01610     CDsurf  =   0.00044
     Deflect =

 Strip Forces referred to Strip Area, Chord
    j      Yle    Chord     Area     c cl      ai      cl_norm  cl       cd       cdv    cm_c/4    cm_LE  C.P.x/c
    91  -0.0047   4.2713   0.0803  -0.0023   0.0431  -0.0007  -0.0005   0.0000   0.0000  -0.0010   0.0008
    92  -0.0418   4.2566   0.2392  -0.0024   0.0430  -0.0007  -0.0006  -0.0000   0.0000  -0.0010   0.0008
    93  -0.1156   4.2274   0.3930  -0.0023   0.0428  -0.0007  -0.0005  -0.0000   0.0000  -0.0011   0.0008
    94  -0.2254   4.1839   0.5386  -0.0021   0.0425  -0.0007  -0.0005  -0.0000   0.0000  -0.0011   0.0008
    95  -0.3698   4.1268   0.6730  -0.0018   0.0419  -0.0006  -0.0004  -0.0000   0.0000  -0.0011   0.0008
    96  -0.5474   4.0565   0.7936  -0.0012   0.0412  -0.0004  -0.0003  -0.0000   0.0000  -0.0011   0.0009
    97  -0.7617   3.9717   0.9441  -0.0001   0.0401  -0.0000  -0.0000  -0.0000   0.0000  -0.0011   0.0009
    98  -1.0116   3.8728   1.0344   0.0016   0.0389   0.0005   0.0004   0.0000   0.0000  -0.0012   0.0011
    99  -1.2891   3.7630   1.1046   0.0041   0.0375   0.0014   0.0011   0.0000   0.0000  -0.0012   0.0012    1.326
   100  -1.5912   3.6435   1.1542   0.0078   0.0360   0.0028   0.0021   0.0001   0.0000  -0.0012   0.0015    0.813
   101  -1.9146   3.5155   1.1831   0.0127   0.0345   0.0047   0.0036   0.0001   0.0000  -0.0012   0.0018    0.584
   102  -2.2558   3.3805   1.1921   0.0190   0.0331   0.0073   0.0056   0.0002   0.0000  -0.0012   0.0022    0.461
   103  -2.6109   3.2400   1.1821   0.0266   0.0317   0.0106   0.0082   0.0003   0.0000  -0.0011   0.0027    0.388
   104  -2.9762   3.0955   1.1548   0.0354   0.0303   0.0148   0.0114   0.0004   0.0000  -0.0011   0.0033    0.342
   105  -3.3476   2.9485   1.1122   0.0450   0.0292   0.0198   0.0153   0.0005   0.0000  -0.0009   0.0040    0.312
   106  -3.7210   2.8008   1.0564   0.0550   0.0281   0.0254   0.0196   0.0006   0.0000  -0.0008   0.0048    0.290
   107  -4.0924   2.6538   0.9900   0.0647   0.0273   0.0316   0.0244   0.0008   0.0000  -0.0006   0.0057    0.275
   108  -4.4577   2.5093   0.9155   0.0736   0.0267   0.0380   0.0293   0.0009   0.0000  -0.0004   0.0066    0.264
   109  -4.8128   2.3687   0.8353   0.0813   0.0262   0.0445   0.0343   0.0010   0.0000  -0.0001   0.0074    0.254
   110  -5.1540   2.2338   0.7518   0.0873   0.0260   0.0506   0.0390   0.0011   0.0000   0.0002   0.0082    0.246
   111  -5.4774   2.1058   0.6671   0.0911   0.0260   0.0561   0.0432   0.0011   0.0000   0.0005   0.0088    0.238
   112  -5.7795   1.9862   0.5830   0.0926   0.0261   0.0604   0.0466   0.0012   0.0000   0.0009   0.0092    0.230
   113  -6.0570   1.8764   0.5012   0.0916   0.0265   0.0633   0.0488   0.0012   0.0000   0.0014   0.0092    0.221
   114  -6.3069   1.7776   0.4225   0.0880   0.0269   0.0642   0.0495   0.0011   0.0000   0.0020   0.0089    0.210
   115  -6.5264   1.6907   0.3478   0.0818   0.0274   0.0628   0.0484   0.0010   0.0000   0.0026   0.0081    0.196
   116  -6.7314   1.6096   0.3326   0.0729   0.0279   0.0587   0.0453   0.0009   0.0000   0.0032   0.0070    0.180
   117  -6.9144   1.5372   0.2507   0.0603   0.0284   0.0508   0.0392   0.0007   0.0000   0.0036   0.0054    0.159
   118  -7.0535   1.4822   0.1746   0.0450   0.0288   0.0394   0.0304   0.0005   0.0000   0.0034   0.0036    0.138
   119  -7.1471   1.4451   0.1029   0.0278   0.0291   0.0250   0.0193   0.0003   0.0000   0.0025   0.0020    0.119
   120  -7.1941   1.4265   0.0340   0.0094   0.0292   0.0086   0.0066   0.0000   0.0000   0.0009   0.0006    0.108

  Surface # 5     vertical_stabilizer                     
     # Chordwise = 10   # Spanwise = 30     First strip =121
     Surface area =   34.910358       Ave. chord =    4.190919
     CLsurf  =   0.00000     Clsurf  =   0.00000
     CYsurf  =   0.00000     Cmsurf  =  -0.00000
     CDsurf  =  -0.00000     Cnsurf  =  -0.00000
     CDisurf =  -0.00000     CDvsurf =   0.00000

  Forces referred to Ssurf, Cave about hinge axis thru LE
     CLsurf  =  -0.00000     CDsurf  =  -0.00000
     Deflect =

 Strip Forces referred to Strip Area, Chord
    j      Yle    Chord     Area     c cl      ai      cl_norm  cl       cd       cdv    cm_c/4    cm_LE  C.P.x/c
   121   0.0000  10.0347   0.6931  -0.0000  -0.0000  -0.0000  -0.0000   0.0000   0.0000  -0.0000   0.0000    0.212
   122   0.0000   9.8296   1.1101  -0.0000  -0.0000  -0.0000  -0.0000   0.0000   0.0000  -0.0000   0.0000    0.212
   123   0.0000   9.5266   1.4857  -0.0000  -0.0000  -0.0000  -0.0000   0.0000   0.0000  -0.0000   0.0000    0.217
   124   0.0000   9.1281   1.8040  -0.0000   0.0000  -0.0000  -0.0000  -0.0000   0.0000  -0.0000   0.0000    0.224
   125   0.0000   8.6377   2.0517  -0.0000   0.0000  -0.0000  -0.0000  -0.0000   0.0000  -0.0000   0.0000    0.215
   126   0.0000   8.0598   2.2181  -0.0000   0.0000  -0.0000  -0.0000  -0.0000   0.0000  -0.0000   0.0000    0.221
   127   0.0000   7.4000   2.2957  -0.0000  -0.0000  -0.0000  -0.0000  -0.0000   0.0000   0.0000   0.0000    0.256
   128   0.0000   6.6646   2.2808  -0.0000   0.0000  -0.0000  -0.0000  -0.0000   0.0000   0.0000   0.0000    0.255
   129   0.0000   5.8609   2.1733  -0.0000   0.0000  -0.0000  -0.0000  -0.0000   0.0000  -0.0000   0.0000    0.239
   130   0.0000   4.9969   1.9773  -0.0000   0.0000  -0.0000  -0.0000  -0.0000   0.0000  -0.0000   0.0000    0.224
   131   0.0000   4.4389   1.6667  -0.0000   0.0000  -0.0000  -0.0000  -0.0000   0.0000  -0.0000   0.0000    0.211
   132   0.0000   4.2198   1.6478  -0.0000   0.0000  -0.0000  -0.0000  -0.0000   0.0000  -0.0000   0.0000    0.210
   133   0.0000   3.9932   1.6033  -0.0000  -0.0000  -0.0000  -0.0000  -0.0000   0.0000  -0.0000   0.0000    0.213
   134   0.0000   3.7615   1.5362  -0.0000   0.0000  -0.0000  -0.0000  -0.0000   0.0000  -0.0000   0.0000    0.221
   135   0.0000   3.5271   1.4499  -0.0000   0.0000  -0.0000  -0.0000  -0.0000   0.0000  -0.0000   0.0000    0.220
   136   0.0000   3.2923   1.3482  -0.0000   0.0000  -0.0000  -0.0000  -0.0000   0.0000  -0.0000   0.0000    0.227
   137   0.0000   3.0597   1.2352  -0.0000   0.0000  -0.0000  -0.0000  -0.0000   0.0000  -0.0000   0.0000    0.233
   138   0.0000   2.8315   1.1147  -0.0000   0.0000  -0.0000  -0.0000  -0.0000   0.0000  -0.0000   0.0000    0.232
   139   0.0000   2.6103   0.9908  -0.0000   0.0000  -0.0000  -0.0000  -0.0000   0.0000  -0.0000   0.0000    0.230
   140   0.0000   2.3983   0.8670  -0.0000   0.0000  -0.0000  -0.0000  -0.0000   0.0000  -0.0000   0.0000    0.228
   141   0.0000   2.1977   0.7464  -0.0000   0.0000  -0.0000  -0.0000  -0.0000   0.0000  -0.0000   0.0000    0.231
   142   0.0000   2.0106   0.6318  -0.0000   0.0000  -0.0000  -0.0000  -0.0000   0.0000  -0.0000   0.0000    0.227
   143   0.0000   1.8390   0.5251  -0.0000   0.0000  -0.0000  -0.0000  -0.0000   0.0000  -0.0000   0.0000    0.224
   144   0.0000   1.6847   0.4276  -0.0000   0.0000  -0.0000  -0.0000  -0.0000   0.0000  -0.0000   0.0000    0.215
   145   0.0000   1.5493   0.3400  -0.0000   0.0000  -0.0000  -0.0000  -0.0000   0.0000  -0.0000   0.0000    0.199
   146   0.0000   1.4342   0.2622  -0.0000   0.0000  -0.0000  -0.0000  -0.0000   0.0000  -0.0000   0.0000    0.185
   147   0.0000   1.3407   0.1933  -0.0000   0.0000  -0.0000  -0.0000  -0.0000   0.0000  -0.0000   0.0000    0.167
   148   0.0000   1.2696   0.1322  -0.0000   0.0000  -0.0000  -0.0000  -0.0000   0.0000  -0.0000   0.0000    0.142
   149   0.0000   1.2218   0.0769  -0.0000   0.0000  -0.0000  -0.0000  -0.0000   0.0000  -0.0000   0.0000    0.128
   150   0.0000   1.1978   0.0252  -0.0000   0.0000  -0.0000  -0.0000  -0.0000   0.0000  -0.0000   0.0000    0.114

  Surface # 6     fuselage_horizontal                     
     # Chordwise = 10   # Spanwise = 10     First strip =151
     Surface area =  123.841202       Ave. chord =   33.112617
     CLsurf  =  -0.00050     Clsurf  =   0.00000
     CYsurf  =  -0.00000     Cmsurf  =   0.01665
     CDsurf  =  -0.00012     Cnsurf  =   0.00000
     CDisurf =  -0.00012     CDvsurf =   0.00000

  Forces referred to Ssurf, Cave about hinge axis thru LE
     CLsurf  =  -0.00050     CDsurf  =  -0.00012
     Deflect =

 Strip Forces referred to Strip Area, Chord
    j      Yle    Chord     Area     c cl      ai      cl_norm  cl       cd       cdv    cm_c/4    cm_LE  C.P.x/c
   151  -1.6830  26.5957   9.9468  -0.0244   0.0466  -0.0111  -0.0009  -0.0006   0.0000   0.0020   0.0003
   152  -1.3090  31.2096  11.6724  -0.0226   0.0550  -0.0028  -0.0007  -0.0002   0.0000   0.0022   0.0006
   153  -0.9350  34.0626  12.7394  -0.0170   0.0610  -0.0012  -0.0005  -0.0001   0.0000   0.0022   0.0008
   154  -0.5610  36.1619  13.5246  -0.0114   0.0653  -0.0005  -0.0003   0.0000   0.0000   0.0022   0.0010
   155  -0.1870  37.5332  14.0374  -0.0079   0.0679  -0.0003  -0.0002   0.0001   0.0000   0.0022   0.0016
   156   0.1870  37.5332  14.0374  -0.0079   0.0679  -0.0003  -0.0002   0.0001   0.0000   0.0022   0.0016
   157   0.5610  36.1619  13.5246  -0.0114   0.0653  -0.0005  -0.0003   0.0000   0.0000   0.0022   0.0010
   158   0.9350  34.0626  12.7394  -0.0170   0.0610  -0.0012  -0.0005  -0.0001   0.0000   0.0022   0.0008
   159   1.3090  31.2096  11.6724  -0.0226   0.0550  -0.0028  -0.0007  -0.0002   0.0000   0.0022   0.0006
   160   1.6830  26.5957   9.9468  -0.0244   0.0466  -0.0111  -0.0009  -0.0006   0.0000   0.0020   0.0003

  Surface # 7     fuselage_vertical                       
     # Chordwise = 10   # Spanwise = 10     First strip =161
     Surface area =  123.841202       Ave. chord =   33.112617
     CLsurf  =   0.00000     Clsurf  =   0.00000
     CYsurf  =   0.00000     Cmsurf  =  -0.00000
     CDsurf  =   0.00000     Cnsurf  =  -0.00000
     CDisurf =   0.00000     CDvsurf =   0.00000

  Forces referred to Ssurf, Cave about hinge axis thru LE
     CLsurf  =  -0.00000     CDsurf  =   0.00000
     Deflect =

 Strip Forces referred to Strip Area, Chord
    j      Yle    Chord     Area     c cl      ai      cl_norm  cl       cd       cdv    cm_c/4    cm_LE  C.P.x/c
   161   0.0000  26.5957   9.9468   0.0000  -0.0000   0.0000   0.0000   0.0000   0.0000  -0.0000  -0.0000    0.814
   162   0.0000  31.2096  11.6724  -0.0000  -0.0000  -0.0000  -0.0000  -0.0000   0.0000   0.0000   0.0000    0.334
   163   0.0000  34.0626  12.7394  -0.0000  -0.0000  -0.0000  -0.0000  -0.0000   0.0000   0.0000   0.0000    0.440
   164   0.0000  36.1619  13.5246  -0.0000   0.0000  -0.0000  -0.0000  -0.0000   0.0000   0.0000   0.0000    0.450
   165   0.0000  37.5332  14.0374  -0.0000   0.0000  -0.0000  -0.0000   0.0000   0.0000   0.0000   0.0000    0.465
   166   0.0000  37.5332  14.0374  -0.0000   0.0000  -0.0000  -0.0000   0.0000   0.0000   0.0000   0.0000    0.513
   167   0.0000  36.1619  13.5246  -0.0000   0.0000  -0.0000  -0.0000   0.0000   0.0000   0.0000   0.0000    0.545
   168   0.0000  34.0626  12.7394  -0.0000   0.0000  -0.0000  -0.0000   0.0000   0.0000   0.0000   0.0000    0.533
   169   0.0000  31.2096  11.6724  -0.0000   0.0000  -0.0000  -0.0000  -0.0000   0.0000   0.0000   0.0000    0.551
   170   0.0000  26.5957   9.9468  -0.0000   0.0000  -0.0000  -0.0000  -0.0000   0.0000   0.0000   0.0000    0.589
 ---------------------------------------------------------------
