 ---------------------------------------------------------------
 Surface and Strip Forces by surface

  Forces referred to Sref, Cref, Bref about Xref, Yref, Zref
 Standard axis orientation,  X fwd, Z down         

  Surface # 1     main_wing                               
     # Chordwise = 10   # Spanwise = 30     First strip =  1
     Surface area =   63.968842       Ave. chord =    3.715026
     CLsurf  =   0.71699     Clsurf  =  -0.14556
     CYsurf  =  -0.03823     Cmsurf  =  -0.68090
     CDsurf  =   0.04239     Cnsurf  =  -0.02303
     CDisurf =   0.04239     CDvsurf =   0.00000

  Forces referred to Ssurf, Cave about hinge axis thru LE
     CLsurf  =   1.40134     CDsurf  =   0.08275
     Deflect =

 Strip Forces referred to Strip Area, Chord
    j      Yle    Chord     Area     c cl      ai      cl_norm  cl       cd       cdv    cm_c/4    cm_LE  C.P.x/c
     1   0.0114   7.7520   0.3539   9.3769   0.2496   1.0708   0.8310   2.2459   0.0000  -0.1101  -0.3390    0.383
     2   0.1025   7.6885   1.0491   7.6830   0.2495   1.2258   0.9514   0.3580   0.0000  -0.0965  -0.2851    0.351
     3   0.2837   7.5620   1.7073   7.5466   0.2486   1.2533   0.9727   0.2298   0.0000  -0.0931  -0.2820    0.346
     4   0.5530   7.3741   2.3052   7.4985   0.2460   1.2849   0.9972   0.1997   0.0000  -0.0877  -0.2816    0.338
     5   0.9075   7.1267   2.8223   7.4539   0.2396   1.3251   1.0285   0.1899   0.0000  -0.0811  -0.2823    0.329
     6   1.3432   6.8226   3.2414   7.3920   0.2233   1.3766   1.0684   0.1797   0.0000  -0.0740  -0.2843    0.319
     7   1.8554   6.4651   3.5491   7.2929   0.1874   1.4395   1.1172   0.1595   0.0000  -0.0676  -0.2883    0.311
     8   2.4386   6.0582   3.7368   7.1527   0.1523   1.5123   1.1737   0.1422   0.0000  -0.0622  -0.2949    0.303
     9   3.0862   5.6062   3.8005   6.9695   0.1376   1.5994   1.2413   0.1190   0.0000  -0.0582  -0.3045    0.297
    10   3.7613   5.1351   3.4440   6.8147   0.1257   1.7137   1.3300   0.0996   0.0000  -0.0527  -0.3174    0.290
    11   4.4532   4.6522   3.3149   6.4861   0.1099   1.8055   1.4012   0.0823   0.0000  -0.0476  -0.3272    0.284
    12   5.1831   4.1429   3.0930   6.2306   0.0842   1.9573   1.5190   0.0460   0.0000  -0.0450  -0.3478    0.280
    13   6.0123   3.7903   3.4706   5.9252   0.0647   1.9436   1.5815   0.0337   0.0000  -0.0269  -0.3800    0.267
    14   6.9353   3.6075   3.3775   5.6768   0.0621   1.9579   1.5931   0.0276   0.0000  -0.0226  -0.3786    0.264
    15   7.8737   3.4215   3.2389   5.4424   0.0565   1.9806   1.6116   0.0206   0.0000  -0.0204  -0.3806    0.263
    16   8.8172   3.2345   3.0619   5.2070   0.0531   2.0064   1.6326   0.0121   0.0000  -0.0195  -0.3842    0.262
    17   9.7556   3.0486   2.8543   4.9668   0.0528   2.0322   1.6536   0.0048   0.0000  -0.0192  -0.3884    0.262
    18  10.6786   2.8657   2.6239   4.7238   0.0550   2.0577   1.6744  -0.0027   0.0000  -0.0191  -0.3926    0.261
    19  11.5760   2.6879   2.3787   4.4722   0.0587   2.0787   1.6914  -0.0103   0.0000  -0.0185  -0.3956    0.261
    20  12.4328   2.5181   2.1010   4.2149   0.0646   2.0926   1.7027  -0.0170   0.0000  -0.0162  -0.3959    0.260
    21  13.2400   2.3582   1.8520   3.9485   0.0730   2.0945   1.7043  -0.0223   0.0000  -0.0115  -0.3919    0.257
    22  13.9941   2.2087   1.6074   3.6646   0.0834   2.0768   1.6899  -0.0287   0.0000  -0.0041  -0.3818    0.252
    23  14.6868   2.0715   1.3716   3.3530   0.0953   2.0277   1.6499  -0.0353   0.0000   0.0065  -0.3633    0.246
    24  15.3105   1.9479   1.1479   3.0062   0.1079   1.9351   1.5746  -0.0418   0.0000   0.0189  -0.3352    0.238
    25  15.8583   1.8393   0.9381   2.6150   0.1205   1.7839   1.4515  -0.0439   0.0000   0.0273  -0.3001    0.231
    26  16.3244   1.7470   0.7427   2.1769   0.1335   1.5611   1.2703  -0.0277   0.0000   0.0184  -0.2678    0.235
    27  16.6722   1.4928   0.4131   1.7109   0.1453   3.9008   1.1922  -0.1550   0.0000   0.0088  -0.1431    0.243
    28  16.9098   1.1466   0.2292   1.2469   0.1572   3.7688   1.1518  -0.2615   0.0000   0.0608  -0.1121    0.197
    29  17.0696   0.9138   0.1104   0.7592   0.1641   2.9683   0.9072  -0.3494   0.0000   0.0998  -0.0616    0.140
    30  17.1499   0.7967   0.0322   0.2550   0.1674   1.2196   0.3727  -0.2630   0.0000   0.0569  -0.0154    0.097

  Surface # 2     main_wing (YDUP)                        
     # Chordwise = 10   # Spanwise = 30     First strip = 31
     Surface area =   63.968842       Ave. chord =    3.715026
     CLsurf  =   0.71699     Clsurf  =   0.14556
     CYsurf  =   0.03823     Cmsurf  =  -0.68090
     CDsurf  =   0.04239     Cnsurf  =   0.02303
     CDisurf =   0.04239     CDvsurf =   0.00000

  Forces referred to Ssurf, Cave about hinge axis thru LE
     CLsurf  =   1.40133     CDsurf  =   0.08275
     Deflect =

 Strip Forces referred to Strip Area, Chord
    j      Yle    Chord     Area     c cl      ai      cl_norm  cl       cd       cdv    cm_c/4    cm_LE  C.P.x/c
    31  -0.0114   7.7520   0.3539   9.3769   0.2496   1.0708   0.8310   2.2459   0.0000  -0.1101   0.3390    0.383
    32  -0.1025   7.6885   1.0491   7.6830   0.2495   1.2258   0.9514   0.3580   0.0000  -0.0965   0.2851    0.351
    33  -0.2837   7.5620   1.7073   7.5466   0.2486   1.2533   0.9727   0.2298   0.0000  -0.0931   0.2820    0.346
    34  -0.5530   7.3741   2.3052   7.4985   0.2460   1.2849   0.9972   0.1997   0.0000  -0.0877   0.2816    0.338
    35  -0.9075   7.1267   2.8223   7.4539   0.2396   1.3251   1.0285   0.1899   0.0000  -0.0811   0.2823    0.329
    36  -1.3432   6.8226   3.2414   7.3920   0.2233   1.3766   1.0684   0.1797   0.0000  -0.0740   0.2843    0.319
    37  -1.8554   6.4651   3.5491   7.2929   0.1874   1.4395   1.1172   0.1595   0.0000  -0.0676   0.2883    0.311
    38  -2.4386   6.0582   3.7368   7.1527   0.1523   1.5123   1.1737   0.1422   0.0000  -0.0622   0.2949    0.303
    39  -3.0862   5.6062   3.8005   6.9695   0.1376   1.5994   1.2413   0.1190   0.0000  -0.0582   0.3045    0.297
    40  -3.7613   5.1351   3.4440   6.8147   0.1257   1.7137   1.3300   0.0996   0.0000  -0.0527   0.3174    0.290
    41  -4.4532   4.6522   3.3149   6.4861   0.1099   1.8055   1.4012   0.0823   0.0000  -0.0476   0.3272    0.284
    42  -5.1831   4.1429   3.0930   6.2306   0.0842   1.9573   1.5190   0.0460   0.0000  -0.0450   0.3478    0.280
    43  -6.0123   3.7903   3.4706   5.9251   0.0647   1.9436   1.5815   0.0337   0.0000  -0.0269   0.3800    0.267
    44  -6.9353   3.6075   3.3775   5.6768   0.0621   1.9579   1.5931   0.0276   0.0000  -0.0226   0.3786    0.264
    45  -7.8737   3.4215   3.2389   5.4424   0.0565   1.9806   1.6116   0.0206   0.0000  -0.0204   0.3806    0.263
    46  -8.8172   3.2345   3.0619   5.2070   0.0531   2.0064   1.6326   0.0121   0.0000  -0.0195   0.3842    0.262
    47  -9.7556   3.0486   2.8543   4.9668   0.0528   2.0322   1.6536   0.0048   0.0000  -0.0192   0.3884    0.262
    48 -10.6786   2.8657   2.6239   4.7238   0.0550   2.0577   1.6744  -0.0027   0.0000  -0.0191   0.3926    0.261
    49 -11.5760   2.6879   2.3787   4.4721   0.0587   2.0787   1.6914  -0.0103   0.0000  -0.0185   0.3956    0.261
    50 -12.4328   2.5181   2.1010   4.2149   0.0646   2.0926   1.7027  -0.0170   0.0000  -0.0162   0.3959    0.260
    51 -13.2400   2.3582   1.8520   3.9485   0.0730   2.0945   1.7043  -0.0223   0.0000  -0.0115   0.3919    0.257
    52 -13.9941   2.2087   1.6074   3.6646   0.0834   2.0768   1.6899  -0.0287   0.0000  -0.0041   0.3818    0.252
    53 -14.6868   2.0715   1.3716   3.3530   0.0953   2.0277   1.6499  -0.0353   0.0000   0.0065   0.3633    0.246
    54 -15.3105   1.9479   1.1479   3.0062   0.1079   1.9351   1.5746  -0.0418   0.0000   0.0189   0.3352    0.238
    55 -15.8583   1.8393   0.9381   2.6150   0.1205   1.7839   1.4515  -0.0439   0.0000   0.0273   0.3001    0.231
    56 -16.3244   1.7470   0.7427   2.1769   0.1335   1.5611   1.2703  -0.0277   0.0000   0.0184   0.2678    0.235
    57 -16.6722   1.4928   0.4131   1.7109   0.1453   3.9008   1.1922  -0.1550   0.0000   0.0088   0.1431    0.243
    58 -16.9098   1.1466   0.2292   1.2469   0.1572   3.7688   1.1518  -0.2615   0.0000   0.0608   0.1121    0.197
    59 -17.0696   0.9138   0.1104   0.7592   0.1641   2.9683   0.9071  -0.3494   0.0000   0.0998   0.0616    0.140
    60 -17.1499   0.7967   0.0322   0.2550   0.1674   1.2196   0.3727  -0.2630   0.0000   0.0569   0.0154    0.097

  Surface # 3     horizontal_stabilizer                   
     # Chordwise = 10   # Spanwise = 30     First strip = 61
     Surface area =   20.744604       Ave. chord =    2.848572
     CLsurf  =   0.07117     Clsurf  =  -0.00737
     CYsurf  =  -0.01212     Cmsurf  =  -0.35011
     CDsurf  =   0.00871     Cnsurf  =   0.00656
     CDisurf =   0.00871     CDvsurf =   0.00000

  Forces referred to Ssurf, Cave about hinge axis thru LE
     CLsurf  =   0.43447     CDsurf  =   0.05243
     Deflect =

 Strip Forces referred to Strip Area, Chord
    j      Yle    Chord     Area     c cl      ai      cl_norm  cl       cd       cdv    cm_c/4    cm_LE  C.P.x/c
    61   0.0047   4.2713   0.0803   2.1188   0.1958   0.5581   0.4243   0.4487   0.0000  -0.0372  -0.1393    0.338
    62   0.0418   4.2566   0.2392   1.5561   0.1965   0.4680   0.3558   0.0872   0.0000  -0.0306  -0.1062    0.336
    63   0.1156   4.2274   0.3930   1.5107   0.1968   0.4631   0.3520   0.0610   0.0000  -0.0294  -0.1035    0.334
    64   0.2254   4.1839   0.5386   1.5006   0.1962   0.4661   0.3543   0.0557   0.0000  -0.0277  -0.1024    0.328
    65   0.3698   4.1268   0.6730   1.4948   0.1946   0.4711   0.3581   0.0545   0.0000  -0.0253  -0.1012    0.321
    66   0.5474   4.0565   0.7936   1.4910   0.1916   0.4784   0.3636   0.0541   0.0000  -0.0226  -0.1001    0.312
    67   0.7617   3.9717   0.9441   1.4859   0.1868   0.4872   0.3703   0.0537   0.0000  -0.0197  -0.0992    0.303
    68   1.0116   3.8728   1.0344   1.4767   0.1802   0.4970   0.3777   0.0531   0.0000  -0.0168  -0.0984    0.295
    69   1.2891   3.7630   1.1046   1.4672   0.1718   0.5085   0.3865   0.0529   0.0000  -0.0142  -0.0982    0.287
    70   1.5912   3.6435   1.1542   1.4558   0.1624   0.5214   0.3963   0.0530   0.0000  -0.0118  -0.0983    0.280
    71   1.9146   3.5155   1.1831   1.4425   0.1530   0.5357   0.4072   0.0531   0.0000  -0.0097  -0.0989    0.274
    72   2.2558   3.3805   1.1921   1.4264   0.1449   0.5513   0.4190   0.0530   0.0000  -0.0077  -0.0998    0.268
    73   2.6109   3.2400   1.1821   1.4091   0.1386   0.5685   0.4321   0.0533   0.0000  -0.0058  -0.1011    0.263
    74   2.9762   3.0955   1.1548   1.3906   0.1342   0.5875   0.4466   0.0538   0.0000  -0.0039  -0.1028    0.259
    75   3.3476   2.9485   1.1122   1.3677   0.1314   0.6071   0.4614   0.0539   0.0000  -0.0021  -0.1045    0.255
    76   3.7210   2.8008   1.0564   1.3422   0.1299   0.6275   0.4770   0.0542   0.0000   0.0000  -0.1061    0.250
    77   4.0924   2.6538   0.9900   1.3128   0.1293   0.6482   0.4927   0.0541   0.0000   0.0023  -0.1076    0.245
    78   4.4577   2.5093   0.9155   1.2779   0.1296   0.6678   0.5076   0.0534   0.0000   0.0051  -0.1086    0.240
    79   4.8128   2.3687   0.8353   1.2360   0.1307   0.6847   0.5204   0.0528   0.0000   0.0084  -0.1085    0.234
    80   5.1540   2.2338   0.7518   1.1867   0.1325   0.6976   0.5302   0.0515   0.0000   0.0124  -0.1073    0.227
    81   5.4774   2.1058   0.6671   1.1279   0.1347   0.7040   0.5351   0.0492   0.0000   0.0172  -0.1043    0.218
    82   5.7795   1.9862   0.5830   1.0583   0.1373   0.7011   0.5329   0.0458   0.0000   0.0228  -0.0990    0.207
    83   6.0570   1.8764   0.5012   0.9791   0.1399   0.6873   0.5224   0.0417   0.0000   0.0289  -0.0915    0.195
    84   6.3069   1.7776   0.4225   0.8897   0.1425   0.6600   0.5017   0.0367   0.0000   0.0350  -0.0817    0.180
    85   6.5264   1.6907   0.3478   0.7897   0.1448   0.6169   0.4689   0.0303   0.0000   0.0403  -0.0699    0.164
    86   6.7314   1.6096   0.3326   0.6745   0.1468   0.5544   0.4213   0.0231   0.0000   0.0440  -0.0562    0.146
    87   6.9144   1.5372   0.2507   0.5394   0.1487   0.4654   0.3537   0.0144   0.0000   0.0442  -0.0410    0.125
    88   7.0535   1.4822   0.1746   0.3926   0.1501   0.3527   0.2680   0.0051   0.0000   0.0386  -0.0266    0.106
    89   7.1471   1.4451   0.1029   0.2387   0.1510   0.2211   0.1681  -0.0021   0.0000   0.0267  -0.0144    0.091
    90   7.1941   1.4265   0.0340   0.0801   0.1515   0.0771   0.0586  -0.0091   0.0000   0.0095  -0.0045    0.088

  Surface # 4     horizontal_stabilizer (YDUP)            
     # Chordwise = 10   # Spanwise = 30     First strip = 91
     Surface area =   20.744604       Ave. chord =    2.848572
     CLsurf  =   0.07117     Clsurf  =   0.00737
     CYsurf  =   0.01212     Cmsurf  =  -0.35011
     CDsurf  =   0.00871     Cnsurf  =  -0.00656
     CDisurf =   0.00871     CDvsurf =   0.00000

  Forces referred to Ssurf, Cave about hinge axis thru LE
     CLsurf  =   0.43446     CDsurf  =   0.05243
     Deflect =

 Strip Forces referred to Strip Area, Chord
    j      Yle    Chord     Area     c cl      ai      cl_norm  cl       cd       cdv    cm_c/4    cm_LE  C.P.x/c
    91  -0.0047   4.2713   0.0803   2.1188   0.1958   0.5581   0.4243   0.4487   0.0000  -0.0372   0.1393    0.338
    92  -0.0418   4.2566   0.2392   1.5561   0.1965   0.4680   0.3558   0.0872   0.0000  -0.0306   0.1062    0.336
    93  -0.1156   4.2274   0.3930   1.5107   0.1968   0.4631   0.3520   0.0610   0.0000  -0.0294   0.1035    0.334
    94  -0.2254   4.1839   0.5386   1.5006   0.1962   0.4661   0.3543   0.0557   0.0000  -0.0277   0.1024    0.328
    95  -0.3698   4.1268   0.6730   1.4948   0.1946   0.4711   0.3581   0.0545   0.0000  -0.0253   0.1012    0.321
    96  -0.5474   4.0565   0.7936   1.4910   0.1916   0.4784   0.3636   0.0541   0.0000  -0.0226   0.1001    0.312
    97  -0.7617   3.9717   0.9441   1.4859   0.1868   0.4872   0.3703   0.0537   0.0000  -0.0197   0.0992    0.303
    98  -1.0116   3.8728   1.0344   1.4767   0.1802   0.4970   0.3777   0.0531   0.0000  -0.0168   0.0984    0.295
    99  -1.2891   3.7630   1.1046   1.4672   0.1718   0.5085   0.3865   0.0529   0.0000  -0.0142   0.0982    0.287
   100  -1.5912   3.6435   1.1542   1.4558   0.1624   0.5214   0.3963   0.0530   0.0000  -0.0118   0.0983    0.280
   101  -1.9146   3.5155   1.1831   1.4425   0.1530   0.5357   0.4072   0.0531   0.0000  -0.0097   0.0989    0.274
   102  -2.2558   3.3805   1.1921   1.4264   0.1449   0.5513   0.4190   0.0530   0.0000  -0.0077   0.0998    0.268
   103  -2.6109   3.2400   1.1821   1.4091   0.1386   0.5685   0.4321   0.0533   0.0000  -0.0058   0.1011    0.263
   104  -2.9762   3.0955   1.1548   1.3906   0.1342   0.5875   0.4466   0.0538   0.0000  -0.0039   0.1028    0.259
   105  -3.3476   2.9485   1.1122   1.3677   0.1314   0.6071   0.4614   0.0539   0.0000  -0.0021   0.1045    0.255
   106  -3.7210   2.8008   1.0564   1.3422   0.1299   0.6275   0.4770   0.0542   0.0000   0.0000   0.1061    0.250
   107  -4.0924   2.6538   0.9900   1.3128   0.1293   0.6482   0.4927   0.0541   0.0000   0.0023   0.1076    0.245
   108  -4.4577   2.5093   0.9155   1.2779   0.1296   0.6678   0.5076   0.0534   0.0000   0.0051   0.1086    0.240
   109  -4.8128   2.3687   0.8353   1.2360   0.1307   0.6847   0.5204   0.0528   0.0000   0.0084   0.1085    0.234
   110  -5.1540   2.2338   0.7518   1.1866   0.1325   0.6976   0.5302   0.0515   0.0000   0.0124   0.1073    0.227
   111  -5.4774   2.1058   0.6671   1.1279   0.1347   0.7040   0.5351   0.0492   0.0000   0.0172   0.1043    0.218
   112  -5.7795   1.9862   0.5830   1.0583   0.1373   0.7011   0.5329   0.0458   0.0000   0.0228   0.0990    0.207
   113  -6.0570   1.8764   0.5012   0.9791   0.1399   0.6873   0.5224   0.0417   0.0000   0.0289   0.0915    0.195
   114  -6.3069   1.7776   0.4225   0.8897   0.1425   0.6600   0.5017   0.0367   0.0000   0.0350   0.0817    0.180
   115  -6.5264   1.6907   0.3478   0.7897   0.1448   0.6169   0.4689   0.0303   0.0000   0.0403   0.0699    0.164
   116  -6.7314   1.6096   0.3326   0.6745   0.1468   0.5544   0.4213   0.0231   0.0000   0.0440   0.0562    0.146
   117  -6.9144   1.5372   0.2507   0.5394   0.1487   0.4654   0.3537   0.0144   0.0000   0.0442   0.0410    0.125
   118  -7.0535   1.4822   0.1746   0.3926   0.1501   0.3527   0.2680   0.0051   0.0000   0.0386   0.0266    0.106
   119  -7.1471   1.4451   0.1029   0.2387   0.1510   0.2211   0.1681  -0.0021   0.0000   0.0267   0.0144    0.091
   120  -7.1941   1.4265   0.0340   0.0801   0.1515   0.0771   0.0586  -0.0091   0.0000   0.0095   0.0045    0.088

  Surface # 5     vertical_stabilizer                     
     # Chordwise = 10   # Spanwise = 30     First strip =121
     Surface area =   34.910358       Ave. chord =    4.190919
     CLsurf  =   0.00000     Clsurf  =   0.00000
     CYsurf  =   0.00000     Cmsurf  =  -0.00000
     CDsurf  =  -0.00000     Cnsurf  =  -0.00000
     CDisurf =  -0.00000     CDvsurf =   0.00000

  Forces referred to Ssurf, Cave about hinge axis thru LE
     CLsurf  =  -0.00000     CDsurf  =  -0.00000
     Deflect =

 Strip Forces referred to Strip Area, Chord
    j      Yle    Chord     Area     c cl      ai      cl_norm  cl       cd       cdv    cm_c/4    cm_LE  C.P.x/c
   121   0.0000  10.0347   0.6931  -0.0000   0.0000  -0.0000  -0.0000   0.0000   0.0000   0.0000   0.0000    0.508
   122   0.0000   9.8296   1.1101  -0.0000   0.0000  -0.0000  -0.0000   0.0000   0.0000   0.0000   0.0000    0.510
   123   0.0000   9.5266   1.4857  -0.0000  -0.0000  -0.0000  -0.0000   0.0000   0.0000   0.0000   0.0000    0.519
   124   0.0000   9.1281   1.8040  -0.0000   0.0000  -0.0000  -0.0000   0.0000   0.0000   0.0000   0.0000    0.528
   125   0.0000   8.6377   2.0517  -0.0000   0.0000  -0.0000  -0.0000   0.0000   0.0000   0.0000   0.0000    0.533
   126   0.0000   8.0598   2.2181  -0.0000   0.0000  -0.0000  -0.0000   0.0000   0.0000   0.0000   0.0000    0.524
   127   0.0000   7.4000   2.2957  -0.0000   0.0000  -0.0000  -0.0000   0.0000   0.0000   0.0000   0.0000    0.513
   128   0.0000   6.6646   2.2808  -0.0000   0.0000  -0.0000  -0.0000   0.0000   0.0000   0.0000   0.0000    0.492
   129   0.0000   5.8609   2.1733  -0.0000   0.0000  -0.0000  -0.0000  -0.0000   0.0000   0.0000   0.0000    0.459
   130   0.0000   4.9969   1.9773  -0.0000   0.0000  -0.0000  -0.0000  -0.0000   0.0000   0.0000   0.0000    0.406
   131   0.0000   4.4389   1.6667  -0.0000   0.0000  -0.0000  -0.0000  -0.0000   0.0000   0.0000   0.0000    0.359
   132   0.0000   4.2198   1.6478  -0.0000   0.0000  -0.0000  -0.0000   0.0000   0.0000   0.0000   0.0000    0.340
   133   0.0000   3.9932   1.6033  -0.0000   0.0000  -0.0000  -0.0000  -0.0000   0.0000   0.0000   0.0000    0.324
   134   0.0000   3.7615   1.5362  -0.0000   0.0000  -0.0000  -0.0000  -0.0000   0.0000   0.0000   0.0000    0.310
   135   0.0000   3.5271   1.4499  -0.0000   0.0000  -0.0000  -0.0000  -0.0000   0.0000   0.0000   0.0000    0.297
   136   0.0000   3.2923   1.3482  -0.0000   0.0000  -0.0000  -0.0000  -0.0000   0.0000   0.0000   0.0000    0.282
   137   0.0000   3.0597   1.2352  -0.0000   0.0000  -0.0000  -0.0000  -0.0000   0.0000   0.0000   0.0000    0.267
   138   0.0000   2.8315   1.1147  -0.0000   0.0000  -0.0000  -0.0000  -0.0000   0.0000   0.0000   0.0000    0.257
   139   0.0000   2.6103   0.9908  -0.0000   0.0000  -0.0000  -0.0000  -0.0000   0.0000  -0.0000   0.0000    0.246
   140   0.0000   2.3983   0.8670  -0.0000   0.0000  -0.0000  -0.0000  -0.0000   0.0000  -0.0000   0.0000    0.235
   141   0.0000   2.1977   0.7464  -0.0000   0.0000  -0.0000  -0.0000  -0.0000   0.0000  -0.0000   0.0000    0.225
   142   0.0000   2.0106   0.6318  -0.0000   0.0000  -0.0000  -0.0000  -0.0000   0.0000  -0.0000   0.0000    0.212
   143   0.0000   1.8390   0.5251  -0.0000   0.0000  -0.0000  -0.0000  -0.0000   0.0000  -0.0000   0.0000    0.200
   144   0.0000   1.6847   0.4276  -0.0000   0.0000  -0.0000  -0.0000  -0.0000   0.0000  -0.0000   0.0000    0.185
   145   0.0000   1.5493   0.3400  -0.0000   0.0000  -0.0000  -0.0000  -0.0000   0.0000  -0.0000   0.0000    0.166
   146   0.0000   1.4342   0.2622  -0.0000   0.0000  -0.0000  -0.0000  -0.0000   0.0000  -0.0000   0.0000    0.143
   147   0.0000   1.3407   0.1933  -0.0000   0.0000  -0.0000  -0.0000  -0.0000   0.0000  -0.0000   0.0000    0.122
   148   0.0000   1.2696   0.1322  -0.0000   0.0000  -0.0000  -0.0000  -0.0000   0.0000  -0.0000   0.0000    0.098
   149   0.0000   1.2218   0.0769  -0.0000   0.0000  -0.0000  -0.0000  -0.0000   0.0000  -0.0000   0.0000    0.079
   150   0.0000   1.1978   0.0252  -0.0000   0.0000  -0.0000  -0.0000  -0.0000   0.0000  -0.0000   0.0000    0.071

  Surface # 6     fuselage_horizontal                     
     # Chordwise = 10   # Spanwise = 10     First strip =151
     Surface area =  123.841202       Ave. chord =   33.112617
     CLsurf  =   0.01610     Clsurf  =  -0.00000
     CYsurf  =   0.00000     Cmsurf  =   0.08796
     CDsurf  =  -0.00004     Cnsurf  =   0.00000
     CDisurf =  -0.00004     CDvsurf =   0.00000

  Forces referred to Ssurf, Cave about hinge axis thru LE
     CLsurf  =   0.01623     CDsurf  =  -0.00004
     Deflect =

 Strip Forces referred to Strip Area, Chord
    j      Yle    Chord     Area     c cl      ai      cl_norm  cl       cd       cdv    cm_c/4    cm_LE  C.P.x/c
   151  -1.6830  26.5957   9.9468   0.3718   0.2809   0.1432   0.0153  -0.0065   0.0000   0.0054   0.0003   -0.101
   152  -1.3090  31.2096  11.6724   0.5249   0.3023   0.0625   0.0174  -0.0019   0.0000   0.0071   0.0007   -0.159
   153  -0.9350  34.0626  12.7394   0.5590   0.2681   0.0390   0.0166   0.0002   0.0000   0.0092   0.0017   -0.304
   154  -0.5610  36.1619  13.5246   0.5852   0.2594   0.0266   0.0161   0.0017   0.0000   0.0101   0.0027   -0.375
   155  -0.1870  37.5332  14.0374   0.6041   0.2605   0.0180   0.0156   0.0042   0.0000   0.0103   0.0043   -0.409
   156   0.1870  37.5332  14.0374   0.6041   0.2605   0.0180   0.0156   0.0042   0.0000   0.0103   0.0043   -0.409
   157   0.5610  36.1619  13.5246   0.5852   0.2594   0.0266   0.0161   0.0017   0.0000   0.0101   0.0027   -0.375
   158   0.9350  34.0626  12.7394   0.5590   0.2681   0.0390   0.0166   0.0002   0.0000   0.0092   0.0017   -0.304
   159   1.3090  31.2096  11.6724   0.5249   0.3023   0.0625   0.0174  -0.0019   0.0000   0.0071   0.0007   -0.159
   160   1.6830  26.5957   9.9468   0.3718   0.2809   0.1432   0.0153  -0.0065   0.0000   0.0054   0.0003   -0.101

  Surface # 7     fuselage_vertical                       
     # Chordwise = 10   # Spanwise = 10     First strip =161
     Surface area =  123.841202       Ave. chord =   33.112617
     CLsurf  =  -0.00000     Clsurf  =  -0.00000
     CYsurf  =   0.00000     Cmsurf  =   0.00000
     CDsurf  =   0.00000     Cnsurf  =   0.00000
     CDisurf =   0.00000     CDvsurf =   0.00000

  Forces referred to Ssurf, Cave about hinge axis thru LE
     CLsurf  =  -0.00000     CDsurf  =   0.00000
     Deflect =

 Strip Forces referred to Strip Area, Chord
    j      Yle    Chord     Area     c cl      ai      cl_norm  cl       cd       cdv    cm_c/4    cm_LE  C.P.x/c
   161   0.0000  26.5957   9.9468  -0.0000  -0.0000  -0.0000  -0.0000   0.0000   0.0000   0.0000   0.0000    1.471
   162   0.0000  31.2096  11.6724   0.0000  -0.0000   0.0000   0.0000  -0.0000   0.0000  -0.0000  -0.0000
   163   0.0000  34.0626  12.7394   0.0000   0.0000   0.0000   0.0000  -0.0000   0.0000  -0.0000  -0.0000
   164   0.0000  36.1619  13.5246   0.0000   0.0000   0.0000   0.0000   0.0000   0.0000  -0.0000  -0.0000
   165   0.0000  37.5332  14.0374   0.0000   0.0000   0.0000   0.0000   0.0000   0.0000  -0.0000  -0.0000
   166   0.0000  37.5332  14.0374  -0.0000   0.0000  -0.0000  -0.0000  -0.0000   0.0000  -0.0000  -0.0000
   167   0.0000  36.1619  13.5246  -0.0000   0.0000  -0.0000  -0.0000  -0.0000   0.0000  -0.0000   0.0000    0.189
   168   0.0000  34.0626  12.7394  -0.0000  -0.0000  -0.0000  -0.0000   0.0000   0.0000   0.0000   0.0000    0.500
   169   0.0000  31.2096  11.6724  -0.0000  -0.0000  -0.0000  -0.0000   0.0000   0.0000   0.0000   0.0000    0.657
   170   0.0000  26.5957   9.9468  -0.0000   0.0000  -0.0000  -0.0000  -0.0000   0.0000   0.0000   0.0000    0.769
 ---------------------------------------------------------------
