 ---------------------------------------------------------------
 Surface and Strip Forces by surface

  Forces referred to Sref, Cref, Bref about Xref, Yref, Zref
 Standard axis orientation,  X fwd, Z down         

  Surface # 1     main_wing                               
     # Chordwise = 10   # Spanwise = 20     First strip =  1
     Surface area =   63.790974       Ave. chord =    3.717419
     CLsurf  =  -2.54365     Clsurf  =   0.56224
     CYsurf  =   0.04752     Cmsurf  =   0.42897
     CDsurf  =   0.21702     Cnsurf  =   0.15667
     CDisurf =   0.21702     CDvsurf =   0.00000

  Forces referred to Ssurf, Cave about hinge axis thru LE
     CLsurf  =  -4.97896     CDsurf  =   0.42478
     Deflect =

 Strip Forces referred to Strip Area, Chord
    j      Yle    Chord     Area     c cl      ai      cl_norm  cl       cd       cdv    cm_c/4    cm_LE  C.P.x/c
     1   0.0271   7.7411   0.8376 -21.6007  -0.7112  -1.2784  -1.2783 -43.3510   0.0000   1.3017   1.9666    1.268
     2   0.2428   7.5905   2.4436 -23.1316  -0.5880  -2.9384  -2.9381  -3.1834   0.0000   1.3634   2.0905    0.714
     3   0.6690   7.2932   3.8488 -22.7554  -0.4012  -3.1102  -3.1099  -0.3456   0.0000   1.3349   2.0803    0.679
     4   1.2950   6.8563   4.9402 -21.7171  -0.1681  -3.1821  -3.1818   0.3555   0.0000   1.1774   1.9371    0.620
     5   2.1056   6.2906   5.6339 -20.5811   0.0789  -3.2927  -3.2924   0.5363   0.0000   0.8513   1.6420    0.509
     6   3.0065   5.6619   5.0672 -19.7796   0.1683  -3.5260  -3.5257   0.8616   0.0000   0.4910   1.3420    0.389
     7   3.9586   4.9974   5.0150 -20.0228   0.0009  -4.0507  -4.0503   1.1809   0.0000   0.2510   1.2322    0.312
     8   5.0073   4.2656   4.6382 -21.1158  -0.2247  -5.0099  -5.0094   1.6085   0.0000   0.0912   1.3071    0.268
     9   6.1989   3.7534   4.8429 -21.8223  -0.4280  -5.8866  -5.8862   1.9657   0.0000  -0.0189   1.4323    0.247
    10   7.5095   3.4937   4.6216 -21.8117  -0.4891  -6.3093  -6.3089   1.7711   0.0000  -0.0323   1.5260    0.245
    11   8.8364   3.2307   4.2738 -21.1773  -0.4871  -6.6162  -6.6158   1.6285   0.0000  -0.0297   1.6064    0.246
    12  10.1470   2.9710   3.8335 -20.1123  -0.4596  -6.8269  -6.8265   1.5136   0.0000  -0.0250   1.6646    0.246
    13  11.4090   2.7210   3.3357 -18.7517  -0.4347  -6.9464  -6.9460   1.4386   0.0000  -0.0248   1.6954    0.246
    14  12.6340   2.4782   3.0105 -17.1561  -0.4231  -6.9761  -6.9756   1.3935   0.0000  -0.0274   1.7005    0.246
    15  13.7866   2.2498   2.4374 -15.3458  -0.4324  -6.8742  -6.8738   1.3963   0.0000  -0.0358   1.6667    0.245
    16  14.7941   2.0502   1.8970 -13.3710  -0.4705  -6.5768  -6.5763   1.4484   0.0000  -0.0538   1.5741    0.242
    17  15.6315   1.8843   1.4027 -11.1908  -0.5408  -5.9964  -5.9961   1.5285   0.0000  -0.0845   1.3980    0.236
    18  16.2783   1.7561   0.9575  -8.7149  -0.6369  -5.0218  -5.0215   1.5973   0.0000  -0.1225   1.1164    0.226
    19  16.8016   1.3043   0.6198  -5.6103  -0.5749  -4.3434  -4.3418   1.0808   0.0000  -0.1801   0.8365    0.209
    20  17.1200   0.8402   0.1342  -1.8836  -0.5119  -2.2530  -2.2522   0.2598   0.0000  -0.1652   0.3693    0.177

  Surface # 2     main_wing (YDUP)                        
     # Chordwise = 10   # Spanwise = 20     First strip = 21
     Surface area =   63.790974       Ave. chord =    3.717419
     CLsurf  =  -2.54365     Clsurf  =  -0.56224
     CYsurf  =  -0.04752     Cmsurf  =   0.42897
     CDsurf  =   0.21702     Cnsurf  =  -0.15667
     CDisurf =   0.21702     CDvsurf =   0.00000

  Forces referred to Ssurf, Cave about hinge axis thru LE
     CLsurf  =  -4.97895     CDsurf  =   0.42479
     Deflect =

 Strip Forces referred to Strip Area, Chord
    j      Yle    Chord     Area     c cl      ai      cl_norm  cl       cd       cdv    cm_c/4    cm_LE  C.P.x/c
    21  -0.0271   7.7411   0.8376 -21.6007  -0.7115  -1.2784  -1.2783 -43.3497   0.0000   1.3017  -1.9666    1.268
    22  -0.2428   7.5905   2.4436 -23.1316  -0.5880  -2.9384  -2.9381  -3.1835   0.0000   1.3633  -2.0905    0.714
    23  -0.6690   7.2932   3.8488 -22.7553  -0.4012  -3.1102  -3.1099  -0.3456   0.0000   1.3349  -2.0803    0.679
    24  -1.2950   6.8563   4.9402 -21.7170  -0.1681  -3.1821  -3.1818   0.3555   0.0000   1.1774  -1.9371    0.620
    25  -2.1056   6.2906   5.6339 -20.5810   0.0789  -3.2927  -3.2924   0.5363   0.0000   0.8513  -1.6420    0.509
    26  -3.0065   5.6619   5.0672 -19.7795   0.1683  -3.5260  -3.5257   0.8615   0.0000   0.4910  -1.3420    0.389
    27  -3.9586   4.9974   5.0150 -20.0228   0.0009  -4.0507  -4.0503   1.1809   0.0000   0.2510  -1.2322    0.312
    28  -5.0073   4.2656   4.6382 -21.1157  -0.2247  -5.0099  -5.0094   1.6085   0.0000   0.0912  -1.3071    0.268
    29  -6.1989   3.7534   4.8429 -21.8223  -0.4280  -5.8866  -5.8862   1.9657   0.0000  -0.0189  -1.4323    0.247
    30  -7.5095   3.4937   4.6216 -21.8117  -0.4891  -6.3093  -6.3089   1.7711   0.0000  -0.0323  -1.5260    0.245
    31  -8.8364   3.2307   4.2738 -21.1773  -0.4871  -6.6162  -6.6158   1.6285   0.0000  -0.0297  -1.6064    0.246
    32 -10.1470   2.9710   3.8335 -20.1123  -0.4596  -6.8269  -6.8264   1.5136   0.0000  -0.0250  -1.6646    0.246
    33 -11.4090   2.7210   3.3357 -18.7516  -0.4347  -6.9464  -6.9460   1.4386   0.0000  -0.0248  -1.6954    0.246
    34 -12.6340   2.4782   3.0105 -17.1560  -0.4231  -6.9760  -6.9756   1.3934   0.0000  -0.0274  -1.7005    0.246
    35 -13.7866   2.2498   2.4374 -15.3458  -0.4324  -6.8742  -6.8738   1.3963   0.0000  -0.0358  -1.6667    0.245
    36 -14.7941   2.0502   1.8970 -13.3709  -0.4704  -6.5767  -6.5763   1.4483   0.0000  -0.0538  -1.5741    0.242
    37 -15.6315   1.8843   1.4027 -11.1907  -0.5408  -5.9964  -5.9960   1.5285   0.0000  -0.0845  -1.3980    0.236
    38 -16.2783   1.7561   0.9575  -8.7149  -0.6369  -5.0218  -5.0214   1.5973   0.0000  -0.1225  -1.1164    0.226
    39 -16.8016   1.3043   0.6198  -5.6103  -0.5749  -4.3434  -4.3418   1.0808   0.0000  -0.1801  -0.8365    0.209
    40 -17.1200   0.8402   0.1342  -1.8836  -0.5119  -2.2530  -2.2522   0.2598   0.0000  -0.1652  -0.3693    0.177

  Surface # 3     horizontal_stabilizer                   
     # Chordwise = 10   # Spanwise = 20     First strip = 41
     Surface area =   20.072786       Ave. chord =    2.827143
     CLsurf  =   0.18529     Clsurf  =  -0.01644
     CYsurf  =   0.00150     Cmsurf  =  -0.82594
     CDsurf  =  -0.03007     Cnsurf  =  -0.00431
     CDisurf =  -0.03007     CDvsurf =   0.00000

  Forces referred to Ssurf, Cave about hinge axis thru LE
     CLsurf  =   1.15257     CDsurf  =  -0.18705
     Deflect =

 Strip Forces referred to Strip Area, Chord
    j      Yle    Chord     Area     c cl      ai      cl_norm  cl       cd       cdv    cm_c/4    cm_LE  C.P.x/c
    41   0.0103   4.6946   0.1934   4.0804  -0.0384   0.8685   0.8684   0.0373   0.0000   0.0146  -0.2007    0.233
    42   0.0924   4.6512   0.5701   4.0545  -0.0417   0.8751   0.8750  -0.0778   0.0000   0.0145  -0.2013    0.233
    43   0.2547   4.5656   0.9173   4.0466  -0.0443   0.8902   0.8900  -0.0901   0.0000   0.0153  -0.2042    0.233
    44   0.4930   4.4399   1.2180   4.0312  -0.0445   0.9122   0.9120  -0.1017   0.0000   0.0161  -0.2088    0.232
    45   0.8160   4.2695   1.5847   4.0028  -0.0425   0.9422   0.9421  -0.1129   0.0000   0.0169  -0.2153    0.232
    46   1.2202   4.0563   1.7628   3.9556  -0.0462   0.9803   0.9801  -0.1238   0.0000   0.0177  -0.2238    0.232
    47   1.6825   3.8123   1.8577   3.8880  -0.0664   1.0255   1.0253  -0.1381   0.0000   0.0184  -0.2342    0.232
    48   2.1917   3.5437   1.8711   3.8009  -0.0927   1.0787   1.0786  -0.1523   0.0000   0.0189  -0.2467    0.232
    49   2.7353   3.2569   1.8099   3.6919  -0.1006   1.1403   1.1401  -0.1674   0.0000   0.0199  -0.2608    0.233
    50   3.2997   2.9591   1.6859   3.5685  -0.0959   1.2136   1.2134  -0.1924   0.0000   0.0214  -0.2773    0.232
    51   3.8713   2.6576   1.5141   3.4260  -0.0914   1.2982   1.2980  -0.2305   0.0000   0.0236  -0.2957    0.232
    52   4.4357   2.3597   1.3114   3.2486  -0.0909   1.3868   1.3866  -0.2605   0.0000   0.0266  -0.3144    0.231
    53   4.9793   2.0730   1.0945   3.0347  -0.0941   1.4758   1.4756  -0.3088   0.0000   0.0295  -0.3331    0.230
    54   5.4885   1.8043   0.8792   2.7633  -0.0993   1.5448   1.5446  -0.3492   0.0000   0.0326  -0.3467    0.229
    55   5.9508   1.5604   0.6781   2.4320  -0.1037   1.5729   1.5726  -0.3747   0.0000   0.0367  -0.3494    0.227
    56   6.3550   1.3472   0.5000   2.0399  -0.1040   1.5284   1.5282  -0.3728   0.0000   0.0428  -0.3324    0.222
    57   6.6617   1.1853   0.2890   1.6169  -0.0982   1.3768   1.3766  -0.3351   0.0000   0.0500  -0.2880    0.214
    58   6.8736   1.0735   0.1917   1.1890  -0.0875   1.1179   1.1177  -0.2723   0.0000   0.0532  -0.2214    0.202
    59   7.0178   0.9975   0.1087   0.7294  -0.0746   0.7376   0.7375  -0.1657   0.0000   0.0457  -0.1357    0.188
    60   7.0908   0.9589   0.0351   0.2465  -0.0635   0.2592   0.2591  -0.0543   0.0000   0.0192  -0.0446    0.176

  Surface # 4     horizontal_stabilizer (YDUP)            
     # Chordwise = 10   # Spanwise = 20     First strip = 61
     Surface area =   20.072786       Ave. chord =    2.827143
     CLsurf  =   0.18529     Clsurf  =   0.01644
     CYsurf  =  -0.00150     Cmsurf  =  -0.82594
     CDsurf  =  -0.03007     Cnsurf  =   0.00431
     CDisurf =  -0.03007     CDvsurf =   0.00000

  Forces referred to Ssurf, Cave about hinge axis thru LE
     CLsurf  =   1.15257     CDsurf  =  -0.18705
     Deflect =

 Strip Forces referred to Strip Area, Chord
    j      Yle    Chord     Area     c cl      ai      cl_norm  cl       cd       cdv    cm_c/4    cm_LE  C.P.x/c
    61  -0.0103   4.6946   0.1934   4.0804  -0.0384   0.8685   0.8684   0.0373   0.0000   0.0146   0.2007    0.233
    62  -0.0924   4.6512   0.5701   4.0545  -0.0417   0.8751   0.8750  -0.0778   0.0000   0.0145   0.2013    0.233
    63  -0.2547   4.5656   0.9173   4.0466  -0.0443   0.8902   0.8900  -0.0901   0.0000   0.0153   0.2042    0.233
    64  -0.4930   4.4399   1.2180   4.0312  -0.0445   0.9122   0.9120  -0.1017   0.0000   0.0161   0.2088    0.232
    65  -0.8160   4.2695   1.5847   4.0028  -0.0425   0.9422   0.9421  -0.1129   0.0000   0.0169   0.2153    0.232
    66  -1.2202   4.0563   1.7628   3.9556  -0.0462   0.9803   0.9801  -0.1238   0.0000   0.0177   0.2238    0.232
    67  -1.6825   3.8123   1.8577   3.8880  -0.0664   1.0255   1.0253  -0.1381   0.0000   0.0184   0.2342    0.232
    68  -2.1917   3.5437   1.8711   3.8009  -0.0927   1.0787   1.0786  -0.1523   0.0000   0.0189   0.2467    0.232
    69  -2.7353   3.2569   1.8099   3.6918  -0.1006   1.1403   1.1401  -0.1674   0.0000   0.0199   0.2608    0.233
    70  -3.2997   2.9591   1.6859   3.5685  -0.0959   1.2136   1.2134  -0.1924   0.0000   0.0214   0.2773    0.232
    71  -3.8713   2.6576   1.5141   3.4260  -0.0914   1.2982   1.2980  -0.2305   0.0000   0.0236   0.2957    0.232
    72  -4.4357   2.3597   1.3114   3.2486  -0.0909   1.3868   1.3866  -0.2605   0.0000   0.0266   0.3144    0.231
    73  -4.9793   2.0730   1.0945   3.0347  -0.0941   1.4758   1.4756  -0.3088   0.0000   0.0295   0.3331    0.230
    74  -5.4885   1.8043   0.8792   2.7633  -0.0993   1.5448   1.5446  -0.3492   0.0000   0.0326   0.3467    0.229
    75  -5.9508   1.5604   0.6781   2.4320  -0.1037   1.5728   1.5726  -0.3747   0.0000   0.0367   0.3494    0.227
    76  -6.3550   1.3472   0.5000   2.0399  -0.1040   1.5284   1.5281  -0.3728   0.0000   0.0428   0.3324    0.222
    77  -6.6617   1.1853   0.2890   1.6169  -0.0982   1.3768   1.3766  -0.3351   0.0000   0.0500   0.2880    0.214
    78  -6.8736   1.0735   0.1917   1.1890  -0.0875   1.1179   1.1177  -0.2723   0.0000   0.0532   0.2214    0.202
    79  -7.0178   0.9975   0.1087   0.7294  -0.0746   0.7376   0.7375  -0.1657   0.0000   0.0457   0.1357    0.188
    80  -7.0908   0.9589   0.0351   0.2465  -0.0635   0.2592   0.2591  -0.0543   0.0000   0.0192   0.0446    0.176

  Surface # 5     vertical_stabilizer                     
     # Chordwise = 10   # Spanwise = 20     First strip = 81
     Surface area =   26.974527       Ave. chord =    3.612513
     CLsurf  =   0.00000     Clsurf  =  -0.00000
     CYsurf  =  -0.00000     Cmsurf  =  -0.00000
     CDsurf  =  -0.00000     Cnsurf  =   0.00000
     CDisurf =  -0.00000     CDvsurf =   0.00000

  Forces referred to Ssurf, Cave about hinge axis thru LE
     CLsurf  =   0.00000     CDsurf  =  -0.00000
     Deflect =

 Strip Forces referred to Strip Area, Chord
    j      Yle    Chord     Area     c cl      ai      cl_norm  cl       cd       cdv    cm_c/4    cm_LE  C.P.x/c
    81   0.0000   8.1033   0.7081   0.0000  -0.0000   0.0000   0.0000  -0.0000   0.0000   0.0000  -0.0000    0.166
    82   0.0000   7.7953   1.2357   0.0000   0.0000   0.0000   0.0000  -0.0000   0.0000   0.0000  -0.0000    0.170
    83   0.0000   7.3128   1.6577   0.0000  -0.0000   0.0000   0.0000  -0.0000   0.0000   0.0000  -0.0000    0.116
    84   0.0000   6.6651   1.9342   0.0000  -0.0000   0.0000   0.0000  -0.0000   0.0000   0.0000  -0.0000    0.112
    85   0.0000   5.8661   2.0384   0.0000  -0.0000   0.0000   0.0000  -0.0000   0.0000   0.0000  -0.0000    0.170
    86   0.0000   4.9330   1.9589   0.0000  -0.0000   0.0000   0.0000  -0.0000   0.0000   0.0000  -0.0000    0.226
    87   0.0000   4.2949   2.2317   0.0000  -0.0000   0.0000   0.0000  -0.0000   0.0000   0.0000  -0.0000    0.172
    88   0.0000   4.0244   2.2380   0.0000  -0.0000   0.0000   0.0000  -0.0000   0.0000   0.0000  -0.0000    0.161
    89   0.0000   3.7387   2.1678   0.0000  -0.0000   0.0000   0.0000  -0.0000   0.0000   0.0000  -0.0000    0.203
    90   0.0000   3.4444   2.0327   0.0000  -0.0000   0.0000   0.0000  -0.0000   0.0000   0.0000  -0.0000    0.228
    91   0.0000   3.1483   1.8474   0.0000  -0.0000   0.0000   0.0000  -0.0000   0.0000   0.0000  -0.0000    0.202
    92   0.0000   2.8574   1.6279   0.0000  -0.0000   0.0000   0.0000  -0.0000   0.0000   0.0000  -0.0000    0.211
    93   0.0000   2.5785   1.3906   0.0000  -0.0000   0.0000   0.0000  -0.0000   0.0000   0.0000  -0.0000    0.202
    94   0.0000   2.3180   1.1503   0.0000  -0.0000   0.0000   0.0000  -0.0000   0.0000   0.0000  -0.0000    0.229
    95   0.0000   2.0821   0.9193   0.0000  -0.0000   0.0000   0.0000  -0.0000   0.0000   0.0000  -0.0000    0.221
    96   0.0000   1.8763   0.7063   0.0000  -0.0000   0.0000   0.0000  -0.0000   0.0000   0.0000  -0.0000    0.211
    97   0.0000   1.7056   0.5158   0.0000  -0.0000   0.0000   0.0000  -0.0000   0.0000   0.0000  -0.0000    0.202
    98   0.0000   1.5739   0.3482   0.0000  -0.0000   0.0000   0.0000  -0.0000   0.0000   0.0000  -0.0000    0.198
    99   0.0000   1.4843   0.2002   0.0000  -0.0000   0.0000   0.0000  -0.0000   0.0000   0.0000  -0.0000    0.183
   100   0.0000   1.4389   0.0652   0.0000  -0.0000   0.0000   0.0000  -0.0000   0.0000   0.0000  -0.0000    0.177

  Surface # 6     fuselage_horizontal                     
     # Chordwise = 10   # Spanwise = 10     First strip =101
     Surface area =  112.392822       Ave. chord =   30.376440
     CLsurf  =  -0.01406     Clsurf  =  -0.00000
     CYsurf  =  -0.00000     Cmsurf  =  -0.08925
     CDsurf  =  -0.01544     Cnsurf  =   0.00000
     CDisurf =  -0.01544     CDvsurf =   0.00000

  Forces referred to Ssurf, Cave about hinge axis thru LE
     CLsurf  =  -0.01562     CDsurf  =  -0.01715
     Deflect =

 Strip Forces referred to Strip Area, Chord
    j      Yle    Chord     Area     c cl      ai      cl_norm  cl       cd       cdv    cm_c/4    cm_LE  C.P.x/c
   101  -1.6650  21.5445   7.9715  -0.4606   0.1859  -0.5073  -0.0233   0.0558   0.0000  -0.0116  -0.0007   -0.245
   102  -1.2950  27.3129  10.1058  -0.9946   0.1574  -0.1760  -0.0388   0.0677   0.0000  -0.0070   0.0004    0.069
   103  -0.9250  31.3629  11.6043  -0.7805   0.0946  -0.0587  -0.0261   0.0334   0.0000  -0.0094  -0.0009   -0.112
   104  -0.5550  34.6182  12.8087  -0.3754  -0.1267  -0.0130  -0.0099  -0.0279   0.0000  -0.0108  -0.0030   -0.845
   105  -0.1850  37.0437  13.7062   0.1492  -0.2027   0.0094   0.0094  -0.1549   0.0000  -0.0129  -0.0085    1.619
   106   0.1850  37.0437  13.7062   0.1492  -0.2027   0.0094   0.0094  -0.1549   0.0000  -0.0129  -0.0085    1.619
   107   0.5550  34.6182  12.8087  -0.3754  -0.1267  -0.0130  -0.0099  -0.0279   0.0000  -0.0108  -0.0030   -0.845
   108   0.9250  31.3629  11.6043  -0.7805   0.0946  -0.0587  -0.0261   0.0334   0.0000  -0.0094  -0.0009   -0.112
   109   1.2950  27.3129  10.1058  -0.9946   0.1574  -0.1760  -0.0388   0.0677   0.0000  -0.0070   0.0004    0.069
   110   1.6650  21.5445   7.9715  -0.4606   0.1859  -0.5073  -0.0233   0.0558   0.0000  -0.0116  -0.0007   -0.245

  Surface # 7     fuselage_vertical                       
     # Chordwise = 10   # Spanwise = 10     First strip =111
     Surface area =  114.215408       Ave. chord =   30.376440
     CLsurf  =  -0.00000     Clsurf  =  -0.00000
     CYsurf  =  -0.00000     Cmsurf  =   0.00000
     CDsurf  =  -0.00000     Cnsurf  =   0.00000
     CDisurf =  -0.00000     CDvsurf =   0.00000

  Forces referred to Ssurf, Cave about hinge axis thru LE
     CLsurf  =   0.00000     CDsurf  =  -0.00000
     Deflect =

 Strip Forces referred to Strip Area, Chord
    j      Yle    Chord     Area     c cl      ai      cl_norm  cl       cd       cdv    cm_c/4    cm_LE  C.P.x/c
   111   0.0000  21.5445   8.1007   0.0000   0.0000   0.0000   0.0000   0.0000   0.0000   0.0000   0.0000   -0.303
   112   0.0000  27.3129  10.2696   0.0000  -0.0001   0.0000   0.0000   0.0000   0.0000  -0.0000  -0.0000    0.285
   113   0.0000  31.3629  11.7925   0.0000  -0.0000   0.0000   0.0000  -0.0000   0.0000  -0.0000  -0.0000    0.283
   114   0.0000  34.6182  13.0164   0.0000  -0.0000   0.0000   0.0000  -0.0000   0.0000  -0.0000  -0.0000    0.277
   115   0.0000  37.0437  13.9284   0.0000  -0.0000   0.0000   0.0000  -0.0000   0.0000  -0.0000  -0.0000    0.445
   116   0.0000  37.0437  13.9284   0.0000  -0.0000   0.0000   0.0000  -0.0000   0.0000  -0.0000  -0.0000    0.610
   117   0.0000  34.6182  13.0164   0.0000  -0.0000   0.0000   0.0000  -0.0000   0.0000  -0.0000  -0.0000    0.601
   118   0.0000  31.3629  11.7925   0.0000  -0.0000   0.0000   0.0000  -0.0000   0.0000  -0.0000  -0.0000    0.565
   119   0.0000  27.3129  10.2696   0.0000  -0.0000   0.0000   0.0000   0.0000   0.0000  -0.0000  -0.0000    0.611
   120   0.0000  21.5445   8.1007   0.0000   0.0000   0.0000   0.0000  -0.0000   0.0000  -0.0000  -0.0000    0.622
 ---------------------------------------------------------------
