 ---------------------------------------------------------------
 Surface and Strip Forces by surface

  Forces referred to Sref, Cref, Bref about Xref, Yref, Zref
 Standard axis orientation,  X fwd, Z down         

  Surface # 1     main_wing                               
     # Chordwise = 10   # Spanwise = 30     First strip =  1
     Surface area =   63.968842       Ave. chord =    3.715026
     CLsurf  =   0.30257     Clsurf  =  -0.05819
     CYsurf  =  -0.01795     Cmsurf  =  -0.26862
     CDsurf  =   0.00811     Cnsurf  =  -0.00317
     CDisurf =   0.00811     CDvsurf =   0.00000

  Forces referred to Ssurf, Cave about hinge axis thru LE
     CLsurf  =   0.59161     CDsurf  =   0.01583
     Deflect =

 Strip Forces referred to Strip Area, Chord
    j      Yle    Chord     Area     c cl      ai      cl_norm  cl       cd       cdv    cm_c/4    cm_LE  C.P.x/c
     1   0.0114   7.7520   0.3539   3.9786   0.1382   0.6196   0.4797   0.4054   0.0000  -0.0279  -0.1280    0.308
     2   0.1025   7.6885   1.0491   3.7028   0.1378   0.6153   0.4763   0.0814   0.0000  -0.0279  -0.1215    0.308
     3   0.2837   7.5620   1.7073   3.6777   0.1366   0.6237   0.4829   0.0608   0.0000  -0.0260  -0.1210    0.304
     4   0.5530   7.3741   2.3052   3.6585   0.1340   0.6374   0.4934   0.0527   0.0000  -0.0231  -0.1207    0.297
     5   0.9075   7.1267   2.8223   3.6278   0.1289   0.6546   0.5068   0.0481   0.0000  -0.0200  -0.1208    0.289
     6   1.3432   6.8226   3.2414   3.5744   0.1192   0.6747   0.5223   0.0412   0.0000  -0.0172  -0.1216    0.283
     7   1.8554   6.4651   3.5491   3.4938   0.1015   0.6971   0.5397   0.0321   0.0000  -0.0150  -0.1232    0.278
     8   2.4386   6.0582   3.7368   3.3836   0.0834   0.7209   0.5581   0.0291   0.0000  -0.0136  -0.1257    0.274
     9   3.0862   5.6062   3.8005   3.2391   0.0711   0.7466   0.5780   0.0226   0.0000  -0.0131  -0.1293    0.273
    10   3.7613   5.1351   3.4440   3.0654   0.0598   0.7722   0.5978   0.0167   0.0000  -0.0133  -0.1334    0.272
    11   4.4532   4.6522   3.3149   2.8956   0.0470   0.8062   0.6241   0.0081   0.0000  -0.0126  -0.1381    0.270
    12   5.1831   4.1429   3.0930   2.6828   0.0283   0.8398   0.6501  -0.0004   0.0000  -0.0130  -0.1436    0.270
    13   6.0123   3.7903   3.4706   2.4851   0.0160   0.8069   0.6585  -0.0036   0.0000  -0.0105  -0.1568    0.266
    14   6.9353   3.6075   3.3775   2.3297   0.0156   0.7947   0.6485  -0.0024   0.0000  -0.0110  -0.1551    0.267
    15   7.8737   3.4215   3.2389   2.1909   0.0135   0.7879   0.6430  -0.0023   0.0000  -0.0118  -0.1545    0.268
    16   8.8172   3.2345   3.0619   2.0612   0.0120   0.7842   0.6399  -0.0025   0.0000  -0.0127  -0.1546    0.270
    17   9.7556   3.0486   2.8543   1.9361   0.0116   0.7815   0.6377  -0.0028   0.0000  -0.0138  -0.1551    0.272
    18  10.6786   2.8657   2.6239   1.8155   0.0120   0.7797   0.6362  -0.0031   0.0000  -0.0150  -0.1559    0.274
    19  11.5760   2.6879   2.3787   1.6988   0.0129   0.7779   0.6348  -0.0036   0.0000  -0.0162  -0.1566    0.276
    20  12.4328   2.5181   2.1010   1.5873   0.0149   0.7758   0.6331  -0.0038   0.0000  -0.0167  -0.1567    0.276
    21  13.2400   2.3582   1.8520   1.4796   0.0182   0.7722   0.6301  -0.0035   0.0000  -0.0164  -0.1557    0.276
    22  13.9941   2.2087   1.6074   1.3722   0.0227   0.7646   0.6239  -0.0032   0.0000  -0.0155  -0.1536    0.275
    23  14.6868   2.0715   1.3716   1.2612   0.0287   0.7493   0.6114  -0.0029   0.0000  -0.0140  -0.1494    0.273
    24  15.3105   1.9479   1.1479   1.1415   0.0363   0.7211   0.5884  -0.0023   0.0000  -0.0115  -0.1421    0.270
    25  15.8583   1.8393   0.9381   1.0062   0.0449   0.6731   0.5492  -0.0011   0.0000  -0.0088  -0.1309    0.266
    26  16.3244   1.7470   0.7427   0.8495   0.0537   0.5979   0.4879   0.0027   0.0000  -0.0095  -0.1178    0.269
    27  16.6722   1.4928   0.4131   0.6776   0.0622   1.5364   0.4567  -0.0122   0.0000  -0.0102  -0.0603    0.272
    28  16.9098   1.1466   0.2292   0.5017   0.0732   1.4860   0.4417  -0.0289   0.0000   0.0078  -0.0500    0.232
    29  17.0696   0.9138   0.1104   0.3096   0.0819   1.1565   0.3438  -0.0414   0.0000   0.0253  -0.0299    0.176
    30  17.1499   0.7967   0.0322   0.1048   0.0866   0.4532   0.1347  -0.0303   0.0000   0.0170  -0.0083    0.123

  Surface # 2     main_wing (YDUP)                        
     # Chordwise = 10   # Spanwise = 30     First strip = 31
     Surface area =   63.968842       Ave. chord =    3.715026
     CLsurf  =   0.30257     Clsurf  =   0.05819
     CYsurf  =   0.01795     Cmsurf  =  -0.26862
     CDsurf  =   0.00811     Cnsurf  =   0.00317
     CDisurf =   0.00811     CDvsurf =   0.00000

  Forces referred to Ssurf, Cave about hinge axis thru LE
     CLsurf  =   0.59161     CDsurf  =   0.01583
     Deflect =

 Strip Forces referred to Strip Area, Chord
    j      Yle    Chord     Area     c cl      ai      cl_norm  cl       cd       cdv    cm_c/4    cm_LE  C.P.x/c
    31  -0.0114   7.7520   0.3539   3.9786   0.1382   0.6196   0.4797   0.4054   0.0000  -0.0279   0.1280    0.308
    32  -0.1025   7.6885   1.0491   3.7028   0.1378   0.6153   0.4763   0.0814   0.0000  -0.0279   0.1215    0.308
    33  -0.2837   7.5620   1.7073   3.6777   0.1366   0.6237   0.4829   0.0608   0.0000  -0.0260   0.1210    0.304
    34  -0.5530   7.3741   2.3052   3.6585   0.1340   0.6374   0.4934   0.0527   0.0000  -0.0231   0.1207    0.297
    35  -0.9075   7.1267   2.8223   3.6278   0.1289   0.6546   0.5068   0.0481   0.0000  -0.0200   0.1208    0.289
    36  -1.3432   6.8226   3.2414   3.5744   0.1192   0.6747   0.5223   0.0412   0.0000  -0.0172   0.1216    0.283
    37  -1.8554   6.4651   3.5491   3.4938   0.1015   0.6971   0.5397   0.0321   0.0000  -0.0150   0.1232    0.278
    38  -2.4386   6.0582   3.7368   3.3836   0.0834   0.7209   0.5581   0.0291   0.0000  -0.0136   0.1257    0.274
    39  -3.0862   5.6062   3.8005   3.2391   0.0711   0.7466   0.5780   0.0226   0.0000  -0.0131   0.1293    0.273
    40  -3.7613   5.1351   3.4440   3.0654   0.0598   0.7722   0.5978   0.0167   0.0000  -0.0133   0.1334    0.272
    41  -4.4532   4.6522   3.3149   2.8956   0.0470   0.8062   0.6241   0.0081   0.0000  -0.0126   0.1381    0.270
    42  -5.1831   4.1429   3.0930   2.6828   0.0283   0.8398   0.6501  -0.0004   0.0000  -0.0130   0.1436    0.270
    43  -6.0123   3.7903   3.4706   2.4851   0.0160   0.8069   0.6585  -0.0036   0.0000  -0.0105   0.1568    0.266
    44  -6.9353   3.6075   3.3775   2.3297   0.0156   0.7947   0.6485  -0.0024   0.0000  -0.0110   0.1551    0.267
    45  -7.8737   3.4215   3.2389   2.1909   0.0135   0.7879   0.6430  -0.0023   0.0000  -0.0118   0.1545    0.268
    46  -8.8172   3.2345   3.0619   2.0611   0.0120   0.7842   0.6399  -0.0025   0.0000  -0.0127   0.1546    0.270
    47  -9.7556   3.0486   2.8543   1.9361   0.0116   0.7815   0.6377  -0.0028   0.0000  -0.0138   0.1551    0.272
    48 -10.6786   2.8657   2.6239   1.8155   0.0120   0.7797   0.6362  -0.0031   0.0000  -0.0150   0.1559    0.274
    49 -11.5760   2.6879   2.3787   1.6988   0.0129   0.7779   0.6348  -0.0036   0.0000  -0.0162   0.1566    0.276
    50 -12.4328   2.5181   2.1010   1.5873   0.0149   0.7758   0.6331  -0.0038   0.0000  -0.0167   0.1567    0.276
    51 -13.2400   2.3582   1.8520   1.4796   0.0182   0.7722   0.6301  -0.0035   0.0000  -0.0164   0.1557    0.276
    52 -13.9941   2.2087   1.6074   1.3722   0.0227   0.7646   0.6239  -0.0032   0.0000  -0.0155   0.1536    0.275
    53 -14.6868   2.0715   1.3716   1.2612   0.0287   0.7493   0.6114  -0.0029   0.0000  -0.0140   0.1494    0.273
    54 -15.3105   1.9479   1.1479   1.1415   0.0363   0.7211   0.5884  -0.0023   0.0000  -0.0115   0.1421    0.270
    55 -15.8583   1.8393   0.9381   1.0062   0.0449   0.6731   0.5492  -0.0011   0.0000  -0.0088   0.1309    0.266
    56 -16.3244   1.7470   0.7427   0.8495   0.0537   0.5979   0.4879   0.0027   0.0000  -0.0095   0.1178    0.269
    57 -16.6722   1.4928   0.4131   0.6776   0.0622   1.5364   0.4567  -0.0122   0.0000  -0.0102   0.0603    0.272
    58 -16.9098   1.1466   0.2292   0.5017   0.0732   1.4860   0.4417  -0.0289   0.0000   0.0078   0.0500    0.232
    59 -17.0696   0.9138   0.1104   0.3096   0.0819   1.1565   0.3438  -0.0414   0.0000   0.0253   0.0299    0.176
    60 -17.1499   0.7967   0.0322   0.1048   0.0866   0.4532   0.1347  -0.0303   0.0000   0.0170   0.0083    0.123

  Surface # 3     horizontal_stabilizer                   
     # Chordwise = 10   # Spanwise = 30     First strip = 61
     Surface area =   20.744604       Ave. chord =    2.848572
     CLsurf  =   0.02607     Clsurf  =  -0.00279
     CYsurf  =  -0.00414     Cmsurf  =  -0.12750
     CDsurf  =   0.00151     Cnsurf  =   0.00236
     CDisurf =   0.00151     CDvsurf =   0.00000

  Forces referred to Ssurf, Cave about hinge axis thru LE
     CLsurf  =   0.15885     CDsurf  =   0.00907
     Deflect =

 Strip Forces referred to Strip Area, Chord
    j      Yle    Chord     Area     c cl      ai      cl_norm  cl       cd       cdv    cm_c/4    cm_LE  C.P.x/c
    61   0.0047   4.2713   0.0803   0.5489   0.0907   0.1640   0.1256   0.0384   0.0000  -0.0075  -0.0340    0.309
    62   0.0418   4.2566   0.2392   0.5062   0.0909   0.1546   0.1184   0.0111   0.0000  -0.0073  -0.0318    0.312
    63   0.1156   4.2274   0.3930   0.5032   0.0909   0.1549   0.1187   0.0094   0.0000  -0.0070  -0.0316    0.309
    64   0.2254   4.1839   0.5386   0.5024   0.0904   0.1563   0.1198   0.0089   0.0000  -0.0064  -0.0313    0.303
    65   0.3698   4.1268   0.6730   0.5025   0.0895   0.1586   0.1215   0.0088   0.0000  -0.0056  -0.0310    0.296
    66   0.5474   4.0565   0.7936   0.5024   0.0879   0.1613   0.1235   0.0088   0.0000  -0.0048  -0.0308    0.289
    67   0.7617   3.9717   0.9441   0.5022   0.0856   0.1647   0.1262   0.0088   0.0000  -0.0041  -0.0307    0.282
    68   1.0116   3.8728   1.0344   0.5015   0.0824   0.1687   0.1292   0.0087   0.0000  -0.0034  -0.0308    0.276
    69   1.2891   3.7630   1.1046   0.5009   0.0785   0.1734   0.1328   0.0088   0.0000  -0.0028  -0.0311    0.271
    70   1.5912   3.6435   1.1542   0.5000   0.0741   0.1788   0.1370   0.0089   0.0000  -0.0023  -0.0316    0.267
    71   1.9146   3.5155   1.1831   0.4991   0.0697   0.1850   0.1417   0.0090   0.0000  -0.0019  -0.0323    0.263
    72   2.2558   3.3805   1.1921   0.4982   0.0657   0.1921   0.1471   0.0091   0.0000  -0.0015  -0.0331    0.260
    73   2.6109   3.2400   1.1821   0.4975   0.0624   0.2002   0.1533   0.0093   0.0000  -0.0012  -0.0342    0.258
    74   2.9762   3.0955   1.1548   0.4965   0.0599   0.2091   0.1602   0.0095   0.0000  -0.0009  -0.0354    0.255
    75   3.3476   2.9485   1.1122   0.4949   0.0580   0.2189   0.1676   0.0096   0.0000  -0.0005  -0.0367    0.253
    76   3.7210   2.8008   1.0564   0.4922   0.0565   0.2292   0.1756   0.0097   0.0000  -0.0001  -0.0381    0.251
    77   4.0924   2.6538   0.9900   0.4880   0.0556   0.2399   0.1837   0.0098   0.0000   0.0003  -0.0395    0.248
    78   4.4577   2.5093   0.9155   0.4816   0.0551   0.2504   0.1918   0.0098   0.0000   0.0008  -0.0408    0.246
    79   4.8128   2.3687   0.8353   0.4723   0.0550   0.2602   0.1993   0.0098   0.0000   0.0015  -0.0419    0.243
    80   5.1540   2.2338   0.7518   0.4596   0.0554   0.2685   0.2057   0.0097   0.0000   0.0023  -0.0426    0.239
    81   5.4774   2.1058   0.6671   0.4429   0.0562   0.2745   0.2103   0.0095   0.0000   0.0033  -0.0427    0.234
    82   5.7795   1.9862   0.5830   0.4217   0.0575   0.2772   0.2123   0.0090   0.0000   0.0045  -0.0421    0.229
    83   6.0570   1.8764   0.5012   0.3959   0.0592   0.2755   0.2110   0.0085   0.0000   0.0061  -0.0405    0.221
    84   6.3069   1.7776   0.4225   0.3648   0.0612   0.2680   0.2053   0.0079   0.0000   0.0079  -0.0377    0.211
    85   6.5264   1.6907   0.3478   0.3283   0.0633   0.2537   0.1943   0.0070   0.0000   0.0099  -0.0337    0.199
    86   6.7314   1.6096   0.3326   0.2843   0.0654   0.2308   0.1768   0.0059   0.0000   0.0117  -0.0284    0.184
    87   6.9144   1.5372   0.2507   0.2300   0.0675   0.1956   0.1498   0.0045   0.0000   0.0129  -0.0216    0.164
    88   7.0535   1.4822   0.1746   0.1692   0.0691   0.1493   0.1144   0.0029   0.0000   0.0122  -0.0145    0.144
    89   7.1471   1.4451   0.1029   0.1036   0.0703   0.0938   0.0718   0.0013   0.0000   0.0089  -0.0080    0.126
    90   7.1941   1.4265   0.0340   0.0349   0.0709   0.0321   0.0246  -0.0003   0.0000   0.0033  -0.0025    0.115

  Surface # 4     horizontal_stabilizer (YDUP)            
     # Chordwise = 10   # Spanwise = 30     First strip = 91
     Surface area =   20.744604       Ave. chord =    2.848572
     CLsurf  =   0.02607     Clsurf  =   0.00279
     CYsurf  =   0.00414     Cmsurf  =  -0.12750
     CDsurf  =   0.00151     Cnsurf  =  -0.00236
     CDisurf =   0.00151     CDvsurf =   0.00000

  Forces referred to Ssurf, Cave about hinge axis thru LE
     CLsurf  =   0.15885     CDsurf  =   0.00907
     Deflect =

 Strip Forces referred to Strip Area, Chord
    j      Yle    Chord     Area     c cl      ai      cl_norm  cl       cd       cdv    cm_c/4    cm_LE  C.P.x/c
    91  -0.0047   4.2713   0.0803   0.5489   0.0907   0.1640   0.1256   0.0384   0.0000  -0.0075   0.0340    0.309
    92  -0.0418   4.2566   0.2392   0.5062   0.0909   0.1546   0.1184   0.0111   0.0000  -0.0073   0.0318    0.312
    93  -0.1156   4.2274   0.3930   0.5032   0.0909   0.1549   0.1187   0.0094   0.0000  -0.0070   0.0316    0.309
    94  -0.2254   4.1839   0.5386   0.5024   0.0904   0.1563   0.1198   0.0089   0.0000  -0.0064   0.0313    0.303
    95  -0.3698   4.1268   0.6730   0.5025   0.0895   0.1586   0.1215   0.0088   0.0000  -0.0056   0.0310    0.296
    96  -0.5474   4.0565   0.7936   0.5024   0.0879   0.1613   0.1235   0.0088   0.0000  -0.0048   0.0308    0.289
    97  -0.7617   3.9717   0.9441   0.5022   0.0856   0.1647   0.1262   0.0088   0.0000  -0.0041   0.0307    0.282
    98  -1.0116   3.8728   1.0344   0.5015   0.0824   0.1687   0.1292   0.0087   0.0000  -0.0034   0.0308    0.276
    99  -1.2891   3.7630   1.1046   0.5009   0.0785   0.1734   0.1328   0.0088   0.0000  -0.0028   0.0311    0.271
   100  -1.5912   3.6435   1.1542   0.5000   0.0741   0.1788   0.1370   0.0089   0.0000  -0.0023   0.0316    0.267
   101  -1.9146   3.5155   1.1831   0.4991   0.0697   0.1850   0.1417   0.0090   0.0000  -0.0019   0.0323    0.263
   102  -2.2558   3.3805   1.1921   0.4982   0.0657   0.1921   0.1471   0.0091   0.0000  -0.0015   0.0331    0.260
   103  -2.6109   3.2400   1.1821   0.4975   0.0624   0.2002   0.1533   0.0093   0.0000  -0.0012   0.0342    0.258
   104  -2.9762   3.0955   1.1548   0.4965   0.0599   0.2091   0.1602   0.0095   0.0000  -0.0009   0.0354    0.255
   105  -3.3476   2.9485   1.1122   0.4949   0.0580   0.2189   0.1676   0.0096   0.0000  -0.0005   0.0367    0.253
   106  -3.7210   2.8008   1.0564   0.4922   0.0565   0.2292   0.1756   0.0097   0.0000  -0.0001   0.0381    0.251
   107  -4.0924   2.6538   0.9900   0.4880   0.0556   0.2399   0.1837   0.0098   0.0000   0.0003   0.0395    0.248
   108  -4.4577   2.5093   0.9155   0.4816   0.0551   0.2504   0.1918   0.0098   0.0000   0.0008   0.0408    0.246
   109  -4.8128   2.3687   0.8353   0.4723   0.0550   0.2602   0.1993   0.0098   0.0000   0.0015   0.0419    0.243
   110  -5.1540   2.2338   0.7518   0.4596   0.0554   0.2685   0.2057   0.0097   0.0000   0.0023   0.0426    0.239
   111  -5.4774   2.1058   0.6671   0.4429   0.0562   0.2745   0.2103   0.0095   0.0000   0.0033   0.0427    0.234
   112  -5.7795   1.9862   0.5830   0.4217   0.0575   0.2772   0.2123   0.0090   0.0000   0.0045   0.0421    0.229
   113  -6.0570   1.8764   0.5012   0.3959   0.0592   0.2755   0.2110   0.0085   0.0000   0.0061   0.0405    0.221
   114  -6.3069   1.7776   0.4225   0.3648   0.0612   0.2680   0.2053   0.0079   0.0000   0.0079   0.0377    0.211
   115  -6.5264   1.6907   0.3478   0.3283   0.0633   0.2537   0.1943   0.0070   0.0000   0.0099   0.0337    0.199
   116  -6.7314   1.6096   0.3326   0.2843   0.0654   0.2308   0.1768   0.0059   0.0000   0.0117   0.0284    0.184
   117  -6.9144   1.5372   0.2507   0.2300   0.0675   0.1956   0.1498   0.0045   0.0000   0.0129   0.0216    0.164
   118  -7.0535   1.4822   0.1746   0.1692   0.0691   0.1493   0.1144   0.0029   0.0000   0.0122   0.0145    0.144
   119  -7.1471   1.4451   0.1029   0.1036   0.0703   0.0938   0.0718   0.0013   0.0000   0.0089   0.0080    0.126
   120  -7.1941   1.4265   0.0340   0.0349   0.0709   0.0321   0.0246  -0.0003   0.0000   0.0033   0.0025    0.115

  Surface # 5     vertical_stabilizer                     
     # Chordwise = 10   # Spanwise = 30     First strip =121
     Surface area =   34.910358       Ave. chord =    4.190919
     CLsurf  =   0.00000     Clsurf  =   0.00000
     CYsurf  =   0.00000     Cmsurf  =  -0.00000
     CDsurf  =  -0.00000     Cnsurf  =  -0.00000
     CDisurf =  -0.00000     CDvsurf =   0.00000

  Forces referred to Ssurf, Cave about hinge axis thru LE
     CLsurf  =  -0.00000     CDsurf  =  -0.00000
     Deflect =

 Strip Forces referred to Strip Area, Chord
    j      Yle    Chord     Area     c cl      ai      cl_norm  cl       cd       cdv    cm_c/4    cm_LE  C.P.x/c
   121   0.0000  10.0347   0.6931  -0.0000  -0.0000  -0.0000  -0.0000   0.0000   0.0000   0.0000   0.0000    0.334
   122   0.0000   9.8296   1.1101  -0.0000  -0.0000  -0.0000  -0.0000   0.0000   0.0000   0.0000   0.0000    0.336
   123   0.0000   9.5266   1.4857  -0.0000  -0.0000  -0.0000  -0.0000   0.0000   0.0000   0.0000   0.0000    0.346
   124   0.0000   9.1281   1.8040  -0.0000   0.0000  -0.0000  -0.0000   0.0000   0.0000   0.0000   0.0000    0.359
   125   0.0000   8.6377   2.0517  -0.0000   0.0000  -0.0000  -0.0000  -0.0000   0.0000   0.0000   0.0000    0.357
   126   0.0000   8.0598   2.2181  -0.0000   0.0000  -0.0000  -0.0000  -0.0000   0.0000   0.0000   0.0000    0.359
   127   0.0000   7.4000   2.2957  -0.0000   0.0000  -0.0000  -0.0000  -0.0000   0.0000   0.0000   0.0000    0.369
   128   0.0000   6.6646   2.2808  -0.0000   0.0000  -0.0000  -0.0000  -0.0000   0.0000   0.0000   0.0000    0.353
   129   0.0000   5.8609   2.1733  -0.0000   0.0000  -0.0000  -0.0000   0.0000   0.0000   0.0000   0.0000    0.324
   130   0.0000   4.9969   1.9773  -0.0000   0.0000  -0.0000  -0.0000  -0.0000   0.0000   0.0000   0.0000    0.290
   131   0.0000   4.4389   1.6667  -0.0000   0.0000  -0.0000  -0.0000  -0.0000   0.0000   0.0000   0.0000    0.266
   132   0.0000   4.2198   1.6478  -0.0000   0.0000  -0.0000  -0.0000  -0.0000   0.0000   0.0000   0.0000    0.257
   133   0.0000   3.9932   1.6033  -0.0000   0.0000  -0.0000  -0.0000  -0.0000   0.0000  -0.0000   0.0000    0.249
   134   0.0000   3.7615   1.5362  -0.0000   0.0000  -0.0000  -0.0000  -0.0000   0.0000  -0.0000   0.0000    0.245
   135   0.0000   3.5271   1.4499  -0.0000   0.0000  -0.0000  -0.0000  -0.0000   0.0000  -0.0000   0.0000    0.241
   136   0.0000   3.2923   1.3482  -0.0000   0.0000  -0.0000  -0.0000  -0.0000   0.0000  -0.0000   0.0000    0.241
   137   0.0000   3.0597   1.2352  -0.0000   0.0000  -0.0000  -0.0000  -0.0000   0.0000  -0.0000   0.0000    0.241
   138   0.0000   2.8315   1.1147  -0.0000   0.0000  -0.0000  -0.0000  -0.0000   0.0000  -0.0000   0.0000    0.238
   139   0.0000   2.6103   0.9908  -0.0000   0.0000  -0.0000  -0.0000  -0.0000   0.0000  -0.0000   0.0000    0.233
   140   0.0000   2.3983   0.8670  -0.0000   0.0000  -0.0000  -0.0000  -0.0000   0.0000  -0.0000   0.0000    0.230
   141   0.0000   2.1977   0.7464  -0.0000   0.0000  -0.0000  -0.0000  -0.0000   0.0000  -0.0000   0.0000    0.231
   142   0.0000   2.0106   0.6318  -0.0000   0.0000  -0.0000  -0.0000  -0.0000   0.0000  -0.0000   0.0000    0.227
   143   0.0000   1.8390   0.5251  -0.0000   0.0000  -0.0000  -0.0000  -0.0000   0.0000  -0.0000   0.0000    0.222
   144   0.0000   1.6847   0.4276  -0.0000   0.0000  -0.0000  -0.0000  -0.0000   0.0000  -0.0000   0.0000    0.211
   145   0.0000   1.5493   0.3400  -0.0000   0.0000  -0.0000  -0.0000  -0.0000   0.0000  -0.0000   0.0000    0.196
   146   0.0000   1.4342   0.2622  -0.0000   0.0000  -0.0000  -0.0000  -0.0000   0.0000  -0.0000   0.0000    0.183
   147   0.0000   1.3407   0.1933  -0.0000   0.0000  -0.0000  -0.0000  -0.0000   0.0000  -0.0000   0.0000    0.164
   148   0.0000   1.2696   0.1322  -0.0000   0.0000  -0.0000  -0.0000  -0.0000   0.0000  -0.0000   0.0000    0.139
   149   0.0000   1.2218   0.0769  -0.0000   0.0000  -0.0000  -0.0000  -0.0000   0.0000  -0.0000   0.0000    0.124
   150   0.0000   1.1978   0.0252  -0.0000   0.0000  -0.0000  -0.0000  -0.0000   0.0000  -0.0000   0.0000    0.110

  Surface # 6     fuselage_horizontal                     
     # Chordwise = 10   # Spanwise = 10     First strip =151
     Surface area =  123.841202       Ave. chord =   33.112617
     CLsurf  =   0.00633     Clsurf  =   0.00000
     CYsurf  =   0.00000     Cmsurf  =   0.04679
     CDsurf  =  -0.00022     Cnsurf  =  -0.00000
     CDisurf =  -0.00022     CDvsurf =   0.00000

  Forces referred to Ssurf, Cave about hinge axis thru LE
     CLsurf  =   0.00638     CDsurf  =  -0.00023
     Deflect =

 Strip Forces referred to Strip Area, Chord
    j      Yle    Chord     Area     c cl      ai      cl_norm  cl       cd       cdv    cm_c/4    cm_LE  C.P.x/c
   151  -1.6830  26.5957   9.9468   0.1387   0.1264   0.0626   0.0054  -0.0019   0.0000   0.0037   0.0003   -0.428
   152  -1.3090  31.2096  11.6724   0.2018   0.1377   0.0250   0.0065  -0.0007   0.0000   0.0044   0.0007   -0.427
   153  -0.9350  34.0626  12.7394   0.2249   0.1313   0.0161   0.0066  -0.0002   0.0000   0.0051   0.0012   -0.524
   154  -0.5610  36.1619  13.5246   0.2384   0.1301   0.0110   0.0066   0.0002   0.0000   0.0055   0.0017   -0.579
   155  -0.1870  37.5332  14.0374   0.2460   0.1313   0.0076   0.0065   0.0008   0.0000   0.0055   0.0027   -0.602
   156   0.1870  37.5332  14.0374   0.2460   0.1313   0.0076   0.0065   0.0008   0.0000   0.0055   0.0027   -0.602
   157   0.5610  36.1619  13.5246   0.2384   0.1301   0.0110   0.0066   0.0002   0.0000   0.0055   0.0017   -0.579
   158   0.9350  34.0626  12.7394   0.2249   0.1313   0.0161   0.0066  -0.0002   0.0000   0.0051   0.0012   -0.524
   159   1.3090  31.2096  11.6724   0.2018   0.1377   0.0250   0.0065  -0.0007   0.0000   0.0044   0.0007   -0.427
   160   1.6830  26.5957   9.9468   0.1387   0.1264   0.0626   0.0054  -0.0019   0.0000   0.0037   0.0003   -0.428

  Surface # 7     fuselage_vertical                       
     # Chordwise = 10   # Spanwise = 10     First strip =161
     Surface area =  123.841202       Ave. chord =   33.112617
     CLsurf  =  -0.00000     Clsurf  =  -0.00000
     CYsurf  =   0.00000     Cmsurf  =   0.00000
     CDsurf  =  -0.00000     Cnsurf  =  -0.00000
     CDisurf =  -0.00000     CDvsurf =   0.00000

  Forces referred to Ssurf, Cave about hinge axis thru LE
     CLsurf  =  -0.00000     CDsurf  =  -0.00000
     Deflect =

 Strip Forces referred to Strip Area, Chord
    j      Yle    Chord     Area     c cl      ai      cl_norm  cl       cd       cdv    cm_c/4    cm_LE  C.P.x/c
   161   0.0000  26.5957   9.9468   0.0000  -0.0000   0.0000   0.0000  -0.0000   0.0000  -0.0000  -0.0000    0.596
   162   0.0000  31.2096  11.6724  -0.0000  -0.0000  -0.0000  -0.0000   0.0000   0.0000  -0.0000  -0.0000   -0.672
   163   0.0000  34.0626  12.7394  -0.0000  -0.0000  -0.0000  -0.0000  -0.0000   0.0000  -0.0000  -0.0000   -0.015
   164   0.0000  36.1619  13.5246  -0.0000   0.0000  -0.0000  -0.0000  -0.0000   0.0000  -0.0000  -0.0000    0.122
   165   0.0000  37.5332  14.0374  -0.0000   0.0000  -0.0000  -0.0000   0.0000   0.0000  -0.0000   0.0000    0.241
   166   0.0000  37.5332  14.0374  -0.0000   0.0000  -0.0000  -0.0000   0.0000   0.0000   0.0000   0.0000    0.440
   167   0.0000  36.1619  13.5246  -0.0000   0.0000  -0.0000  -0.0000  -0.0000   0.0000   0.0000   0.0000    0.525
   168   0.0000  34.0626  12.7394  -0.0000  -0.0000  -0.0000  -0.0000   0.0000   0.0000   0.0000   0.0000    0.559
   169   0.0000  31.2096  11.6724  -0.0000   0.0000  -0.0000  -0.0000  -0.0000   0.0000   0.0000   0.0000    0.622
   170   0.0000  26.5957   9.9468  -0.0000   0.0000  -0.0000  -0.0000  -0.0000   0.0000   0.0000   0.0000    0.695
 ---------------------------------------------------------------
