 ---------------------------------------------------------------
 Surface and Strip Forces by surface

  Forces referred to Sref, Cref, Bref about Xref, Yref, Zref
 Standard axis orientation,  X fwd, Z down         

  Surface # 1     main_wing                               
     # Chordwise = 10   # Spanwise = 30     First strip =  1
     Surface area =   63.968842       Ave. chord =    3.715026
     CLsurf  =   0.01487     Clsurf  =   0.00165
     CYsurf  =  -0.00029     Cmsurf  =  -0.00063
     CDsurf  =   0.00043     Cnsurf  =  -0.00012
     CDisurf =   0.00043     CDvsurf =   0.00000

  Forces referred to Ssurf, Cave about hinge axis thru LE
     CLsurf  =   0.02899     CDsurf  =   0.00085
     Deflect =

 Strip Forces referred to Strip Area, Chord
    j      Yle    Chord     Area     c cl      ai      cl_norm  cl       cd       cdv    cm_c/4    cm_LE  C.P.x/c
     1   0.0114   7.7520   0.3539   0.8119   0.0125   0.1359   0.1056   0.0238   0.0000  -0.0070  -0.0270    0.316
     2   0.1025   7.6885   1.0491   0.7950   0.0118   0.1334   0.1037   0.0054   0.0000  -0.0069  -0.0266    0.317
     3   0.2837   7.5620   1.7073   0.7903   0.0104   0.1347   0.1047   0.0041   0.0000  -0.0067  -0.0266    0.314
     4   0.5530   7.3741   2.3052   0.7798   0.0081   0.1363   0.1059   0.0035   0.0000  -0.0063  -0.0266    0.309
     5   0.9075   7.1267   2.8223   0.7586   0.0055   0.1372   0.1066   0.0030   0.0000  -0.0060  -0.0265    0.306
     6   1.3432   6.8226   3.2414   0.7224   0.0060   0.1364   0.1060   0.0024   0.0000  -0.0059  -0.0263    0.305
     7   1.8554   6.4651   3.5491   0.6678   0.0156   0.1331   0.1034   0.0015   0.0000  -0.0060  -0.0259    0.308
     8   2.4386   6.0582   3.7368   0.5928   0.0232   0.1260   0.0979   0.0009   0.0000  -0.0066  -0.0252    0.317
     9   3.0862   5.6062   3.8005   0.4981   0.0159   0.1144   0.0889   0.0002   0.0000  -0.0075  -0.0242    0.335
    10   3.7613   5.1351   3.4440   0.3929   0.0061   0.0985   0.0766  -0.0002   0.0000  -0.0086  -0.0225    0.362
    11   4.4532   4.6522   3.3149   0.2842  -0.0024   0.0787   0.0611  -0.0005   0.0000  -0.0095  -0.0202    0.406
    12   5.1831   4.1429   3.0930   0.1711  -0.0124   0.0532   0.0413  -0.0006   0.0000  -0.0112  -0.0175    0.520
    13   6.0123   3.7903   3.4706   0.0720  -0.0173   0.0231   0.0190  -0.0003   0.0000  -0.0129  -0.0157    0.928
    14   6.9353   3.6075   3.3775   0.0038  -0.0128   0.0013   0.0011  -0.0000   0.0000  -0.0140  -0.0127
    15   7.8737   3.4215   3.2389  -0.0471  -0.0091  -0.0167  -0.0138   0.0001   0.0000  -0.0153  -0.0105   -0.859
    16   8.8172   3.2345   3.0619  -0.0855  -0.0070  -0.0321  -0.0264   0.0003   0.0000  -0.0167  -0.0090   -0.380
    17   9.7556   3.0486   2.8543  -0.1140  -0.0063  -0.0454  -0.0374   0.0003   0.0000  -0.0183  -0.0080   -0.238
    18  10.6786   2.8657   2.6239  -0.1341  -0.0064  -0.0568  -0.0468   0.0004   0.0000  -0.0201  -0.0075   -0.179
    19  11.5760   2.6879   2.3787  -0.1466  -0.0070  -0.0662  -0.0546   0.0004   0.0000  -0.0219  -0.0075   -0.152
    20  12.4328   2.5181   2.1010  -0.1511  -0.0072  -0.0728  -0.0600   0.0003   0.0000  -0.0232  -0.0074   -0.137
    21  13.2400   2.3582   1.8520  -0.1484  -0.0070  -0.0764  -0.0630   0.0003   0.0000  -0.0239  -0.0073   -0.129
    22  13.9941   2.2087   1.6074  -0.1409  -0.0068  -0.0775  -0.0638   0.0002   0.0000  -0.0245  -0.0077   -0.133
    23  14.6868   2.0715   1.3716  -0.1294  -0.0066  -0.0758  -0.0625   0.0001   0.0000  -0.0251  -0.0085   -0.151
    24  15.3105   1.9479   1.1479  -0.1144  -0.0062  -0.0713  -0.0588   0.0000   0.0000  -0.0255  -0.0097   -0.184
    25  15.8583   1.8393   0.9381  -0.0967  -0.0055  -0.0639  -0.0526  -0.0001   0.0000  -0.0252  -0.0108   -0.229
    26  16.3244   1.7470   0.7427  -0.0777  -0.0047  -0.0540  -0.0445  -0.0001   0.0000  -0.0226  -0.0102   -0.257
    27  16.6722   1.4928   0.4131  -0.0595  -0.0045  -0.1315  -0.0399  -0.0008   0.0000  -0.0167  -0.0033   -0.168
    28  16.9098   1.1466   0.2292  -0.0422  -0.0040  -0.1214  -0.0368  -0.0009   0.0000  -0.0170  -0.0038   -0.211
    29  17.0696   0.9138   0.1104  -0.0251  -0.0034  -0.0906  -0.0275  -0.0013   0.0000  -0.0152  -0.0040   -0.303
    30  17.1499   0.7967   0.0322  -0.0083  -0.0029  -0.0346  -0.0105  -0.0023   0.0000  -0.0071  -0.0022   -0.429

  Surface # 2     main_wing (YDUP)                        
     # Chordwise = 10   # Spanwise = 30     First strip = 31
     Surface area =   63.968842       Ave. chord =    3.715026
     CLsurf  =   0.01487     Clsurf  =  -0.00165
     CYsurf  =   0.00029     Cmsurf  =  -0.00063
     CDsurf  =   0.00043     Cnsurf  =   0.00012
     CDisurf =   0.00043     CDvsurf =   0.00000

  Forces referred to Ssurf, Cave about hinge axis thru LE
     CLsurf  =   0.02899     CDsurf  =   0.00085
     Deflect =

 Strip Forces referred to Strip Area, Chord
    j      Yle    Chord     Area     c cl      ai      cl_norm  cl       cd       cdv    cm_c/4    cm_LE  C.P.x/c
    31  -0.0114   7.7520   0.3539   0.8119   0.0125   0.1359   0.1056   0.0238   0.0000  -0.0070   0.0270    0.316
    32  -0.1025   7.6885   1.0491   0.7950   0.0118   0.1334   0.1037   0.0054   0.0000  -0.0069   0.0266    0.317
    33  -0.2837   7.5620   1.7073   0.7903   0.0104   0.1347   0.1047   0.0041   0.0000  -0.0067   0.0266    0.314
    34  -0.5530   7.3741   2.3052   0.7798   0.0081   0.1363   0.1059   0.0035   0.0000  -0.0063   0.0266    0.309
    35  -0.9075   7.1267   2.8223   0.7586   0.0055   0.1372   0.1066   0.0030   0.0000  -0.0060   0.0265    0.306
    36  -1.3432   6.8226   3.2414   0.7224   0.0060   0.1364   0.1060   0.0024   0.0000  -0.0059   0.0263    0.305
    37  -1.8554   6.4651   3.5491   0.6678   0.0156   0.1331   0.1034   0.0015   0.0000  -0.0060   0.0259    0.308
    38  -2.4386   6.0582   3.7368   0.5928   0.0232   0.1260   0.0979   0.0009   0.0000  -0.0066   0.0252    0.317
    39  -3.0862   5.6062   3.8005   0.4981   0.0159   0.1144   0.0889   0.0002   0.0000  -0.0075   0.0242    0.335
    40  -3.7613   5.1351   3.4440   0.3929   0.0061   0.0985   0.0766  -0.0002   0.0000  -0.0086   0.0225    0.362
    41  -4.4532   4.6522   3.3149   0.2842  -0.0024   0.0787   0.0611  -0.0005   0.0000  -0.0095   0.0202    0.406
    42  -5.1831   4.1429   3.0930   0.1711  -0.0124   0.0532   0.0413  -0.0006   0.0000  -0.0112   0.0175    0.520
    43  -6.0123   3.7903   3.4706   0.0720  -0.0173   0.0231   0.0190  -0.0003   0.0000  -0.0129   0.0157    0.928
    44  -6.9353   3.6075   3.3775   0.0038  -0.0128   0.0013   0.0011  -0.0000   0.0000  -0.0140   0.0127
    45  -7.8737   3.4215   3.2389  -0.0471  -0.0091  -0.0167  -0.0138   0.0001   0.0000  -0.0153   0.0105   -0.859
    46  -8.8172   3.2345   3.0619  -0.0855  -0.0070  -0.0321  -0.0264   0.0003   0.0000  -0.0167   0.0090   -0.380
    47  -9.7556   3.0486   2.8543  -0.1140  -0.0063  -0.0454  -0.0374   0.0003   0.0000  -0.0183   0.0080   -0.238
    48 -10.6786   2.8657   2.6239  -0.1341  -0.0064  -0.0568  -0.0468   0.0004   0.0000  -0.0201   0.0075   -0.179
    49 -11.5760   2.6879   2.3787  -0.1466  -0.0070  -0.0662  -0.0546   0.0004   0.0000  -0.0219   0.0075   -0.152
    50 -12.4328   2.5181   2.1010  -0.1511  -0.0072  -0.0728  -0.0600   0.0003   0.0000  -0.0232   0.0074   -0.137
    51 -13.2400   2.3582   1.8520  -0.1484  -0.0070  -0.0764  -0.0630   0.0003   0.0000  -0.0239   0.0073   -0.129
    52 -13.9941   2.2087   1.6074  -0.1409  -0.0068  -0.0775  -0.0638   0.0002   0.0000  -0.0245   0.0077   -0.133
    53 -14.6868   2.0715   1.3716  -0.1294  -0.0066  -0.0758  -0.0625   0.0001   0.0000  -0.0251   0.0085   -0.151
    54 -15.3105   1.9479   1.1479  -0.1144  -0.0062  -0.0713  -0.0587   0.0000   0.0000  -0.0255   0.0097   -0.184
    55 -15.8583   1.8393   0.9381  -0.0967  -0.0055  -0.0639  -0.0526  -0.0001   0.0000  -0.0252   0.0108   -0.229
    56 -16.3244   1.7470   0.7427  -0.0777  -0.0047  -0.0540  -0.0445  -0.0001   0.0000  -0.0226   0.0102   -0.257
    57 -16.6722   1.4928   0.4131  -0.0595  -0.0045  -0.1315  -0.0399  -0.0008   0.0000  -0.0167   0.0033   -0.168
    58 -16.9098   1.1466   0.2292  -0.0422  -0.0040  -0.1214  -0.0368  -0.0009   0.0000  -0.0170   0.0038   -0.211
    59 -17.0696   0.9138   0.1104  -0.0251  -0.0034  -0.0906  -0.0275  -0.0013   0.0000  -0.0152   0.0040   -0.303
    60 -17.1499   0.7967   0.0322  -0.0083  -0.0029  -0.0346  -0.0105  -0.0023   0.0000  -0.0071   0.0022   -0.429

  Surface # 3     horizontal_stabilizer                   
     # Chordwise = 10   # Spanwise = 30     First strip = 61
     Surface area =   20.744604       Ave. chord =    2.848572
     CLsurf  =  -0.03300     Clsurf  =   0.00324
     CYsurf  =   0.00529     Cmsurf  =   0.15846
     CDsurf  =   0.00016     Cnsurf  =  -0.00327
     CDisurf =   0.00016     CDvsurf =   0.00000

  Forces referred to Ssurf, Cave about hinge axis thru LE
     CLsurf  =  -0.20117     CDsurf  =   0.00098
     Deflect =

 Strip Forces referred to Strip Area, Chord
    j      Yle    Chord     Area     c cl      ai      cl_norm  cl       cd       cdv    cm_c/4    cm_LE  C.P.x/c
    61   0.0047   4.2713   0.0803  -0.6307  -0.0214  -0.1856  -0.1448   0.0858   0.0000   0.0110   0.0401    0.326
    62   0.0418   4.2566   0.2392  -0.7523  -0.0219  -0.2263  -0.1765   0.0100   0.0000   0.0109   0.0462    0.312
    63   0.1156   4.2274   0.3930  -0.7619  -0.0224  -0.2310  -0.1802   0.0048   0.0000   0.0105   0.0465    0.308
    64   0.2254   4.1839   0.5386  -0.7645  -0.0228  -0.2343  -0.1827   0.0036   0.0000   0.0096   0.0463    0.302
    65   0.3698   4.1268   0.6730  -0.7650  -0.0230  -0.2377  -0.1854   0.0031   0.0000   0.0083   0.0458    0.295
    66   0.5474   4.0565   0.7936  -0.7647  -0.0228  -0.2417  -0.1885   0.0028   0.0000   0.0070   0.0453    0.287
    67   0.7617   3.9717   0.9441  -0.7625  -0.0223  -0.2462  -0.1920   0.0022   0.0000   0.0056   0.0449    0.279
    68   1.0116   3.8728   1.0344  -0.7590  -0.0211  -0.2514  -0.1960   0.0018   0.0000   0.0043   0.0446    0.272
    69   1.2891   3.7630   1.1046  -0.7525  -0.0193  -0.2565  -0.2000   0.0014   0.0000   0.0032   0.0445    0.266
    70   1.5912   3.6435   1.1542  -0.7430  -0.0170  -0.2616  -0.2040   0.0010   0.0000   0.0022   0.0444    0.261
    71   1.9146   3.5155   1.1831  -0.7301  -0.0148  -0.2664  -0.2078   0.0007   0.0000   0.0013   0.0445    0.256
    72   2.2558   3.3805   1.1921  -0.7140  -0.0130  -0.2710  -0.2113   0.0004   0.0000   0.0006   0.0447    0.253
    73   2.6109   3.2400   1.1821  -0.6938  -0.0120  -0.2747  -0.2142   0.0002   0.0000   0.0001   0.0448    0.250
    74   2.9762   3.0955   1.1548  -0.6702  -0.0118  -0.2778  -0.2166   0.0000   0.0000  -0.0004   0.0449    0.248
    75   3.3476   2.9485   1.1122  -0.6437  -0.0121  -0.2801  -0.2184  -0.0002   0.0000  -0.0008   0.0449    0.246
    76   3.7210   2.8008   1.0564  -0.6144  -0.0127  -0.2815  -0.2195  -0.0002   0.0000  -0.0011   0.0449    0.245
    77   4.0924   2.6538   0.9900  -0.5827  -0.0135  -0.2818  -0.2197  -0.0004   0.0000  -0.0015   0.0446    0.243
    78   4.4577   2.5093   0.9155  -0.5494  -0.0144  -0.2809  -0.2191  -0.0004   0.0000  -0.0019   0.0441    0.241
    79   4.8128   2.3687   0.8353  -0.5148  -0.0154  -0.2789  -0.2175  -0.0004   0.0000  -0.0024   0.0434    0.239
    80   5.1540   2.2338   0.7518  -0.4792  -0.0166  -0.2753  -0.2147  -0.0005   0.0000  -0.0031   0.0422    0.236
    81   5.4774   2.1058   0.6671  -0.4427  -0.0178  -0.2697  -0.2104  -0.0006   0.0000  -0.0040   0.0406    0.231
    82   5.7795   1.9862   0.5830  -0.4054  -0.0192  -0.2619  -0.2042  -0.0008   0.0000  -0.0051   0.0383    0.225
    83   6.0570   1.8764   0.5012  -0.3668  -0.0206  -0.2508  -0.1956  -0.0008   0.0000  -0.0065   0.0354    0.217
    84   6.3069   1.7776   0.4225  -0.3271  -0.0220  -0.2361  -0.1842  -0.0009   0.0000  -0.0080   0.0317    0.207
    85   6.5264   1.6907   0.3478  -0.2860  -0.0234  -0.2171  -0.1693  -0.0011   0.0000  -0.0095   0.0273    0.194
    86   6.7314   1.6096   0.3326  -0.2410  -0.0246  -0.1922  -0.1499  -0.0012   0.0000  -0.0108   0.0221    0.178
    87   6.9144   1.5372   0.2507  -0.1907  -0.0258  -0.1592  -0.1242  -0.0013   0.0000  -0.0113   0.0163    0.159
    88   7.0535   1.4822   0.1746  -0.1379  -0.0267  -0.1194  -0.0931  -0.0014   0.0000  -0.0103   0.0107    0.139
    89   7.1471   1.4451   0.1029  -0.0835  -0.0273  -0.0742  -0.0578  -0.0013   0.0000  -0.0074   0.0058    0.123
    90   7.1941   1.4265   0.0340  -0.0279  -0.0276  -0.0252  -0.0196  -0.0011   0.0000  -0.0027   0.0018    0.114

  Surface # 4     horizontal_stabilizer (YDUP)            
     # Chordwise = 10   # Spanwise = 30     First strip = 91
     Surface area =   20.744604       Ave. chord =    2.848572
     CLsurf  =  -0.03300     Clsurf  =  -0.00324
     CYsurf  =  -0.00529     Cmsurf  =   0.15846
     CDsurf  =   0.00016     Cnsurf  =   0.00327
     CDisurf =   0.00016     CDvsurf =   0.00000

  Forces referred to Ssurf, Cave about hinge axis thru LE
     CLsurf  =  -0.20117     CDsurf  =   0.00098
     Deflect =

 Strip Forces referred to Strip Area, Chord
    j      Yle    Chord     Area     c cl      ai      cl_norm  cl       cd       cdv    cm_c/4    cm_LE  C.P.x/c
    91  -0.0047   4.2713   0.0803  -0.6307  -0.0214  -0.1856  -0.1448   0.0858   0.0000   0.0110  -0.0401    0.326
    92  -0.0418   4.2566   0.2392  -0.7523  -0.0219  -0.2263  -0.1765   0.0100   0.0000   0.0109  -0.0462    0.312
    93  -0.1156   4.2274   0.3930  -0.7619  -0.0224  -0.2310  -0.1802   0.0048   0.0000   0.0105  -0.0465    0.308
    94  -0.2254   4.1839   0.5386  -0.7645  -0.0228  -0.2343  -0.1827   0.0036   0.0000   0.0096  -0.0463    0.302
    95  -0.3698   4.1268   0.6730  -0.7650  -0.0230  -0.2377  -0.1854   0.0031   0.0000   0.0083  -0.0458    0.295
    96  -0.5474   4.0565   0.7936  -0.7647  -0.0228  -0.2417  -0.1885   0.0028   0.0000   0.0070  -0.0453    0.287
    97  -0.7617   3.9717   0.9441  -0.7625  -0.0223  -0.2462  -0.1920   0.0022   0.0000   0.0056  -0.0449    0.279
    98  -1.0116   3.8728   1.0344  -0.7590  -0.0211  -0.2514  -0.1960   0.0018   0.0000   0.0043  -0.0446    0.272
    99  -1.2891   3.7630   1.1046  -0.7525  -0.0193  -0.2565  -0.2000   0.0014   0.0000   0.0032  -0.0445    0.266
   100  -1.5912   3.6435   1.1542  -0.7429  -0.0170  -0.2616  -0.2040   0.0010   0.0000   0.0022  -0.0444    0.261
   101  -1.9146   3.5155   1.1831  -0.7301  -0.0148  -0.2664  -0.2078   0.0007   0.0000   0.0013  -0.0445    0.256
   102  -2.2558   3.3805   1.1921  -0.7140  -0.0130  -0.2710  -0.2113   0.0004   0.0000   0.0006  -0.0447    0.253
   103  -2.6109   3.2400   1.1821  -0.6938  -0.0120  -0.2747  -0.2142   0.0002   0.0000   0.0001  -0.0448    0.250
   104  -2.9762   3.0955   1.1548  -0.6702  -0.0118  -0.2778  -0.2166   0.0000   0.0000  -0.0004  -0.0449    0.248
   105  -3.3476   2.9485   1.1122  -0.6437  -0.0121  -0.2801  -0.2184  -0.0002   0.0000  -0.0008  -0.0449    0.246
   106  -3.7210   2.8008   1.0564  -0.6144  -0.0127  -0.2815  -0.2195  -0.0002   0.0000  -0.0011  -0.0449    0.245
   107  -4.0924   2.6538   0.9900  -0.5827  -0.0135  -0.2818  -0.2197  -0.0004   0.0000  -0.0015  -0.0446    0.243
   108  -4.4577   2.5093   0.9155  -0.5494  -0.0144  -0.2809  -0.2191  -0.0004   0.0000  -0.0019  -0.0441    0.241
   109  -4.8128   2.3687   0.8353  -0.5148  -0.0154  -0.2789  -0.2175  -0.0004   0.0000  -0.0024  -0.0434    0.239
   110  -5.1540   2.2338   0.7518  -0.4792  -0.0166  -0.2753  -0.2147  -0.0005   0.0000  -0.0031  -0.0422    0.236
   111  -5.4774   2.1058   0.6671  -0.4427  -0.0178  -0.2697  -0.2104  -0.0006   0.0000  -0.0040  -0.0406    0.231
   112  -5.7795   1.9862   0.5830  -0.4053  -0.0192  -0.2619  -0.2042  -0.0008   0.0000  -0.0051  -0.0383    0.225
   113  -6.0570   1.8764   0.5012  -0.3668  -0.0206  -0.2508  -0.1956  -0.0008   0.0000  -0.0065  -0.0354    0.217
   114  -6.3069   1.7776   0.4225  -0.3271  -0.0220  -0.2361  -0.1842  -0.0009   0.0000  -0.0080  -0.0317    0.207
   115  -6.5264   1.6907   0.3478  -0.2860  -0.0234  -0.2171  -0.1693  -0.0011   0.0000  -0.0095  -0.0273    0.194
   116  -6.7314   1.6096   0.3326  -0.2410  -0.0246  -0.1922  -0.1499  -0.0012   0.0000  -0.0108  -0.0221    0.178
   117  -6.9144   1.5372   0.2507  -0.1907  -0.0258  -0.1592  -0.1242  -0.0013   0.0000  -0.0113  -0.0163    0.159
   118  -7.0535   1.4822   0.1746  -0.1379  -0.0267  -0.1194  -0.0931  -0.0014   0.0000  -0.0103  -0.0107    0.139
   119  -7.1471   1.4451   0.1029  -0.0835  -0.0273  -0.0742  -0.0578  -0.0013   0.0000  -0.0074  -0.0058    0.123
   120  -7.1941   1.4265   0.0340  -0.0279  -0.0276  -0.0252  -0.0196  -0.0011   0.0000  -0.0027  -0.0018    0.114

  Surface # 5     vertical_stabilizer                     
     # Chordwise = 10   # Spanwise = 30     First strip =121
     Surface area =   34.910358       Ave. chord =    4.190919
     CLsurf  =   0.00000     Clsurf  =  -0.00000
     CYsurf  =  -0.00000     Cmsurf  =  -0.00000
     CDsurf  =  -0.00000     Cnsurf  =   0.00000
     CDisurf =  -0.00000     CDvsurf =   0.00000

  Forces referred to Ssurf, Cave about hinge axis thru LE
     CLsurf  =   0.00000     CDsurf  =  -0.00000
     Deflect =

 Strip Forces referred to Strip Area, Chord
    j      Yle    Chord     Area     c cl      ai      cl_norm  cl       cd       cdv    cm_c/4    cm_LE  C.P.x/c
   121   0.0000  10.0347   0.6931   0.0000   0.0000   0.0000   0.0000   0.0000   0.0000  -0.0000  -0.0000    0.768
   122   0.0000   9.8296   1.1101   0.0000  -0.0000   0.0000   0.0000   0.0000   0.0000  -0.0000  -0.0000    0.764
   123   0.0000   9.5266   1.4857   0.0000  -0.0000   0.0000   0.0000   0.0000   0.0000  -0.0000  -0.0000    0.754
   124   0.0000   9.1281   1.8040   0.0000  -0.0000   0.0000   0.0000   0.0000   0.0000  -0.0000  -0.0000    0.744
   125   0.0000   8.6377   2.0517   0.0000  -0.0000   0.0000   0.0000   0.0000   0.0000  -0.0000  -0.0000    0.723
   126   0.0000   8.0598   2.2181   0.0000  -0.0000   0.0000   0.0000   0.0000   0.0000  -0.0000  -0.0000    0.706
   127   0.0000   7.4000   2.2957   0.0000  -0.0000   0.0000   0.0000   0.0000   0.0000  -0.0000  -0.0000    0.677
   128   0.0000   6.6646   2.2808   0.0000  -0.0000   0.0000   0.0000  -0.0000   0.0000  -0.0000  -0.0000    0.639
   129   0.0000   5.8609   2.1733   0.0000  -0.0000   0.0000   0.0000  -0.0000   0.0000  -0.0000  -0.0000    0.584
   130   0.0000   4.9969   1.9773   0.0000  -0.0000   0.0000   0.0000   0.0000   0.0000  -0.0000  -0.0000    0.511
   131   0.0000   4.4389   1.6667   0.0000  -0.0000   0.0000   0.0000   0.0000   0.0000  -0.0000  -0.0000    0.457
   132   0.0000   4.2198   1.6478   0.0000  -0.0000   0.0000   0.0000  -0.0000   0.0000  -0.0000  -0.0000    0.431
   133   0.0000   3.9932   1.6033   0.0000  -0.0000   0.0000   0.0000  -0.0000   0.0000  -0.0000  -0.0000    0.403
   134   0.0000   3.7615   1.5362   0.0000  -0.0000   0.0000   0.0000  -0.0000   0.0000  -0.0000  -0.0000    0.375
   135   0.0000   3.5271   1.4499   0.0000  -0.0000   0.0000   0.0000  -0.0000   0.0000  -0.0000  -0.0000    0.356
   136   0.0000   3.2923   1.3482   0.0000  -0.0000   0.0000   0.0000  -0.0000   0.0000  -0.0000  -0.0000    0.339
   137   0.0000   3.0597   1.2352   0.0000  -0.0000   0.0000   0.0000  -0.0000   0.0000  -0.0000  -0.0000    0.323
   138   0.0000   2.8315   1.1147   0.0000  -0.0000   0.0000   0.0000  -0.0000   0.0000  -0.0000  -0.0000    0.311
   139   0.0000   2.6103   0.9908   0.0000  -0.0000   0.0000   0.0000  -0.0000   0.0000  -0.0000  -0.0000    0.300
   140   0.0000   2.3983   0.8670   0.0000  -0.0000   0.0000   0.0000  -0.0000   0.0000  -0.0000  -0.0000    0.284
   141   0.0000   2.1977   0.7464   0.0000  -0.0000   0.0000   0.0000  -0.0000   0.0000  -0.0000  -0.0000    0.275
   142   0.0000   2.0106   0.6318   0.0000  -0.0000   0.0000   0.0000  -0.0000   0.0000  -0.0000  -0.0000    0.265
   143   0.0000   1.8390   0.5251   0.0000  -0.0000   0.0000   0.0000  -0.0000   0.0000  -0.0000  -0.0000    0.253
   144   0.0000   1.6847   0.4276   0.0000  -0.0000   0.0000   0.0000  -0.0000   0.0000   0.0000  -0.0000    0.241
   145   0.0000   1.5493   0.3400   0.0000  -0.0000   0.0000   0.0000  -0.0000   0.0000   0.0000  -0.0000    0.224
   146   0.0000   1.4342   0.2622   0.0000  -0.0000   0.0000   0.0000  -0.0000   0.0000   0.0000  -0.0000    0.206
   147   0.0000   1.3407   0.1933   0.0000  -0.0000   0.0000   0.0000  -0.0000   0.0000   0.0000  -0.0000    0.184
   148   0.0000   1.2696   0.1322   0.0000  -0.0000   0.0000   0.0000  -0.0000   0.0000   0.0000  -0.0000    0.165
   149   0.0000   1.2218   0.0769   0.0000  -0.0000   0.0000   0.0000  -0.0000   0.0000   0.0000  -0.0000    0.150
   150   0.0000   1.1978   0.0252   0.0000  -0.0000   0.0000   0.0000  -0.0000   0.0000   0.0000  -0.0000    0.139

  Surface # 6     fuselage_horizontal                     
     # Chordwise = 10   # Spanwise = 10     First strip =151
     Surface area =  123.841202       Ave. chord =   33.112617
     CLsurf  =  -0.00971     Clsurf  =   0.00000
     CYsurf  =  -0.00000     Cmsurf  =  -0.02515
     CDsurf  =   0.00022     Cnsurf  =   0.00000
     CDisurf =   0.00022     CDvsurf =   0.00000

  Forces referred to Ssurf, Cave about hinge axis thru LE
     CLsurf  =  -0.00979     CDsurf  =   0.00022
     Deflect =

 Strip Forces referred to Strip Area, Chord
    j      Yle    Chord     Area     c cl      ai      cl_norm  cl       cd       cdv    cm_c/4    cm_LE  C.P.x/c
   151  -1.6830  26.5957   9.9468  -0.2475  -0.0625  -0.1157  -0.0093   0.0001   0.0000  -0.0004   0.0003    0.212
   152  -1.3090  31.2096  11.6724  -0.3323  -0.0595  -0.0414  -0.0106   0.0002   0.0000  -0.0008   0.0005    0.173
   153  -0.9350  34.0626  12.7394  -0.3463  -0.0327  -0.0248  -0.0102   0.0002   0.0000  -0.0018   0.0003    0.077
   154  -0.5610  36.1619  13.5246  -0.3475  -0.0201  -0.0161  -0.0096   0.0003   0.0000  -0.0023   0.0000    0.010
   155  -0.1870  37.5332  14.0374  -0.3473  -0.0157  -0.0107  -0.0092   0.0003   0.0000  -0.0025  -0.0001   -0.023
   156   0.1870  37.5332  14.0374  -0.3473  -0.0157  -0.0107  -0.0092   0.0003   0.0000  -0.0025  -0.0001   -0.023
   157   0.5610  36.1619  13.5246  -0.3475  -0.0201  -0.0161  -0.0096   0.0003   0.0000  -0.0023   0.0000    0.010
   158   0.9350  34.0626  12.7394  -0.3463  -0.0327  -0.0248  -0.0102   0.0002   0.0000  -0.0018   0.0003    0.077
   159   1.3090  31.2096  11.6724  -0.3323  -0.0595  -0.0414  -0.0106   0.0002   0.0000  -0.0008   0.0005    0.173
   160   1.6830  26.5957   9.9468  -0.2475  -0.0625  -0.1157  -0.0093   0.0001   0.0000  -0.0004   0.0003    0.212

  Surface # 7     fuselage_vertical                       
     # Chordwise = 10   # Spanwise = 10     First strip =161
     Surface area =  123.841202       Ave. chord =   33.112617
     CLsurf  =  -0.00000     Clsurf  =   0.00000
     CYsurf  =   0.00000     Cmsurf  =   0.00000
     CDsurf  =  -0.00000     Cnsurf  =  -0.00000
     CDisurf =  -0.00000     CDvsurf =   0.00000

  Forces referred to Ssurf, Cave about hinge axis thru LE
     CLsurf  =  -0.00000     CDsurf  =  -0.00000
     Deflect =

 Strip Forces referred to Strip Area, Chord
    j      Yle    Chord     Area     c cl      ai      cl_norm  cl       cd       cdv    cm_c/4    cm_LE  C.P.x/c
   161   0.0000  26.5957   9.9468  -0.0000  -0.0000  -0.0000  -0.0000   0.0000   0.0000   0.0000   0.0000    0.956
   162   0.0000  31.2096  11.6724  -0.0000  -0.0000  -0.0000  -0.0000   0.0000   0.0000   0.0000   0.0000    0.896
   163   0.0000  34.0626  12.7394  -0.0000  -0.0000  -0.0000  -0.0000   0.0000   0.0000   0.0000   0.0000    0.884
   164   0.0000  36.1619  13.5246  -0.0000   0.0000  -0.0000  -0.0000   0.0000   0.0000   0.0000   0.0000    0.877
   165   0.0000  37.5332  14.0374  -0.0000   0.0000  -0.0000  -0.0000  -0.0000   0.0000   0.0000   0.0000    0.872
   166   0.0000  37.5332  14.0374  -0.0000   0.0000  -0.0000  -0.0000  -0.0000   0.0000   0.0000   0.0000    0.859
   167   0.0000  36.1619  13.5246  -0.0000   0.0000  -0.0000  -0.0000  -0.0000   0.0000   0.0000   0.0000    0.839
   168   0.0000  34.0626  12.7394  -0.0000   0.0000  -0.0000  -0.0000   0.0000   0.0000   0.0000   0.0000    0.809
   169   0.0000  31.2096  11.6724  -0.0000   0.0000  -0.0000  -0.0000  -0.0000   0.0000   0.0000   0.0000    0.677
   170   0.0000  26.5957   9.9468  -0.0000  -0.0000  -0.0000  -0.0000  -0.0000   0.0000   0.0000   0.0000    0.356
 ---------------------------------------------------------------
