 ---------------------------------------------------------------
 Surface and Strip Forces by surface

  Forces referred to Sref, Cref, Bref about Xref, Yref, Zref
 Standard axis orientation,  X fwd, Z down         

  Surface # 1     main_wing                               
     # Chordwise = 10   # Spanwise = 30     First strip =  1
     Surface area =   63.793327       Ave. chord =    3.717556
     CLsurf  =   0.37195     Clsurf  =  -0.07410
     CYsurf  =  -0.01126     Cmsurf  =  -0.02782
     CDsurf  =   0.00972     Cnsurf  =  -0.00608
     CDisurf =   0.00972     CDvsurf =   0.00000

  Forces referred to Ssurf, Cave about hinge axis thru LE
     CLsurf  =   0.72803     CDsurf  =   0.01903
     Deflect =

 Strip Forces referred to Strip Area, Chord
    j      Yle    Chord     Area     c cl      ai      cl_norm  cl       cd       cdv    cm_c/4    cm_LE  C.P.x/c
     1   0.0123   7.7514   0.3815   4.0760   0.1633   0.5217   0.5216   0.0666   0.0000  -0.0127  -0.1418    0.274
     2   0.1106   7.6828   1.1303   4.0687   0.1606   0.5295   0.5294   0.0338   0.0000  -0.0127  -0.1428    0.274
     3   0.3062   7.5463   1.8369   4.0611   0.1563   0.5384   0.5383   0.0317   0.0000  -0.0128  -0.1449    0.274
     4   0.5968   7.3435   2.4751   4.0411   0.1506   0.5509   0.5508   0.0292   0.0000  -0.0129  -0.1480    0.273
     5   0.9793   7.0766   3.0215   4.0195   0.1421   0.5685   0.5684   0.0313   0.0000  -0.0129  -0.1523    0.273
     6   1.4496   6.7484   3.4567   3.9586   0.1288   0.5877   0.5877   0.0271   0.0000  -0.0134  -0.1574    0.273
     7   1.9610   6.3915   3.2367   3.8942   0.1110   0.6107   0.6107   0.0261   0.0000  -0.0137  -0.1633    0.272
     8   2.4995   6.0157   3.4229   3.8097   0.0950   0.6352   0.6352   0.0233   0.0000  -0.0140  -0.1695    0.272
     9   3.0975   5.5984   3.5010   3.7151   0.0834   0.6656   0.6656   0.0245   0.0000  -0.0143  -0.1773    0.272
    10   3.7485   5.1441   3.4716   3.5783   0.0735   0.6988   0.6987   0.0172   0.0000  -0.0152  -0.1861    0.272
    11   4.4453   4.6578   3.3395   3.4512   0.0618   0.7446   0.7445   0.0163   0.0000  -0.0158  -0.1978    0.271
    12   5.1804   4.1448   3.1137   3.2898   0.0455   0.7985   0.7984   0.0107   0.0000  -0.0175  -0.2124    0.272
    13   6.0123   3.7903   3.4546   3.1505   0.0363   0.8359   0.8358   0.0130   0.0000  -0.0193  -0.2267    0.273
    14   6.9353   3.6074   3.3620   3.0127   0.0304   0.8398   0.8397   0.0139   0.0000  -0.0201  -0.2285    0.274
    15   7.8737   3.4215   3.2240   2.8717   0.0247   0.8440   0.8439   0.0139   0.0000  -0.0204  -0.2298    0.274
    16   8.8173   3.2345   3.0478   2.7266   0.0223   0.8477   0.8476   0.0136   0.0000  -0.0205  -0.2308    0.274
    17   9.7557   3.0486   2.8411   2.5777   0.0222   0.8503   0.8503   0.0133   0.0000  -0.0204  -0.2314    0.274
    18  10.6786   2.8657   2.6118   2.4255   0.0230   0.8512   0.8511   0.0130   0.0000  -0.0203  -0.2315    0.274
    19  11.5760   2.6879   2.3677   2.2703   0.0242   0.8495   0.8494   0.0129   0.0000  -0.0200  -0.2308    0.274
    20  12.4467   2.5153   2.1582   2.1116   0.0258   0.8442   0.8442   0.0130   0.0000  -0.0195  -0.2290    0.273
    21  13.2645   2.3533   1.8259   1.9509   0.0282   0.8336   0.8336   0.0134   0.0000  -0.0188  -0.2257    0.273
    22  14.0130   2.2050   1.5853   1.7888   0.0315   0.8157   0.8156   0.0141   0.0000  -0.0178  -0.2203    0.272
    23  14.7005   2.0687   1.3533   1.6213   0.0361   0.7878   0.7877   0.0151   0.0000  -0.0162  -0.2118    0.271
    24  15.3195   1.9461   1.1330   1.4447   0.0424   0.7460   0.7459   0.0164   0.0000  -0.0139  -0.1992    0.269
    25  15.8633   1.8383   0.9263   1.2538   0.0509   0.6850   0.6850   0.0179   0.0000  -0.0106  -0.1808    0.265
    26  16.3259   1.7467   0.7336   1.0412   0.0621   0.5982   0.5982   0.0197   0.0000  -0.0061  -0.1549    0.260
    27  16.6722   1.4928   0.4112   0.7999   0.0532   0.5382   0.5380   0.0153   0.0000   0.0001  -0.1251    0.250
    28  16.9098   1.1466   0.2281   0.5655   0.0409   0.4961   0.4959   0.0081   0.0000   0.0056  -0.1100    0.239
    29  17.0696   0.9137   0.1099   0.3377   0.0374   0.3720   0.3719   0.0032   0.0000   0.0089  -0.0780    0.226
    30  17.1499   0.7966   0.0321   0.1127   0.0410   0.1426   0.1426   0.0003   0.0000   0.0051  -0.0283    0.214

  Surface # 2     main_wing (YDUP)                        
     # Chordwise = 10   # Spanwise = 30     First strip = 31
     Surface area =   63.793327       Ave. chord =    3.717556
     CLsurf  =   0.37194     Clsurf  =   0.07410
     CYsurf  =   0.01126     Cmsurf  =  -0.02782
     CDsurf  =   0.00972     Cnsurf  =   0.00608
     CDisurf =   0.00972     CDvsurf =   0.00000

  Forces referred to Ssurf, Cave about hinge axis thru LE
     CLsurf  =   0.72803     CDsurf  =   0.01903
     Deflect =

 Strip Forces referred to Strip Area, Chord
    j      Yle    Chord     Area     c cl      ai      cl_norm  cl       cd       cdv    cm_c/4    cm_LE  C.P.x/c
    31  -0.0123   7.7514   0.3815   4.0760   0.1635   0.5216   0.5216   0.0667   0.0000  -0.0127   0.1418    0.274
    32  -0.1106   7.6828   1.1303   4.0687   0.1606   0.5295   0.5294   0.0338   0.0000  -0.0127   0.1428    0.274
    33  -0.3062   7.5463   1.8369   4.0611   0.1563   0.5384   0.5383   0.0317   0.0000  -0.0128   0.1449    0.274
    34  -0.5968   7.3435   2.4751   4.0411   0.1506   0.5509   0.5508   0.0292   0.0000  -0.0129   0.1480    0.273
    35  -0.9793   7.0766   3.0215   4.0195   0.1421   0.5685   0.5684   0.0313   0.0000  -0.0129   0.1523    0.273
    36  -1.4496   6.7484   3.4567   3.9586   0.1288   0.5877   0.5877   0.0271   0.0000  -0.0134   0.1574    0.273
    37  -1.9610   6.3915   3.2367   3.8942   0.1110   0.6107   0.6107   0.0261   0.0000  -0.0137   0.1633    0.272
    38  -2.4995   6.0157   3.4229   3.8097   0.0950   0.6352   0.6352   0.0233   0.0000  -0.0140   0.1695    0.272
    39  -3.0975   5.5984   3.5010   3.7151   0.0834   0.6656   0.6656   0.0245   0.0000  -0.0143   0.1773    0.272
    40  -3.7485   5.1441   3.4716   3.5782   0.0735   0.6988   0.6987   0.0172   0.0000  -0.0152   0.1860    0.272
    41  -4.4453   4.6578   3.3395   3.4511   0.0618   0.7446   0.7445   0.0163   0.0000  -0.0158   0.1978    0.271
    42  -5.1804   4.1448   3.1137   3.2898   0.0455   0.7985   0.7984   0.0107   0.0000  -0.0175   0.2124    0.272
    43  -6.0123   3.7903   3.4546   3.1505   0.0363   0.8359   0.8358   0.0130   0.0000  -0.0193   0.2267    0.273
    44  -6.9353   3.6074   3.3620   3.0127   0.0304   0.8398   0.8397   0.0139   0.0000  -0.0201   0.2285    0.274
    45  -7.8737   3.4215   3.2240   2.8717   0.0247   0.8440   0.8439   0.0139   0.0000  -0.0204   0.2298    0.274
    46  -8.8173   3.2345   3.0478   2.7266   0.0223   0.8477   0.8476   0.0136   0.0000  -0.0205   0.2308    0.274
    47  -9.7557   3.0486   2.8411   2.5777   0.0222   0.8503   0.8503   0.0133   0.0000  -0.0204   0.2314    0.274
    48 -10.6786   2.8657   2.6118   2.4255   0.0230   0.8512   0.8511   0.0130   0.0000  -0.0203   0.2315    0.274
    49 -11.5760   2.6879   2.3677   2.2703   0.0242   0.8495   0.8494   0.0129   0.0000  -0.0200   0.2308    0.274
    50 -12.4467   2.5153   2.1582   2.1116   0.0258   0.8442   0.8442   0.0130   0.0000  -0.0195   0.2290    0.273
    51 -13.2645   2.3533   1.8259   1.9508   0.0282   0.8336   0.8336   0.0134   0.0000  -0.0188   0.2257    0.273
    52 -14.0130   2.2050   1.5853   1.7888   0.0315   0.8157   0.8156   0.0141   0.0000  -0.0178   0.2203    0.272
    53 -14.7005   2.0687   1.3533   1.6213   0.0361   0.7878   0.7877   0.0151   0.0000  -0.0162   0.2118    0.271
    54 -15.3195   1.9461   1.1330   1.4447   0.0424   0.7460   0.7459   0.0164   0.0000  -0.0139   0.1992    0.269
    55 -15.8633   1.8383   0.9263   1.2538   0.0509   0.6850   0.6850   0.0179   0.0000  -0.0106   0.1808    0.265
    56 -16.3259   1.7467   0.7336   1.0412   0.0621   0.5982   0.5982   0.0197   0.0000  -0.0061   0.1549    0.260
    57 -16.6722   1.4928   0.4112   0.7999   0.0532   0.5382   0.5380   0.0153   0.0000   0.0001   0.1251    0.250
    58 -16.9098   1.1466   0.2281   0.5655   0.0409   0.4961   0.4959   0.0081   0.0000   0.0056   0.1100    0.239
    59 -17.0696   0.9137   0.1099   0.3377   0.0374   0.3720   0.3719   0.0032   0.0000   0.0089   0.0780    0.226
    60 -17.1499   0.7966   0.0321   0.1127   0.0410   0.1426   0.1426   0.0003   0.0000   0.0051   0.0283    0.214

  Surface # 3     horizontal_stabilizer                   
     # Chordwise = 10   # Spanwise = 30     First strip = 61
     Surface area =   20.071465       Ave. chord =    2.826957
     CLsurf  =   0.04804     Clsurf  =  -0.00420
     CYsurf  =  -0.00221     Cmsurf  =  -0.21314
     CDsurf  =   0.00351     Cnsurf  =   0.00113
     CDisurf =   0.00351     CDvsurf =   0.00000

  Forces referred to Ssurf, Cave about hinge axis thru LE
     CLsurf  =   0.29888     CDsurf  =   0.02181
     Deflect =

 Strip Forces referred to Strip Area, Chord
    j      Yle    Chord     Area     c cl      ai      cl_norm  cl       cd       cdv    cm_c/4    cm_LE  C.P.x/c
    61   0.0046   4.6976   0.0861   1.1703   0.1470   0.2456   0.2455   0.0448   0.0000   0.0040  -0.0577    0.234
    62   0.0412   4.6783   0.2563   1.1657   0.1465   0.2483   0.2483   0.0227   0.0000   0.0039  -0.0578    0.234
    63   0.1140   4.6399   0.4206   1.1646   0.1455   0.2503   0.2502   0.0214   0.0000   0.0040  -0.0582    0.234
    64   0.2222   4.5828   0.5752   1.1628   0.1444   0.2531   0.2531   0.0210   0.0000   0.0041  -0.0587    0.234
    65   0.3647   4.5076   0.7167   1.1594   0.1429   0.2566   0.2566   0.0208   0.0000   0.0042  -0.0595    0.234
    66   0.5398   4.4152   0.8422   1.1537   0.1409   0.2607   0.2607   0.0209   0.0000   0.0043  -0.0604    0.234
    67   0.7511   4.3037   0.9974   1.1450   0.1379   0.2655   0.2655   0.0209   0.0000   0.0043  -0.0615    0.234
    68   0.9975   4.1737   1.0868   1.1323   0.1334   0.2708   0.2708   0.0210   0.0000   0.0044  -0.0628    0.234
    69   1.2712   4.0293   1.1531   1.1158   0.1268   0.2764   0.2764   0.0211   0.0000   0.0043  -0.0643    0.234
    70   1.5691   3.8721   1.1959   1.0952   0.1174   0.2823   0.2823   0.0217   0.0000   0.0043  -0.0658    0.235
    71   1.8880   3.7039   1.2153   1.0705   0.1058   0.2886   0.2885   0.0218   0.0000   0.0042  -0.0674    0.236
    72   2.2244   3.5264   1.2123   1.0415   0.0947   0.2950   0.2949   0.0216   0.0000   0.0041  -0.0691    0.236
    73   2.5747   3.3416   1.1886   1.0098   0.0866   0.3017   0.3016   0.0231   0.0000   0.0040  -0.0708    0.237
    74   2.9349   3.1516   1.1463   0.9740   0.0815   0.3086   0.3086   0.0228   0.0000   0.0039  -0.0726    0.237
    75   3.3011   2.9584   1.0879   0.9354   0.0782   0.3158   0.3158   0.0225   0.0000   0.0039  -0.0744    0.238
    76   3.6693   2.7641   1.0165   0.8947   0.0757   0.3233   0.3232   0.0237   0.0000   0.0040  -0.0762    0.238
    77   4.0356   2.5709   0.9351   0.8504   0.0735   0.3305   0.3305   0.0229   0.0000   0.0040  -0.0779    0.238
    78   4.3958   2.3808   0.8469   0.8041   0.0715   0.3377   0.3376   0.0217   0.0000   0.0042  -0.0794    0.238
    79   4.7460   2.1961   0.7550   0.7561   0.0698   0.3442   0.3441   0.0225   0.0000   0.0045  -0.0808    0.237
    80   5.0824   2.0186   0.6623   0.7060   0.0685   0.3497   0.3496   0.0226   0.0000   0.0048  -0.0818    0.236
    81   5.4013   1.8503   0.5714   0.6537   0.0675   0.3532   0.3531   0.0232   0.0000   0.0053  -0.0822    0.235
    82   5.6992   1.6931   0.4845   0.5996   0.0670   0.3542   0.3542   0.0215   0.0000   0.0059  -0.0818    0.233
    83   5.9729   1.5487   0.4033   0.5438   0.0669   0.3512   0.3512   0.0210   0.0000   0.0067  -0.0802    0.231
    84   6.2193   1.4187   0.3288   0.4864   0.0675   0.3428   0.3427   0.0217   0.0000   0.0077  -0.0772    0.227
    85   6.4358   1.3045   0.2616   0.4266   0.0686   0.3272   0.3271   0.0189   0.0000   0.0088  -0.0722    0.223
    86   6.6379   1.1979   0.2413   0.3616   0.0704   0.3019   0.3018   0.0190   0.0000   0.0101  -0.0647    0.217
    87   6.8184   1.1027   0.1754   0.2880   0.0728   0.2612   0.2611   0.0163   0.0000   0.0111  -0.0537    0.208
    88   6.9555   1.0303   0.1183   0.2100   0.0755   0.2036   0.2036   0.0140   0.0000   0.0109  -0.0397    0.197
    89   7.0478   0.9816   0.0681   0.1278   0.0781   0.1302   0.1302   0.0084   0.0000   0.0084  -0.0239    0.185
    90   7.0942   0.9572   0.0222   0.0430   0.0801   0.0449   0.0449   0.0031   0.0000   0.0033  -0.0079    0.177

  Surface # 4     horizontal_stabilizer (YDUP)            
     # Chordwise = 10   # Spanwise = 30     First strip = 91
     Surface area =   20.071465       Ave. chord =    2.826957
     CLsurf  =   0.04804     Clsurf  =   0.00420
     CYsurf  =   0.00221     Cmsurf  =  -0.21313
     CDsurf  =   0.00351     Cnsurf  =  -0.00113
     CDisurf =   0.00351     CDvsurf =   0.00000

  Forces referred to Ssurf, Cave about hinge axis thru LE
     CLsurf  =   0.29888     CDsurf  =   0.02181
     Deflect =

 Strip Forces referred to Strip Area, Chord
    j      Yle    Chord     Area     c cl      ai      cl_norm  cl       cd       cdv    cm_c/4    cm_LE  C.P.x/c
    91  -0.0046   4.6976   0.0861   1.1703   0.1470   0.2456   0.2455   0.0448   0.0000   0.0040   0.0577    0.234
    92  -0.0412   4.6783   0.2563   1.1657   0.1465   0.2483   0.2483   0.0227   0.0000   0.0039   0.0578    0.234
    93  -0.1140   4.6399   0.4206   1.1646   0.1456   0.2503   0.2502   0.0214   0.0000   0.0040   0.0582    0.234
    94  -0.2222   4.5828   0.5752   1.1628   0.1444   0.2531   0.2531   0.0210   0.0000   0.0041   0.0587    0.234
    95  -0.3647   4.5076   0.7167   1.1594   0.1429   0.2566   0.2566   0.0208   0.0000   0.0042   0.0595    0.234
    96  -0.5398   4.4152   0.8422   1.1537   0.1409   0.2607   0.2607   0.0209   0.0000   0.0043   0.0604    0.234
    97  -0.7511   4.3037   0.9974   1.1450   0.1379   0.2655   0.2655   0.0209   0.0000   0.0043   0.0615    0.234
    98  -0.9975   4.1737   1.0868   1.1323   0.1334   0.2708   0.2708   0.0210   0.0000   0.0044   0.0628    0.234
    99  -1.2712   4.0293   1.1531   1.1158   0.1268   0.2764   0.2764   0.0211   0.0000   0.0043   0.0643    0.234
   100  -1.5691   3.8721   1.1959   1.0951   0.1174   0.2823   0.2823   0.0217   0.0000   0.0043   0.0658    0.235
   101  -1.8880   3.7039   1.2153   1.0705   0.1058   0.2886   0.2885   0.0218   0.0000   0.0042   0.0674    0.236
   102  -2.2244   3.5264   1.2123   1.0415   0.0947   0.2950   0.2949   0.0216   0.0000   0.0041   0.0691    0.236
   103  -2.5747   3.3416   1.1886   1.0098   0.0866   0.3017   0.3016   0.0231   0.0000   0.0040   0.0708    0.237
   104  -2.9349   3.1516   1.1463   0.9740   0.0815   0.3086   0.3086   0.0228   0.0000   0.0039   0.0726    0.237
   105  -3.3011   2.9584   1.0879   0.9354   0.0782   0.3158   0.3158   0.0225   0.0000   0.0039   0.0744    0.238
   106  -3.6693   2.7641   1.0165   0.8947   0.0757   0.3233   0.3232   0.0237   0.0000   0.0040   0.0762    0.238
   107  -4.0356   2.5709   0.9351   0.8504   0.0735   0.3305   0.3305   0.0229   0.0000   0.0040   0.0779    0.238
   108  -4.3958   2.3808   0.8469   0.8041   0.0715   0.3377   0.3376   0.0217   0.0000   0.0042   0.0794    0.238
   109  -4.7460   2.1961   0.7550   0.7561   0.0698   0.3442   0.3441   0.0225   0.0000   0.0045   0.0808    0.237
   110  -5.0824   2.0186   0.6623   0.7060   0.0685   0.3496   0.3496   0.0226   0.0000   0.0048   0.0818    0.236
   111  -5.4013   1.8503   0.5714   0.6537   0.0675   0.3531   0.3531   0.0232   0.0000   0.0053   0.0822    0.235
   112  -5.6992   1.6931   0.4845   0.5996   0.0670   0.3542   0.3542   0.0215   0.0000   0.0059   0.0818    0.233
   113  -5.9729   1.5487   0.4033   0.5438   0.0669   0.3512   0.3512   0.0210   0.0000   0.0067   0.0802    0.231
   114  -6.2193   1.4187   0.3288   0.4864   0.0675   0.3428   0.3427   0.0217   0.0000   0.0077   0.0772    0.227
   115  -6.4358   1.3045   0.2616   0.4266   0.0686   0.3272   0.3271   0.0189   0.0000   0.0088   0.0722    0.223
   116  -6.6379   1.1979   0.2413   0.3616   0.0704   0.3019   0.3018   0.0190   0.0000   0.0101   0.0647    0.217
   117  -6.8184   1.1027   0.1754   0.2880   0.0728   0.2612   0.2611   0.0163   0.0000   0.0111   0.0537    0.208
   118  -6.9555   1.0303   0.1183   0.2100   0.0755   0.2036   0.2036   0.0140   0.0000   0.0109   0.0397    0.197
   119  -7.0478   0.9816   0.0681   0.1278   0.0781   0.1302   0.1302   0.0084   0.0000   0.0084   0.0239    0.185
   120  -7.0942   0.9572   0.0222   0.0430   0.0801   0.0449   0.0449   0.0031   0.0000   0.0033   0.0079    0.177

  Surface # 5     vertical_stabilizer                     
     # Chordwise = 10   # Spanwise = 30     First strip =121
     Surface area =   27.880133       Ave. chord =    3.584947
     CLsurf  =   0.00000     Clsurf  =   0.00000
     CYsurf  =   0.00000     Cmsurf  =  -0.00000
     CDsurf  =  -0.00000     Cnsurf  =  -0.00000
     CDisurf =  -0.00000     CDvsurf =   0.00000

  Forces referred to Ssurf, Cave about hinge axis thru LE
     CLsurf  =  -0.00000     CDsurf  =  -0.00000
     Deflect =

 Strip Forces referred to Strip Area, Chord
    j      Yle    Chord     Area     c cl      ai      cl_norm  cl       cd       cdv    cm_c/4    cm_LE  C.P.x/c
   121   0.0000   8.1257   0.4979  -0.0000   0.0000  -0.0000  -0.0000  -0.0000   0.0000   0.0000   0.0000    0.427
   122   0.0000   7.9240   0.7939  -0.0000   0.0000  -0.0000  -0.0000  -0.0000   0.0000   0.0000   0.0000    0.433
   123   0.0000   7.6259   1.0550  -0.0000  -0.0000  -0.0000  -0.0000  -0.0000   0.0000   0.0000   0.0000    0.440
   124   0.0000   7.2338   1.2682  -0.0000   0.0000  -0.0000  -0.0000  -0.0000   0.0000   0.0000   0.0000    0.442
   125   0.0000   6.7513   1.4226  -0.0000   0.0000  -0.0000  -0.0000  -0.0000   0.0000   0.0000   0.0000    0.439
   126   0.0000   6.1827   1.5094  -0.0000   0.0000  -0.0000  -0.0000  -0.0000   0.0000   0.0000   0.0000    0.435
   127   0.0000   5.5336   1.5228  -0.0000   0.0000  -0.0000  -0.0000  -0.0000   0.0000   0.0000   0.0000    0.432
   128   0.0000   4.8100   1.4602  -0.0000   0.0000  -0.0000  -0.0000  -0.0000   0.0000   0.0000   0.0000    0.420
   129   0.0000   4.3478   1.3898  -0.0000   0.0000  -0.0000  -0.0000  -0.0000   0.0000   0.0000   0.0000    0.319
   130   0.0000   4.1900   1.4293  -0.0000   0.0000  -0.0000  -0.0000  -0.0000   0.0000   0.0000   0.0000    0.311
   131   0.0000   4.0228   1.4447  -0.0000   0.0000  -0.0000  -0.0000  -0.0000   0.0000   0.0000   0.0000    0.302
   132   0.0000   3.8479   1.4371  -0.0000   0.0000  -0.0000  -0.0000  -0.0000   0.0000   0.0000   0.0000    0.299
   133   0.0000   3.6670   1.4082  -0.0000   0.0000  -0.0000  -0.0000  -0.0000   0.0000   0.0000   0.0000    0.293
   134   0.0000   3.4821   1.3602  -0.0000   0.0000  -0.0000  -0.0000  -0.0000   0.0000   0.0000   0.0000    0.292
   135   0.0000   3.2949   1.2955  -0.0000   0.0000  -0.0000  -0.0000  -0.0000   0.0000   0.0000   0.0000    0.284
   136   0.0000   3.1075   1.2172  -0.0000   0.0000  -0.0000  -0.0000  -0.0000   0.0000   0.0000   0.0000    0.280
   137   0.0000   2.9218   1.1282  -0.0000   0.0000  -0.0000  -0.0000  -0.0000   0.0000   0.0000   0.0000    0.279
   138   0.0000   2.7397   1.0316  -0.0000   0.0000  -0.0000  -0.0000  -0.0000   0.0000   0.0000   0.0000    0.279
   139   0.0000   2.5631   0.9305  -0.0000   0.0000  -0.0000  -0.0000  -0.0000   0.0000   0.0000   0.0000    0.274
   140   0.0000   2.3939   0.8277  -0.0000   0.0000  -0.0000  -0.0000  -0.0000   0.0000   0.0000   0.0000    0.275
   141   0.0000   2.2338   0.7257  -0.0000   0.0000  -0.0000  -0.0000  -0.0000   0.0000   0.0000   0.0000    0.277
   142   0.0000   2.0845   0.6265  -0.0000   0.0000  -0.0000  -0.0000  -0.0000   0.0000   0.0000   0.0000    0.272
   143   0.0000   1.9475   0.5319  -0.0000   0.0000  -0.0000  -0.0000  -0.0000   0.0000   0.0000   0.0000    0.269
   144   0.0000   1.8243   0.4429  -0.0000   0.0000  -0.0000  -0.0000  -0.0000   0.0000   0.0000   0.0000    0.263
   145   0.0000   1.7162   0.3603  -0.0000   0.0000  -0.0000  -0.0000  -0.0000   0.0000   0.0000   0.0000    0.261
   146   0.0000   1.6244   0.2840  -0.0000   0.0000  -0.0000  -0.0000  -0.0000   0.0000   0.0000   0.0000    0.255
   147   0.0000   1.5497   0.2138  -0.0000   0.0000  -0.0000  -0.0000  -0.0000   0.0000  -0.0000   0.0000    0.248
   148   0.0000   1.4930   0.1487  -0.0000   0.0000  -0.0000  -0.0000  -0.0000   0.0000  -0.0000   0.0000    0.240
   149   0.0000   1.4548   0.0875  -0.0000   0.0000  -0.0000  -0.0000  -0.0000   0.0000  -0.0000   0.0000    0.231
   150   0.0000   1.4357   0.0289  -0.0000   0.0000  -0.0000  -0.0000  -0.0000   0.0000  -0.0000   0.0000    0.229

  Surface # 6     fuselage_horizontal                     
     # Chordwise = 10   # Spanwise = 10     First strip =151
     Surface area =  123.841209       Ave. chord =   33.112621
     CLsurf  =   0.01147     Clsurf  =   0.00000
     CYsurf  =   0.00000     Cmsurf  =   0.08143
     CDsurf  =  -0.00053     Cnsurf  =  -0.00000
     CDisurf =  -0.00053     CDvsurf =   0.00000

  Forces referred to Ssurf, Cave about hinge axis thru LE
     CLsurf  =   0.01157     CDsurf  =  -0.00053
     Deflect =

 Strip Forces referred to Strip Area, Chord
    j      Yle    Chord     Area     c cl      ai      cl_norm  cl       cd       cdv    cm_c/4    cm_LE  C.P.x/c
   151  -1.6830  26.5957   9.9468   0.3114   0.2143   0.1311   0.0122  -0.0032   0.0000   0.0051   0.0003   -0.167
   152  -1.3090  31.2096  11.6724   0.3816   0.1968   0.0467   0.0125  -0.0014   0.0000   0.0074   0.0011   -0.343
   153  -0.9350  34.0626  12.7394   0.3877   0.1646   0.0276   0.0115  -0.0005   0.0000   0.0092   0.0021   -0.547
   154  -0.5610  36.1619  13.5246   0.4000   0.1608   0.0185   0.0111   0.0002   0.0000   0.0098   0.0032   -0.633
   155  -0.1870  37.5333  14.0374   0.4092   0.1631   0.0125   0.0108   0.0013   0.0000   0.0099   0.0050   -0.667
   156   0.1870  37.5333  14.0374   0.4092   0.1631   0.0125   0.0108   0.0013   0.0000   0.0099   0.0050   -0.667
   157   0.5610  36.1619  13.5246   0.4000   0.1608   0.0185   0.0111   0.0002   0.0000   0.0098   0.0032   -0.633
   158   0.9350  34.0626  12.7394   0.3877   0.1646   0.0276   0.0115  -0.0005   0.0000   0.0092   0.0021   -0.547
   159   1.3090  31.2096  11.6724   0.3816   0.1968   0.0467   0.0125  -0.0014   0.0000   0.0074   0.0011   -0.343
   160   1.6830  26.5957   9.9468   0.3114   0.2143   0.1311   0.0122  -0.0032   0.0000   0.0051   0.0003   -0.167

  Surface # 7     fuselage_vertical                       
     # Chordwise = 10   # Spanwise = 10     First strip =161
     Surface area =  123.841209       Ave. chord =   33.112621
     CLsurf  =  -0.00000     Clsurf  =  -0.00000
     CYsurf  =   0.00000     Cmsurf  =   0.00000
     CDsurf  =   0.00000     Cnsurf  =   0.00000
     CDisurf =   0.00000     CDvsurf =   0.00000

  Forces referred to Ssurf, Cave about hinge axis thru LE
     CLsurf  =  -0.00000     CDsurf  =   0.00000
     Deflect =

 Strip Forces referred to Strip Area, Chord
    j      Yle    Chord     Area     c cl      ai      cl_norm  cl       cd       cdv    cm_c/4    cm_LE  C.P.x/c
   161   0.0000  26.5957   9.9468   0.0000  -0.0000   0.0000   0.0000  -0.0000   0.0000  -0.0000  -0.0000
   162   0.0000  31.2096  11.6724  -0.0000   0.0000  -0.0000  -0.0000  -0.0000   0.0000  -0.0000  -0.0000
   163   0.0000  34.0626  12.7394  -0.0000   0.0000  -0.0000  -0.0000   0.0000   0.0000  -0.0000  -0.0000
   164   0.0000  36.1619  13.5246  -0.0000   0.0000  -0.0000  -0.0000   0.0000   0.0000  -0.0000  -0.0000
   165   0.0000  37.5333  14.0374  -0.0000   0.0000  -0.0000  -0.0000  -0.0000   0.0000  -0.0000  -0.0000
   166   0.0000  37.5333  14.0374  -0.0000  -0.0000  -0.0000  -0.0000  -0.0000   0.0000  -0.0000   0.0000   -0.098
   167   0.0000  36.1619  13.5246  -0.0000  -0.0000  -0.0000  -0.0000   0.0000   0.0000   0.0000   0.0000    0.262
   168   0.0000  34.0626  12.7394  -0.0000  -0.0000  -0.0000  -0.0000   0.0000   0.0000   0.0000   0.0000    0.459
   169   0.0000  31.2096  11.6724  -0.0000   0.0000  -0.0000  -0.0000  -0.0000   0.0000   0.0000   0.0000    0.592
   170   0.0000  26.5957   9.9468  -0.0000   0.0000  -0.0000  -0.0000  -0.0000   0.0000   0.0000   0.0000    0.697
 ---------------------------------------------------------------
