 ---------------------------------------------------------------
 Surface and Strip Forces by surface

  Forces referred to Sref, Cref, Bref about Xref, Yref, Zref
 Standard axis orientation,  X fwd, Z down         

  Surface # 1     main_wing                               
     # Chordwise = 10   # Spanwise = 30     First strip =  1
     Surface area =   63.793327       Ave. chord =    3.717556
     CLsurf  =   0.31447     Clsurf  =  -0.06307
     CYsurf  =  -0.00684     Cmsurf  =  -0.02847
     CDsurf  =   0.00700     Cnsurf  =  -0.00350
     CDisurf =   0.00700     CDvsurf =   0.00000

  Forces referred to Ssurf, Cave about hinge axis thru LE
     CLsurf  =   0.61553     CDsurf  =   0.01371
     Deflect =

 Strip Forces referred to Strip Area, Chord
    j      Yle    Chord     Area     c cl      ai      cl_norm  cl       cd       cdv    cm_c/4    cm_LE  C.P.x/c
     1   0.0123   7.7514   0.3815   3.4151   0.1251   0.4387   0.4387   0.0409   0.0000  -0.0155  -0.1236    0.285
     2   0.1106   7.6828   1.1303   3.4092   0.1233   0.4436   0.4435   0.0218   0.0000  -0.0156  -0.1244    0.285
     3   0.3062   7.5463   1.8369   3.4033   0.1200   0.4509   0.4509   0.0208   0.0000  -0.0157  -0.1263    0.285
     4   0.5968   7.3435   2.4751   3.3886   0.1156   0.4615   0.4615   0.0198   0.0000  -0.0159  -0.1291    0.285
     5   0.9793   7.0766   3.0215   3.3696   0.1093   0.4762   0.4761   0.0210   0.0000  -0.0161  -0.1329    0.284
     6   1.4496   6.7484   3.4567   3.3237   0.0997   0.4929   0.4928   0.0178   0.0000  -0.0165  -0.1374    0.284
     7   1.9610   6.3915   3.2367   3.2721   0.0871   0.5124   0.5123   0.0179   0.0000  -0.0169  -0.1425    0.283
     8   2.4995   6.0157   3.4229   3.2007   0.0757   0.5328   0.5328   0.0150   0.0000  -0.0174  -0.1479    0.283
     9   3.0975   5.5984   3.5010   3.1321   0.0672   0.5601   0.5600   0.0180   0.0000  -0.0175  -0.1548    0.281
    10   3.7485   5.1441   3.4716   3.0168   0.0595   0.5876   0.5876   0.0126   0.0000  -0.0187  -0.1626    0.282
    11   4.4453   4.6578   3.3395   2.9144   0.0505   0.6270   0.6269   0.0137   0.0000  -0.0192  -0.1727    0.281
    12   5.1804   4.1448   3.1137   2.7903   0.0379   0.6749   0.6748   0.0106   0.0000  -0.0207  -0.1860    0.281
    13   6.0123   3.7903   3.4546   2.6765   0.0317   0.7080   0.7080   0.0100   0.0000  -0.0227  -0.1989    0.282
    14   6.9353   3.6074   3.3620   2.5653   0.0279   0.7129   0.7129   0.0107   0.0000  -0.0234  -0.2009    0.283
    15   7.8737   3.4215   3.2240   2.4498   0.0239   0.7179   0.7178   0.0107   0.0000  -0.0238  -0.2025    0.283
    16   8.8173   3.2345   3.0478   2.3293   0.0221   0.7220   0.7220   0.0105   0.0000  -0.0240  -0.2037    0.283
    17   9.7557   3.0486   2.8411   2.2042   0.0219   0.7249   0.7249   0.0103   0.0000  -0.0239  -0.2044    0.283
    18  10.6786   2.8657   2.6118   2.0751   0.0223   0.7261   0.7260   0.0101   0.0000  -0.0238  -0.2045    0.283
    19  11.5760   2.6879   2.3677   1.9424   0.0230   0.7246   0.7245   0.0100   0.0000  -0.0235  -0.2038    0.282
    20  12.4467   2.5153   2.1582   1.8055   0.0241   0.7197   0.7197   0.0100   0.0000  -0.0231  -0.2022    0.282
    21  13.2645   2.3533   1.8259   1.6660   0.0258   0.7098   0.7097   0.0102   0.0000  -0.0223  -0.1990    0.281
    22  14.0130   2.2050   1.5853   1.5244   0.0281   0.6931   0.6931   0.0105   0.0000  -0.0213  -0.1938    0.281
    23  14.7005   2.0687   1.3533   1.3776   0.0314   0.6675   0.6675   0.0110   0.0000  -0.0197  -0.1858    0.279
    24  15.3195   1.9461   1.1330   1.2228   0.0360   0.6298   0.6297   0.0117   0.0000  -0.0174  -0.1742    0.278
    25  15.8633   1.8383   0.9263   1.0561   0.0420   0.5757   0.5756   0.0124   0.0000  -0.0142  -0.1576    0.275
    26  16.3259   1.7467   0.7336   0.8722   0.0500   0.5001   0.5001   0.0131   0.0000  -0.0099  -0.1345    0.270
    27  16.6722   1.4928   0.4112   0.6660   0.0405   0.4472   0.4470   0.0098   0.0000  -0.0039  -0.1079    0.259
    28  16.9098   1.1466   0.2281   0.4686   0.0292   0.4100   0.4098   0.0049   0.0000   0.0010  -0.0945    0.248
    29  17.0696   0.9137   0.1099   0.2787   0.0250   0.3061   0.3060   0.0014   0.0000   0.0044  -0.0672    0.236
    30  17.1499   0.7966   0.0321   0.0928   0.0270   0.1170   0.1170  -0.0004   0.0000   0.0028  -0.0246    0.226

  Surface # 2     main_wing (YDUP)                        
     # Chordwise = 10   # Spanwise = 30     First strip = 31
     Surface area =   63.793327       Ave. chord =    3.717556
     CLsurf  =   0.31447     Clsurf  =   0.06307
     CYsurf  =   0.00684     Cmsurf  =  -0.02847
     CDsurf  =   0.00700     Cnsurf  =   0.00350
     CDisurf =   0.00700     CDvsurf =   0.00000

  Forces referred to Ssurf, Cave about hinge axis thru LE
     CLsurf  =   0.61552     CDsurf  =   0.01371
     Deflect =

 Strip Forces referred to Strip Area, Chord
    j      Yle    Chord     Area     c cl      ai      cl_norm  cl       cd       cdv    cm_c/4    cm_LE  C.P.x/c
    31  -0.0123   7.7514   0.3815   3.4151   0.1253   0.4387   0.4387   0.0409   0.0000  -0.0155   0.1236    0.285
    32  -0.1106   7.6828   1.1303   3.4092   0.1233   0.4436   0.4435   0.0218   0.0000  -0.0156   0.1244    0.285
    33  -0.3062   7.5463   1.8369   3.4033   0.1200   0.4509   0.4509   0.0208   0.0000  -0.0157   0.1263    0.285
    34  -0.5968   7.3435   2.4751   3.3886   0.1156   0.4615   0.4615   0.0198   0.0000  -0.0159   0.1291    0.285
    35  -0.9793   7.0766   3.0215   3.3696   0.1093   0.4762   0.4761   0.0210   0.0000  -0.0161   0.1329    0.284
    36  -1.4496   6.7484   3.4567   3.3237   0.0997   0.4929   0.4928   0.0178   0.0000  -0.0165   0.1374    0.284
    37  -1.9610   6.3915   3.2367   3.2721   0.0871   0.5124   0.5123   0.0179   0.0000  -0.0169   0.1425    0.283
    38  -2.4995   6.0157   3.4229   3.2007   0.0757   0.5328   0.5328   0.0150   0.0000  -0.0174   0.1479    0.283
    39  -3.0975   5.5984   3.5010   3.1320   0.0672   0.5601   0.5600   0.0180   0.0000  -0.0175   0.1548    0.281
    40  -3.7485   5.1441   3.4716   3.0168   0.0595   0.5876   0.5876   0.0126   0.0000  -0.0187   0.1626    0.282
    41  -4.4453   4.6578   3.3395   2.9144   0.0505   0.6270   0.6269   0.0137   0.0000  -0.0192   0.1727    0.281
    42  -5.1804   4.1448   3.1137   2.7903   0.0379   0.6749   0.6748   0.0106   0.0000  -0.0207   0.1860    0.281
    43  -6.0123   3.7903   3.4546   2.6765   0.0317   0.7080   0.7080   0.0100   0.0000  -0.0227   0.1989    0.282
    44  -6.9353   3.6074   3.3620   2.5653   0.0279   0.7129   0.7129   0.0107   0.0000  -0.0234   0.2009    0.283
    45  -7.8737   3.4215   3.2240   2.4498   0.0239   0.7178   0.7178   0.0107   0.0000  -0.0238   0.2025    0.283
    46  -8.8173   3.2345   3.0478   2.3293   0.0221   0.7220   0.7220   0.0105   0.0000  -0.0240   0.2037    0.283
    47  -9.7557   3.0486   2.8411   2.2042   0.0219   0.7249   0.7249   0.0103   0.0000  -0.0239   0.2044    0.283
    48 -10.6786   2.8657   2.6118   2.0751   0.0223   0.7261   0.7260   0.0101   0.0000  -0.0238   0.2045    0.283
    49 -11.5760   2.6879   2.3677   1.9424   0.0230   0.7246   0.7245   0.0100   0.0000  -0.0235   0.2038    0.282
    50 -12.4467   2.5153   2.1582   1.8055   0.0241   0.7197   0.7197   0.0100   0.0000  -0.0231   0.2022    0.282
    51 -13.2645   2.3533   1.8259   1.6659   0.0258   0.7098   0.7097   0.0102   0.0000  -0.0223   0.1990    0.281
    52 -14.0130   2.2050   1.5853   1.5244   0.0281   0.6931   0.6931   0.0105   0.0000  -0.0213   0.1938    0.281
    53 -14.7005   2.0687   1.3533   1.3776   0.0314   0.6675   0.6675   0.0110   0.0000  -0.0197   0.1858    0.279
    54 -15.3195   1.9461   1.1330   1.2228   0.0360   0.6297   0.6297   0.0117   0.0000  -0.0174   0.1742    0.278
    55 -15.8633   1.8383   0.9263   1.0561   0.0420   0.5756   0.5756   0.0124   0.0000  -0.0142   0.1576    0.275
    56 -16.3259   1.7467   0.7336   0.8722   0.0500   0.5001   0.5001   0.0131   0.0000  -0.0099   0.1345    0.270
    57 -16.6722   1.4928   0.4112   0.6660   0.0405   0.4472   0.4470   0.0098   0.0000  -0.0039   0.1079    0.259
    58 -16.9098   1.1466   0.2281   0.4686   0.0292   0.4099   0.4098   0.0049   0.0000   0.0010   0.0945    0.248
    59 -17.0696   0.9137   0.1099   0.2787   0.0250   0.3061   0.3060   0.0014   0.0000   0.0044   0.0672    0.236
    60 -17.1499   0.7966   0.0321   0.0928   0.0270   0.1170   0.1170  -0.0004   0.0000   0.0028   0.0246    0.226

  Surface # 3     horizontal_stabilizer                   
     # Chordwise = 10   # Spanwise = 30     First strip = 61
     Surface area =   20.071465       Ave. chord =    2.826957
     CLsurf  =   0.03369     Clsurf  =  -0.00293
     CYsurf  =  -0.00116     Cmsurf  =  -0.14910
     CDsurf  =   0.00192     Cnsurf  =   0.00061
     CDisurf =   0.00192     CDvsurf =   0.00000

  Forces referred to Ssurf, Cave about hinge axis thru LE
     CLsurf  =   0.20962     CDsurf  =   0.01197
     Deflect =

 Strip Forces referred to Strip Area, Chord
    j      Yle    Chord     Area     c cl      ai      cl_norm  cl       cd       cdv    cm_c/4    cm_LE  C.P.x/c
    61   0.0046   4.6976   0.0861   0.8187   0.1093   0.1727   0.1727   0.0255   0.0000   0.0035  -0.0397    0.230
    62   0.0412   4.6783   0.2563   0.8160   0.1090   0.1740   0.1740   0.0123   0.0000   0.0035  -0.0397    0.230
    63   0.1140   4.6399   0.4206   0.8153   0.1085   0.1754   0.1754   0.0115   0.0000   0.0035  -0.0400    0.230
    64   0.2222   4.5828   0.5752   0.8141   0.1078   0.1774   0.1773   0.0112   0.0000   0.0036  -0.0404    0.229
    65   0.3647   4.5076   0.7167   0.8118   0.1068   0.1798   0.1798   0.0112   0.0000   0.0037  -0.0409    0.229
    66   0.5398   4.4152   0.8422   0.8080   0.1054   0.1827   0.1827   0.0112   0.0000   0.0038  -0.0415    0.229
    67   0.7511   4.3037   0.9974   0.8020   0.1033   0.1861   0.1861   0.0112   0.0000   0.0038  -0.0423    0.229
    68   0.9975   4.1737   1.0868   0.7932   0.1002   0.1898   0.1898   0.0114   0.0000   0.0039  -0.0432    0.230
    69   1.2712   4.0293   1.1531   0.7817   0.0957   0.1938   0.1937   0.0114   0.0000   0.0038  -0.0442    0.230
    70   1.5691   3.8721   1.1959   0.7672   0.0892   0.1979   0.1979   0.0117   0.0000   0.0038  -0.0453    0.231
    71   1.8880   3.7039   1.2153   0.7498   0.0813   0.2022   0.2022   0.0119   0.0000   0.0037  -0.0464    0.232
    72   2.2244   3.5264   1.2123   0.7295   0.0736   0.2066   0.2066   0.0119   0.0000   0.0037  -0.0476    0.232
    73   2.5747   3.3416   1.1886   0.7073   0.0680   0.2114   0.2114   0.0125   0.0000   0.0036  -0.0488    0.233
    74   2.9349   3.1516   1.1463   0.6826   0.0643   0.2163   0.2163   0.0126   0.0000   0.0036  -0.0501    0.234
    75   3.3011   2.9584   1.0879   0.6555   0.0618   0.2214   0.2213   0.0124   0.0000   0.0035  -0.0513    0.234
    76   3.6693   2.7641   1.0165   0.6271   0.0599   0.2266   0.2266   0.0130   0.0000   0.0036  -0.0526    0.234
    77   4.0356   2.5709   0.9351   0.5965   0.0583   0.2319   0.2318   0.0124   0.0000   0.0037  -0.0538    0.234
    78   4.3958   2.3808   0.8469   0.5646   0.0568   0.2370   0.2370   0.0122   0.0000   0.0038  -0.0549    0.234
    79   4.7460   2.1961   0.7550   0.5313   0.0555   0.2418   0.2417   0.0130   0.0000   0.0041  -0.0558    0.233
    80   5.0824   2.0186   0.6623   0.4963   0.0545   0.2457   0.2457   0.0129   0.0000   0.0044  -0.0565    0.232
    81   5.4013   1.8503   0.5714   0.4598   0.0537   0.2484   0.2483   0.0129   0.0000   0.0048  -0.0568    0.231
    82   5.6992   1.6931   0.4845   0.4220   0.0533   0.2491   0.2491   0.0124   0.0000   0.0053  -0.0564    0.229
    83   5.9729   1.5487   0.4033   0.3827   0.0532   0.2470   0.2470   0.0122   0.0000   0.0059  -0.0553    0.226
    84   6.2193   1.4187   0.3288   0.3420   0.0534   0.2409   0.2409   0.0120   0.0000   0.0067  -0.0531    0.222
    85   6.4358   1.3045   0.2616   0.2997   0.0539   0.2297   0.2296   0.0110   0.0000   0.0074  -0.0495    0.218
    86   6.6379   1.1979   0.2413   0.2536   0.0548   0.2116   0.2116   0.0103   0.0000   0.0082  -0.0442    0.211
    87   6.8184   1.1027   0.1754   0.2016   0.0561   0.1827   0.1827   0.0090   0.0000   0.0087  -0.0366    0.202
    88   6.9555   1.0303   0.1183   0.1465   0.0575   0.1421   0.1421   0.0074   0.0000   0.0082  -0.0270    0.192
    89   7.0478   0.9816   0.0681   0.0891   0.0589   0.0907   0.0907   0.0046   0.0000   0.0062  -0.0163    0.181
    90   7.0942   0.9572   0.0222   0.0299   0.0599   0.0312   0.0312   0.0016   0.0000   0.0024  -0.0054    0.174

  Surface # 4     horizontal_stabilizer (YDUP)            
     # Chordwise = 10   # Spanwise = 30     First strip = 91
     Surface area =   20.071465       Ave. chord =    2.826957
     CLsurf  =   0.03369     Clsurf  =   0.00293
     CYsurf  =   0.00116     Cmsurf  =  -0.14909
     CDsurf  =   0.00192     Cnsurf  =  -0.00061
     CDisurf =   0.00192     CDvsurf =   0.00000

  Forces referred to Ssurf, Cave about hinge axis thru LE
     CLsurf  =   0.20961     CDsurf  =   0.01197
     Deflect =

 Strip Forces referred to Strip Area, Chord
    j      Yle    Chord     Area     c cl      ai      cl_norm  cl       cd       cdv    cm_c/4    cm_LE  C.P.x/c
    91  -0.0046   4.6976   0.0861   0.8187   0.1093   0.1727   0.1727   0.0255   0.0000   0.0035   0.0397    0.230
    92  -0.0412   4.6783   0.2563   0.8160   0.1090   0.1740   0.1740   0.0123   0.0000   0.0035   0.0397    0.230
    93  -0.1140   4.6399   0.4206   0.8153   0.1085   0.1754   0.1754   0.0115   0.0000   0.0035   0.0400    0.230
    94  -0.2222   4.5828   0.5752   0.8141   0.1078   0.1774   0.1773   0.0112   0.0000   0.0036   0.0404    0.229
    95  -0.3647   4.5076   0.7167   0.8118   0.1068   0.1798   0.1798   0.0112   0.0000   0.0037   0.0409    0.229
    96  -0.5398   4.4152   0.8422   0.8080   0.1054   0.1827   0.1827   0.0112   0.0000   0.0038   0.0415    0.229
    97  -0.7511   4.3037   0.9974   0.8019   0.1033   0.1861   0.1861   0.0112   0.0000   0.0038   0.0423    0.229
    98  -0.9975   4.1737   1.0868   0.7932   0.1002   0.1898   0.1898   0.0114   0.0000   0.0039   0.0432    0.230
    99  -1.2712   4.0293   1.1531   0.7817   0.0957   0.1938   0.1937   0.0114   0.0000   0.0038   0.0442    0.230
   100  -1.5691   3.8721   1.1959   0.7672   0.0892   0.1979   0.1979   0.0117   0.0000   0.0038   0.0453    0.231
   101  -1.8880   3.7039   1.2153   0.7498   0.0813   0.2022   0.2022   0.0119   0.0000   0.0037   0.0464    0.232
   102  -2.2244   3.5264   1.2123   0.7295   0.0736   0.2066   0.2066   0.0119   0.0000   0.0037   0.0476    0.232
   103  -2.5747   3.3416   1.1886   0.7073   0.0680   0.2114   0.2114   0.0125   0.0000   0.0036   0.0488    0.233
   104  -2.9349   3.1516   1.1463   0.6825   0.0643   0.2163   0.2163   0.0126   0.0000   0.0036   0.0501    0.234
   105  -3.3011   2.9584   1.0879   0.6555   0.0618   0.2214   0.2213   0.0124   0.0000   0.0035   0.0513    0.234
   106  -3.6693   2.7641   1.0165   0.6271   0.0599   0.2266   0.2266   0.0130   0.0000   0.0036   0.0526    0.234
   107  -4.0356   2.5709   0.9351   0.5965   0.0583   0.2319   0.2318   0.0124   0.0000   0.0037   0.0538    0.234
   108  -4.3958   2.3808   0.8469   0.5646   0.0568   0.2370   0.2370   0.0122   0.0000   0.0038   0.0549    0.234
   109  -4.7460   2.1961   0.7550   0.5313   0.0555   0.2418   0.2417   0.0130   0.0000   0.0041   0.0558    0.233
   110  -5.0824   2.0186   0.6623   0.4962   0.0545   0.2457   0.2457   0.0129   0.0000   0.0044   0.0565    0.232
   111  -5.4013   1.8503   0.5714   0.4598   0.0537   0.2484   0.2483   0.0129   0.0000   0.0048   0.0568    0.231
   112  -5.6992   1.6931   0.4845   0.4219   0.0533   0.2491   0.2491   0.0124   0.0000   0.0053   0.0564    0.229
   113  -5.9729   1.5487   0.4033   0.3827   0.0532   0.2470   0.2470   0.0122   0.0000   0.0059   0.0553    0.226
   114  -6.2193   1.4187   0.3288   0.3420   0.0534   0.2409   0.2409   0.0120   0.0000   0.0067   0.0531    0.222
   115  -6.4358   1.3045   0.2616   0.2997   0.0539   0.2297   0.2296   0.0110   0.0000   0.0074   0.0495    0.218
   116  -6.6379   1.1979   0.2413   0.2536   0.0548   0.2116   0.2116   0.0103   0.0000   0.0082   0.0442    0.211
   117  -6.8184   1.1027   0.1754   0.2015   0.0561   0.1827   0.1827   0.0090   0.0000   0.0087   0.0366    0.202
   118  -6.9555   1.0303   0.1183   0.1465   0.0575   0.1421   0.1421   0.0074   0.0000   0.0082   0.0270    0.192
   119  -7.0478   0.9816   0.0681   0.0891   0.0589   0.0907   0.0907   0.0046   0.0000   0.0062   0.0163    0.181
   120  -7.0942   0.9572   0.0222   0.0299   0.0599   0.0312   0.0312   0.0016   0.0000   0.0024   0.0054    0.174

  Surface # 5     vertical_stabilizer                     
     # Chordwise = 10   # Spanwise = 30     First strip =121
     Surface area =   27.880133       Ave. chord =    3.584947
     CLsurf  =   0.00000     Clsurf  =   0.00000
     CYsurf  =   0.00000     Cmsurf  =  -0.00000
     CDsurf  =  -0.00000     Cnsurf  =  -0.00000
     CDisurf =  -0.00000     CDvsurf =   0.00000

  Forces referred to Ssurf, Cave about hinge axis thru LE
     CLsurf  =  -0.00000     CDsurf  =  -0.00000
     Deflect =

 Strip Forces referred to Strip Area, Chord
    j      Yle    Chord     Area     c cl      ai      cl_norm  cl       cd       cdv    cm_c/4    cm_LE  C.P.x/c
   121   0.0000   8.1257   0.4979  -0.0000   0.0000  -0.0000  -0.0000  -0.0000   0.0000   0.0000   0.0000    0.408
   122   0.0000   7.9240   0.7939  -0.0000   0.0000  -0.0000  -0.0000   0.0000   0.0000   0.0000   0.0000    0.416
   123   0.0000   7.6259   1.0550  -0.0000  -0.0000  -0.0000  -0.0000  -0.0000   0.0000   0.0000   0.0000    0.418
   124   0.0000   7.2338   1.2682  -0.0000   0.0000  -0.0000  -0.0000  -0.0000   0.0000   0.0000   0.0000    0.419
   125   0.0000   6.7513   1.4226  -0.0000   0.0000  -0.0000  -0.0000  -0.0000   0.0000   0.0000   0.0000    0.420
   126   0.0000   6.1827   1.5094  -0.0000   0.0000  -0.0000  -0.0000  -0.0000   0.0000   0.0000   0.0000    0.419
   127   0.0000   5.5336   1.5228  -0.0000   0.0000  -0.0000  -0.0000  -0.0000   0.0000   0.0000   0.0000    0.410
   128   0.0000   4.8100   1.4602  -0.0000   0.0000  -0.0000  -0.0000  -0.0000   0.0000   0.0000   0.0000    0.398
   129   0.0000   4.3478   1.3898  -0.0000   0.0000  -0.0000  -0.0000  -0.0000   0.0000   0.0000   0.0000    0.318
   130   0.0000   4.1900   1.4293  -0.0000   0.0000  -0.0000  -0.0000  -0.0000   0.0000   0.0000   0.0000    0.310
   131   0.0000   4.0228   1.4447  -0.0000   0.0000  -0.0000  -0.0000  -0.0000   0.0000   0.0000   0.0000    0.300
   132   0.0000   3.8479   1.4371  -0.0000   0.0000  -0.0000  -0.0000  -0.0000   0.0000   0.0000   0.0000    0.296
   133   0.0000   3.6670   1.4082  -0.0000   0.0000  -0.0000  -0.0000  -0.0000   0.0000   0.0000   0.0000    0.288
   134   0.0000   3.4821   1.3602  -0.0000   0.0000  -0.0000  -0.0000  -0.0000   0.0000   0.0000   0.0000    0.285
   135   0.0000   3.2949   1.2955  -0.0000   0.0000  -0.0000  -0.0000  -0.0000   0.0000   0.0000   0.0000    0.279
   136   0.0000   3.1075   1.2172  -0.0000   0.0000  -0.0000  -0.0000  -0.0000   0.0000   0.0000   0.0000    0.275
   137   0.0000   2.9218   1.1282  -0.0000   0.0000  -0.0000  -0.0000  -0.0000   0.0000   0.0000   0.0000    0.273
   138   0.0000   2.7397   1.0316  -0.0000   0.0000  -0.0000  -0.0000  -0.0000   0.0000   0.0000   0.0000    0.274
   139   0.0000   2.5631   0.9305  -0.0000   0.0000  -0.0000  -0.0000  -0.0000   0.0000   0.0000   0.0000    0.268
   140   0.0000   2.3939   0.8277  -0.0000   0.0000  -0.0000  -0.0000  -0.0000   0.0000   0.0000   0.0000    0.265
   141   0.0000   2.2338   0.7257  -0.0000   0.0000  -0.0000  -0.0000  -0.0000   0.0000   0.0000   0.0000    0.262
   142   0.0000   2.0845   0.6265  -0.0000   0.0000  -0.0000  -0.0000  -0.0000   0.0000   0.0000   0.0000    0.262
   143   0.0000   1.9475   0.5319  -0.0000   0.0000  -0.0000  -0.0000  -0.0000   0.0000   0.0000   0.0000    0.259
   144   0.0000   1.8243   0.4429  -0.0000   0.0000  -0.0000  -0.0000  -0.0000   0.0000   0.0000   0.0000    0.255
   145   0.0000   1.7162   0.3603  -0.0000   0.0000  -0.0000  -0.0000  -0.0000   0.0000  -0.0000   0.0000    0.250
   146   0.0000   1.6244   0.2840  -0.0000   0.0000  -0.0000  -0.0000  -0.0000   0.0000  -0.0000   0.0000    0.242
   147   0.0000   1.5497   0.2138  -0.0000   0.0000  -0.0000  -0.0000  -0.0000   0.0000  -0.0000   0.0000    0.236
   148   0.0000   1.4930   0.1487  -0.0000   0.0000  -0.0000  -0.0000  -0.0000   0.0000  -0.0000   0.0000    0.230
   149   0.0000   1.4548   0.0875  -0.0000   0.0000  -0.0000  -0.0000  -0.0000   0.0000  -0.0000   0.0000    0.223
   150   0.0000   1.4357   0.0289  -0.0000   0.0000  -0.0000  -0.0000  -0.0000   0.0000  -0.0000   0.0000    0.220

  Surface # 6     fuselage_horizontal                     
     # Chordwise = 10   # Spanwise = 10     First strip =151
     Surface area =  123.841209       Ave. chord =   33.112621
     CLsurf  =   0.00747     Clsurf  =   0.00000
     CYsurf  =   0.00000     Cmsurf  =   0.05878
     CDsurf  =  -0.00033     Cnsurf  =  -0.00000
     CDisurf =  -0.00033     CDvsurf =   0.00000

  Forces referred to Ssurf, Cave about hinge axis thru LE
     CLsurf  =   0.00753     CDsurf  =  -0.00034
     Deflect =

 Strip Forces referred to Strip Area, Chord
    j      Yle    Chord     Area     c cl      ai      cl_norm  cl       cd       cdv    cm_c/4    cm_LE  C.P.x/c
   151  -1.6830  26.5957   9.9468   0.2041   0.1545   0.0912   0.0079  -0.0019   0.0000   0.0038   0.0003   -0.239
   152  -1.3090  31.2096  11.6724   0.2494   0.1429   0.0309   0.0081  -0.0009   0.0000   0.0055   0.0009   -0.430
   153  -0.9350  34.0626  12.7394   0.2525   0.1211   0.0181   0.0075  -0.0003   0.0000   0.0068   0.0016   -0.654
   154  -0.5610  36.1619  13.5246   0.2619   0.1200   0.0121   0.0073   0.0001   0.0000   0.0072   0.0024   -0.737
   155  -0.1870  37.5333  14.0374   0.2691   0.1224   0.0083   0.0071   0.0008   0.0000   0.0072   0.0037   -0.764
   156   0.1870  37.5333  14.0374   0.2691   0.1224   0.0083   0.0071   0.0008   0.0000   0.0072   0.0037   -0.764
   157   0.5610  36.1619  13.5246   0.2618   0.1200   0.0121   0.0073   0.0001   0.0000   0.0072   0.0024   -0.737
   158   0.9350  34.0626  12.7394   0.2525   0.1211   0.0181   0.0075  -0.0003   0.0000   0.0068   0.0016   -0.654
   159   1.3090  31.2096  11.6724   0.2494   0.1429   0.0309   0.0081  -0.0009   0.0000   0.0055   0.0009   -0.430
   160   1.6830  26.5957   9.9468   0.2041   0.1545   0.0912   0.0079  -0.0019   0.0000   0.0038   0.0003   -0.239

  Surface # 7     fuselage_vertical                       
     # Chordwise = 10   # Spanwise = 10     First strip =161
     Surface area =  123.841209       Ave. chord =   33.112621
     CLsurf  =   0.00000     Clsurf  =  -0.00000
     CYsurf  =   0.00000     Cmsurf  =  -0.00000
     CDsurf  =   0.00000     Cnsurf  =   0.00000
     CDisurf =   0.00000     CDvsurf =   0.00000

  Forces referred to Ssurf, Cave about hinge axis thru LE
     CLsurf  =  -0.00000     CDsurf  =   0.00000
     Deflect =

 Strip Forces referred to Strip Area, Chord
    j      Yle    Chord     Area     c cl      ai      cl_norm  cl       cd       cdv    cm_c/4    cm_LE  C.P.x/c
   161   0.0000  26.5957   9.9468  -0.0000  -0.0000  -0.0000  -0.0000  -0.0000   0.0000  -0.0000  -0.0000
   162   0.0000  31.2096  11.6724  -0.0000   0.0000  -0.0000  -0.0000  -0.0000   0.0000  -0.0000  -0.0000
   163   0.0000  34.0626  12.7394  -0.0000   0.0000  -0.0000  -0.0000   0.0000   0.0000  -0.0000  -0.0000
   164   0.0000  36.1619  13.5246  -0.0000   0.0000  -0.0000  -0.0000   0.0000   0.0000  -0.0000  -0.0000
   165   0.0000  37.5333  14.0374  -0.0000   0.0000  -0.0000  -0.0000  -0.0000   0.0000  -0.0000  -0.0000
   166   0.0000  37.5333  14.0374  -0.0000  -0.0000  -0.0000  -0.0000  -0.0000   0.0000  -0.0000  -0.0000   -0.274
   167   0.0000  36.1619  13.5246  -0.0000  -0.0000  -0.0000  -0.0000   0.0000   0.0000  -0.0000   0.0000    0.157
   168   0.0000  34.0626  12.7394  -0.0000  -0.0000  -0.0000  -0.0000   0.0000   0.0000   0.0000   0.0000    0.395
   169   0.0000  31.2096  11.6724  -0.0000   0.0000  -0.0000  -0.0000   0.0000   0.0000   0.0000   0.0000    0.550
   170   0.0000  26.5957   9.9468  -0.0000   0.0000  -0.0000  -0.0000  -0.0000   0.0000   0.0000   0.0000    0.647
 ---------------------------------------------------------------
