 ---------------------------------------------------------------
 Surface and Strip Forces by surface

  Forces referred to Sref, Cref, Bref about Xref, Yref, Zref
 Standard axis orientation,  X fwd, Z down         

  Surface # 1     main_wing                               
     # Chordwise = 10   # Spanwise = 30     First strip =  1
     Surface area =   63.968842       Ave. chord =    3.715026
     CLsurf  =   0.24498     Clsurf  =  -0.04989
     CYsurf  =  -0.01439     Cmsurf  =  -0.22985
     CDsurf  =   0.00484     Cnsurf  =  -0.00253
     CDisurf =   0.00484     CDvsurf =   0.00000

  Forces referred to Ssurf, Cave about hinge axis thru LE
     CLsurf  =   0.47897     CDsurf  =   0.00944
     Deflect =

 Strip Forces referred to Strip Area, Chord
    j      Yle    Chord     Area     c cl      ai      cl_norm  cl       cd       cdv    cm_c/4    cm_LE  C.P.x/c
     1   0.0114   7.7520   0.3539   2.7123   0.0943   0.4333   0.3354   0.1803   0.0000  -0.0273  -0.0940    0.331
     2   0.1025   7.6885   1.0492   2.5866   0.0943   0.4323   0.3347   0.0349   0.0000  -0.0269  -0.0910    0.331
     3   0.2837   7.5620   1.7073   2.5756   0.0939   0.4387   0.3396   0.0260   0.0000  -0.0257  -0.0908    0.326
     4   0.5530   7.3741   2.3052   2.5670   0.0925   0.4487   0.3474   0.0235   0.0000  -0.0236  -0.0907    0.318
     5   0.9075   7.1267   2.8223   2.5561   0.0894   0.4627   0.3582   0.0214   0.0000  -0.0213  -0.0910    0.309
     6   1.3432   6.8226   3.2414   2.5361   0.0827   0.4798   0.3714   0.0193   0.0000  -0.0191  -0.0918    0.301
     7   1.8554   6.4651   3.5491   2.4970   0.0705   0.4988   0.3861   0.0182   0.0000  -0.0173  -0.0934    0.295
     8   2.4386   6.0582   3.7368   2.4597   0.0577   0.5247   0.4062   0.0158   0.0000  -0.0155  -0.0960    0.288
     9   3.0862   5.6062   3.8005   2.4007   0.0500   0.5537   0.4286   0.0139   0.0000  -0.0145  -0.0997    0.284
    10   3.7613   5.1351   3.4440   2.3275   0.0449   0.5865   0.4540   0.0111   0.0000  -0.0143  -0.1047    0.281
    11   4.4532   4.6522   3.3149   2.2450   0.0393   0.6248   0.4837   0.0086   0.0000  -0.0150  -0.1113    0.281
    12   5.1831   4.1429   3.0930   2.1486   0.0301   0.6720   0.5202   0.0043   0.0000  -0.0158  -0.1194    0.280
    13   6.0123   3.7903   3.4706   2.0490   0.0235   0.6647   0.5424   0.0028   0.0000  -0.0142  -0.1342    0.276
    14   6.9353   3.6075   3.3775   1.9627   0.0214   0.6690   0.5459   0.0030   0.0000  -0.0141  -0.1350    0.276
    15   7.8737   3.4215   3.2389   1.8778   0.0183   0.6748   0.5507   0.0025   0.0000  -0.0140  -0.1359    0.275
    16   8.8172   3.2345   3.0619   1.7916   0.0164   0.6812   0.5558   0.0019   0.0000  -0.0139  -0.1370    0.275
    17   9.7556   3.0486   2.8543   1.7035   0.0158   0.6872   0.5608   0.0014   0.0000  -0.0138  -0.1379    0.275
    18  10.6786   2.8657   2.6240   1.6137   0.0161   0.6926   0.5652   0.0008   0.0000  -0.0136  -0.1388    0.274
    19  11.5760   2.6879   2.3787   1.5225   0.0170   0.6968   0.5686   0.0003   0.0000  -0.0133  -0.1393    0.273
    20  12.4328   2.5181   2.1010   1.4305   0.0186   0.6988   0.5702  -0.0001   0.0000  -0.0129  -0.1393    0.273
    21  13.2400   2.3582   1.8520   1.3374   0.0209   0.6977   0.5693  -0.0005   0.0000  -0.0123  -0.1386    0.272
    22  13.9941   2.2087   1.6074   1.2419   0.0242   0.6917   0.5645  -0.0007   0.0000  -0.0114  -0.1366    0.270
    23  14.6868   2.0715   1.3716   1.1417   0.0290   0.6781   0.5533  -0.0007   0.0000  -0.0098  -0.1327    0.268
    24  15.3105   1.9479   1.1479   1.0330   0.0353   0.6524   0.5324  -0.0006   0.0000  -0.0075  -0.1260    0.264
    25  15.8583   1.8393   0.9381   0.9100   0.0425   0.6086   0.4966   0.0002   0.0000  -0.0050  -0.1158    0.260
    26  16.3244   1.7470   0.7427   0.7681   0.0498   0.5405   0.4411   0.0032   0.0000  -0.0059  -0.1042    0.263
    27  16.6722   1.4928   0.4131   0.6139   0.0580   1.3915   0.4137  -0.0092   0.0000  -0.0077  -0.0540    0.269
    28  16.9098   1.1466   0.2292   0.4568   0.0705   1.3519   0.4019  -0.0226   0.0000   0.0075  -0.0454    0.231
    29  17.0696   0.9138   0.1104   0.2834   0.0814   1.0572   0.3143  -0.0331   0.0000   0.0227  -0.0276    0.178
    30  17.1499   0.7967   0.0322   0.0962   0.0872   0.4151   0.1234  -0.0246   0.0000   0.0153  -0.0078    0.126

  Surface # 2     main_wing (YDUP)                        
     # Chordwise = 10   # Spanwise = 30     First strip = 31
     Surface area =   63.968842       Ave. chord =    3.715026
     CLsurf  =   0.24497     Clsurf  =   0.04989
     CYsurf  =   0.01439     Cmsurf  =  -0.22985
     CDsurf  =   0.00484     Cnsurf  =   0.00253
     CDisurf =   0.00484     CDvsurf =   0.00000

  Forces referred to Ssurf, Cave about hinge axis thru LE
     CLsurf  =   0.47897     CDsurf  =   0.00944
     Deflect =

 Strip Forces referred to Strip Area, Chord
    j      Yle    Chord     Area     c cl      ai      cl_norm  cl       cd       cdv    cm_c/4    cm_LE  C.P.x/c
    31  -0.0114   7.7520   0.3539   2.7123   0.0944   0.4333   0.3354   0.1803   0.0000  -0.0273   0.0940    0.331
    32  -0.1025   7.6885   1.0492   2.5866   0.0943   0.4323   0.3347   0.0349   0.0000  -0.0269   0.0910    0.331
    33  -0.2837   7.5620   1.7073   2.5756   0.0939   0.4387   0.3396   0.0260   0.0000  -0.0257   0.0908    0.326
    34  -0.5530   7.3741   2.3052   2.5670   0.0925   0.4487   0.3474   0.0235   0.0000  -0.0236   0.0907    0.318
    35  -0.9075   7.1267   2.8223   2.5561   0.0894   0.4627   0.3582   0.0214   0.0000  -0.0213   0.0910    0.309
    36  -1.3432   6.8226   3.2414   2.5361   0.0827   0.4798   0.3714   0.0193   0.0000  -0.0191   0.0918    0.301
    37  -1.8554   6.4651   3.5491   2.4970   0.0705   0.4988   0.3861   0.0182   0.0000  -0.0173   0.0934    0.295
    38  -2.4386   6.0582   3.7368   2.4597   0.0577   0.5247   0.4062   0.0158   0.0000  -0.0155   0.0960    0.288
    39  -3.0862   5.6062   3.8005   2.4007   0.0500   0.5537   0.4286   0.0139   0.0000  -0.0145   0.0997    0.284
    40  -3.7613   5.1351   3.4440   2.3275   0.0449   0.5865   0.4540   0.0111   0.0000  -0.0143   0.1047    0.281
    41  -4.4532   4.6522   3.3149   2.2450   0.0393   0.6248   0.4837   0.0086   0.0000  -0.0150   0.1113    0.281
    42  -5.1831   4.1429   3.0930   2.1486   0.0301   0.6720   0.5202   0.0043   0.0000  -0.0158   0.1194    0.280
    43  -6.0123   3.7903   3.4706   2.0490   0.0235   0.6647   0.5424   0.0028   0.0000  -0.0142   0.1342    0.276
    44  -6.9353   3.6075   3.3775   1.9627   0.0214   0.6690   0.5459   0.0030   0.0000  -0.0141   0.1350    0.276
    45  -7.8737   3.4215   3.2389   1.8778   0.0183   0.6748   0.5507   0.0025   0.0000  -0.0140   0.1359    0.275
    46  -8.8172   3.2345   3.0619   1.7916   0.0164   0.6812   0.5558   0.0019   0.0000  -0.0139   0.1370    0.275
    47  -9.7556   3.0486   2.8543   1.7035   0.0158   0.6872   0.5608   0.0014   0.0000  -0.0138   0.1379    0.275
    48 -10.6786   2.8657   2.6240   1.6137   0.0161   0.6926   0.5652   0.0008   0.0000  -0.0136   0.1387    0.274
    49 -11.5760   2.6879   2.3787   1.5225   0.0170   0.6967   0.5686   0.0003   0.0000  -0.0133   0.1393    0.273
    50 -12.4328   2.5181   2.1010   1.4305   0.0186   0.6988   0.5702  -0.0001   0.0000  -0.0129   0.1393    0.273
    51 -13.2400   2.3582   1.8520   1.3374   0.0209   0.6977   0.5693  -0.0005   0.0000  -0.0123   0.1386    0.272
    52 -13.9941   2.2087   1.6074   1.2419   0.0242   0.6917   0.5645  -0.0007   0.0000  -0.0114   0.1366    0.270
    53 -14.6868   2.0715   1.3716   1.1417   0.0290   0.6781   0.5533  -0.0007   0.0000  -0.0098   0.1327    0.268
    54 -15.3105   1.9479   1.1479   1.0330   0.0353   0.6524   0.5324  -0.0006   0.0000  -0.0075   0.1260    0.264
    55 -15.8583   1.8393   0.9381   0.9100   0.0425   0.6086   0.4966   0.0002   0.0000  -0.0050   0.1158    0.260
    56 -16.3244   1.7470   0.7427   0.7681   0.0498   0.5405   0.4410   0.0032   0.0000  -0.0059   0.1042    0.263
    57 -16.6722   1.4928   0.4131   0.6139   0.0580   1.3915   0.4136  -0.0092   0.0000  -0.0077   0.0540    0.269
    58 -16.9098   1.1466   0.2292   0.4568   0.0705   1.3519   0.4019  -0.0226   0.0000   0.0075   0.0454    0.231
    59 -17.0696   0.9138   0.1104   0.2834   0.0814   1.0572   0.3143  -0.0331   0.0000   0.0227   0.0276    0.178
    60 -17.1499   0.7967   0.0322   0.0962   0.0872   0.4151   0.1234  -0.0246   0.0000   0.0153   0.0078    0.126

  Surface # 3     horizontal_stabilizer                   
     # Chordwise = 10   # Spanwise = 30     First strip = 61
     Surface area =   20.301460       Ave. chord =    2.826985
     CLsurf  =   0.03172     Clsurf  =  -0.00310
     CYsurf  =  -0.00474     Cmsurf  =  -0.15970
     CDsurf  =   0.00152     Cnsurf  =   0.00271
     CDisurf =   0.00152     CDvsurf =   0.00000

  Forces referred to Ssurf, Cave about hinge axis thru LE
     CLsurf  =   0.19726     CDsurf  =   0.00936
     Deflect =

 Strip Forces referred to Strip Area, Chord
    j      Yle    Chord     Area     c cl      ai      cl_norm  cl       cd       cdv    cm_c/4    cm_LE  C.P.x/c
    61   0.0046   4.6976   0.0871   0.7921   0.0831   0.2699   0.1626   0.0759   0.0000  -0.0119  -0.0406    0.323
    62   0.0412   4.6783   0.2592   0.7029   0.0840   0.2480   0.1495   0.0155   0.0000  -0.0114  -0.0368    0.326
    63   0.1140   4.6399   0.4254   0.6962   0.0847   0.2482   0.1496   0.0116   0.0000  -0.0108  -0.0364    0.322
    64   0.2222   4.5828   0.5818   0.6948   0.0849   0.2509   0.1512   0.0108   0.0000  -0.0098  -0.0359    0.315
    65   0.3647   4.5076   0.7249   0.6940   0.0845   0.2549   0.1536   0.0105   0.0000  -0.0085  -0.0354    0.305
    66   0.5398   4.4152   0.8518   0.6933   0.0834   0.2601   0.1567   0.0102   0.0000  -0.0072  -0.0351    0.296
    67   0.7511   4.3037   1.0088   0.6916   0.0813   0.2662   0.1604   0.0099   0.0000  -0.0059  -0.0348    0.287
    68   0.9975   4.1737   1.0993   0.6886   0.0778   0.2734   0.1648   0.0097   0.0000  -0.0047  -0.0348    0.278
    69   1.2712   4.0294   1.1663   0.6842   0.0729   0.2814   0.1696   0.0096   0.0000  -0.0037  -0.0350    0.272
    70   1.5691   3.8722   1.2096   0.6779   0.0670   0.2902   0.1749   0.0095   0.0000  -0.0028  -0.0354    0.266
    71   1.8880   3.7039   1.2292   0.6693   0.0609   0.2996   0.1806   0.0094   0.0000  -0.0022  -0.0359    0.262
    72   2.2244   3.5264   1.2262   0.6594   0.0558   0.3101   0.1869   0.0093   0.0000  -0.0016  -0.0367    0.259
    73   2.5747   3.3417   1.2022   0.6467   0.0522   0.3210   0.1935   0.0092   0.0000  -0.0012  -0.0377    0.256
    74   2.9349   3.1516   1.1594   0.6328   0.0500   0.3331   0.2007   0.0092   0.0000  -0.0009  -0.0388    0.254
    75   3.3011   2.9584   1.1004   0.6162   0.0485   0.3456   0.2083   0.0091   0.0000  -0.0006  -0.0400    0.253
    76   3.6693   2.7641   1.0281   0.5980   0.0476   0.3590   0.2164   0.0091   0.0000  -0.0003  -0.0414    0.252
    77   4.0356   2.5709   0.9458   0.5774   0.0469   0.3728   0.2247   0.0090   0.0000  -0.0001  -0.0427    0.250
    78   4.3958   2.3809   0.8566   0.5552   0.0465   0.3871   0.2333   0.0088   0.0000   0.0002  -0.0442    0.249
    79   4.7460   2.1961   0.7636   0.5311   0.0463   0.4015   0.2420   0.0086   0.0000   0.0006  -0.0455    0.247
    80   5.0824   2.0186   0.6699   0.5045   0.0465   0.4150   0.2501   0.0084   0.0000   0.0010  -0.0468    0.246
    81   5.4013   1.8503   0.5780   0.4757   0.0471   0.4270   0.2574   0.0080   0.0000   0.0016  -0.0477    0.244
    82   5.6992   1.6932   0.4901   0.4454   0.0483   0.4370   0.2634   0.0076   0.0000   0.0025  -0.0482    0.240
    83   5.9729   1.5488   0.4079   0.4125   0.0502   0.4426   0.2667   0.0070   0.0000   0.0038  -0.0479    0.236
    84   6.2193   1.4188   0.3326   0.3763   0.0528   0.4409   0.2657   0.0062   0.0000   0.0056  -0.0463    0.229
    85   6.4358   1.3046   0.2646   0.3377   0.0562   0.4303   0.2593   0.0054   0.0000   0.0083  -0.0432    0.218
    86   6.6379   1.1979   0.2441   0.2918   0.0599   0.4050   0.2441   0.0042   0.0000   0.0116  -0.0379    0.203
    87   6.8184   1.1027   0.1774   0.2366   0.0638   0.3570   0.2152   0.0025   0.0000   0.0154  -0.0296    0.178
    88   6.9555   1.0303   0.1197   0.1743   0.0668   0.2816   0.1698   0.0006   0.0000   0.0172  -0.0197    0.149
    89   7.0478   0.9816   0.0689   0.1069   0.0688   0.1815   0.1094  -0.0010   0.0000   0.0143  -0.0103    0.119
    90   7.0942   0.9572   0.0225   0.0360   0.0699   0.0629   0.0379  -0.0019   0.0000   0.0057  -0.0030    0.100

  Surface # 4     horizontal_stabilizer (YDUP)            
     # Chordwise = 10   # Spanwise = 30     First strip = 91
     Surface area =   20.301460       Ave. chord =    2.826985
     CLsurf  =   0.03172     Clsurf  =   0.00310
     CYsurf  =   0.00474     Cmsurf  =  -0.15970
     CDsurf  =   0.00152     Cnsurf  =  -0.00271
     CDisurf =   0.00152     CDvsurf =   0.00000

  Forces referred to Ssurf, Cave about hinge axis thru LE
     CLsurf  =   0.19725     CDsurf  =   0.00936
     Deflect =

 Strip Forces referred to Strip Area, Chord
    j      Yle    Chord     Area     c cl      ai      cl_norm  cl       cd       cdv    cm_c/4    cm_LE  C.P.x/c
    91  -0.0046   4.6976   0.0871   0.7921   0.0831   0.2699   0.1626   0.0759   0.0000  -0.0119   0.0406    0.323
    92  -0.0412   4.6783   0.2592   0.7029   0.0840   0.2480   0.1495   0.0155   0.0000  -0.0114   0.0368    0.326
    93  -0.1140   4.6399   0.4254   0.6962   0.0847   0.2482   0.1496   0.0116   0.0000  -0.0108   0.0364    0.322
    94  -0.2222   4.5828   0.5818   0.6948   0.0849   0.2509   0.1512   0.0108   0.0000  -0.0098   0.0359    0.315
    95  -0.3647   4.5076   0.7249   0.6940   0.0845   0.2549   0.1536   0.0105   0.0000  -0.0085   0.0354    0.305
    96  -0.5398   4.4152   0.8518   0.6933   0.0834   0.2601   0.1567   0.0102   0.0000  -0.0072   0.0351    0.296
    97  -0.7511   4.3037   1.0088   0.6916   0.0813   0.2662   0.1604   0.0099   0.0000  -0.0059   0.0348    0.287
    98  -0.9975   4.1737   1.0993   0.6886   0.0778   0.2734   0.1648   0.0097   0.0000  -0.0047   0.0348    0.278
    99  -1.2712   4.0294   1.1663   0.6842   0.0729   0.2814   0.1696   0.0096   0.0000  -0.0037   0.0350    0.272
   100  -1.5691   3.8722   1.2096   0.6779   0.0670   0.2902   0.1749   0.0095   0.0000  -0.0028   0.0354    0.266
   101  -1.8880   3.7039   1.2292   0.6693   0.0609   0.2996   0.1806   0.0094   0.0000  -0.0022   0.0359    0.262
   102  -2.2244   3.5264   1.2262   0.6594   0.0558   0.3101   0.1869   0.0093   0.0000  -0.0016   0.0367    0.259
   103  -2.5747   3.3417   1.2022   0.6467   0.0522   0.3210   0.1935   0.0092   0.0000  -0.0012   0.0377    0.256
   104  -2.9349   3.1516   1.1594   0.6328   0.0500   0.3331   0.2007   0.0092   0.0000  -0.0009   0.0388    0.254
   105  -3.3011   2.9584   1.1004   0.6162   0.0485   0.3456   0.2083   0.0091   0.0000  -0.0006   0.0400    0.253
   106  -3.6693   2.7641   1.0281   0.5980   0.0476   0.3590   0.2164   0.0091   0.0000  -0.0003   0.0414    0.252
   107  -4.0356   2.5709   0.9458   0.5774   0.0469   0.3728   0.2247   0.0090   0.0000  -0.0001   0.0427    0.250
   108  -4.3958   2.3809   0.8566   0.5552   0.0465   0.3871   0.2333   0.0088   0.0000   0.0002   0.0442    0.249
   109  -4.7460   2.1961   0.7636   0.5311   0.0463   0.4015   0.2420   0.0086   0.0000   0.0006   0.0455    0.247
   110  -5.0824   2.0186   0.6699   0.5045   0.0465   0.4150   0.2501   0.0084   0.0000   0.0010   0.0468    0.246
   111  -5.4013   1.8503   0.5780   0.4757   0.0471   0.4270   0.2573   0.0080   0.0000   0.0016   0.0477    0.244
   112  -5.6992   1.6932   0.4901   0.4454   0.0483   0.4370   0.2634   0.0076   0.0000   0.0025   0.0482    0.240
   113  -5.9729   1.5488   0.4079   0.4125   0.0502   0.4426   0.2667   0.0070   0.0000   0.0038   0.0479    0.236
   114  -6.2193   1.4188   0.3326   0.3763   0.0528   0.4409   0.2657   0.0062   0.0000   0.0056   0.0463    0.229
   115  -6.4358   1.3046   0.2646   0.3376   0.0562   0.4303   0.2593   0.0054   0.0000   0.0083   0.0432    0.218
   116  -6.6379   1.1979   0.2441   0.2918   0.0599   0.4050   0.2441   0.0042   0.0000   0.0116   0.0379    0.203
   117  -6.8184   1.1027   0.1774   0.2366   0.0638   0.3570   0.2152   0.0025   0.0000   0.0154   0.0296    0.178
   118  -6.9555   1.0303   0.1197   0.1743   0.0668   0.2816   0.1698   0.0006   0.0000   0.0172   0.0197    0.149
   119  -7.0478   0.9816   0.0689   0.1069   0.0688   0.1815   0.1094  -0.0010   0.0000   0.0143   0.0103    0.119
   120  -7.0942   0.9572   0.0225   0.0360   0.0699   0.0629   0.0379  -0.0019   0.0000   0.0057   0.0030    0.100

  Surface # 5     vertical_stabilizer                     
     # Chordwise = 10   # Spanwise = 30     First strip =121
     Surface area =   27.879847       Ave. chord =    3.584910
     CLsurf  =   0.00000     Clsurf  =   0.00000
     CYsurf  =   0.00000     Cmsurf  =  -0.00000
     CDsurf  =  -0.00000     Cnsurf  =  -0.00000
     CDisurf =  -0.00000     CDvsurf =   0.00000

  Forces referred to Ssurf, Cave about hinge axis thru LE
     CLsurf  =  -0.00000     CDsurf  =  -0.00000
     Deflect =

 Strip Forces referred to Strip Area, Chord
    j      Yle    Chord     Area     c cl      ai      cl_norm  cl       cd       cdv    cm_c/4    cm_LE  C.P.x/c
   121   0.0000   8.1257   0.4979  -0.0000   0.0000  -0.0000  -0.0000   0.0000   0.0000   0.0000   0.0000    0.430
   122   0.0000   7.9240   0.7938  -0.0000   0.0000  -0.0000  -0.0000   0.0000   0.0000   0.0000   0.0000    0.431
   123   0.0000   7.6259   1.0549  -0.0000  -0.0000  -0.0000  -0.0000   0.0000   0.0000   0.0000   0.0000    0.435
   124   0.0000   7.2338   1.2682  -0.0000   0.0000  -0.0000  -0.0000   0.0000   0.0000   0.0000   0.0000    0.435
   125   0.0000   6.7513   1.4225  -0.0000   0.0000  -0.0000  -0.0000   0.0000   0.0000   0.0000   0.0000    0.423
   126   0.0000   6.1827   1.5094  -0.0000   0.0000  -0.0000  -0.0000  -0.0000   0.0000   0.0000   0.0000    0.411
   127   0.0000   5.5336   1.5228  -0.0000   0.0000  -0.0000  -0.0000  -0.0000   0.0000   0.0000   0.0000    0.389
   128   0.0000   4.8100   1.4602  -0.0000   0.0000  -0.0000  -0.0000  -0.0000   0.0000   0.0000   0.0000    0.347
   129   0.0000   4.3477   1.3899  -0.0000   0.0000  -0.0000  -0.0000  -0.0000   0.0000   0.0000   0.0000    0.301
   130   0.0000   4.1900   1.4293  -0.0000   0.0000  -0.0000  -0.0000  -0.0000   0.0000   0.0000   0.0000    0.292
   131   0.0000   4.0228   1.4447  -0.0000   0.0000  -0.0000  -0.0000  -0.0000   0.0000   0.0000   0.0000    0.283
   132   0.0000   3.8479   1.4371  -0.0000   0.0000  -0.0000  -0.0000  -0.0000   0.0000   0.0000   0.0000    0.276
   133   0.0000   3.6670   1.4082  -0.0000   0.0000  -0.0000  -0.0000  -0.0000   0.0000   0.0000   0.0000    0.267
   134   0.0000   3.4821   1.3602  -0.0000   0.0000  -0.0000  -0.0000  -0.0000   0.0000   0.0000   0.0000    0.262
   135   0.0000   3.2949   1.2955  -0.0000   0.0000  -0.0000  -0.0000  -0.0000   0.0000   0.0000   0.0000    0.257
   136   0.0000   3.1075   1.2172  -0.0000   0.0000  -0.0000  -0.0000  -0.0000   0.0000   0.0000   0.0000    0.250
   137   0.0000   2.9218   1.1282  -0.0000   0.0000  -0.0000  -0.0000  -0.0000   0.0000  -0.0000   0.0000    0.245
   138   0.0000   2.7397   1.0316  -0.0000   0.0000  -0.0000  -0.0000  -0.0000   0.0000  -0.0000   0.0000    0.243
   139   0.0000   2.5631   0.9305  -0.0000   0.0000  -0.0000  -0.0000  -0.0000   0.0000  -0.0000   0.0000    0.239
   140   0.0000   2.3939   0.8277  -0.0000   0.0000  -0.0000  -0.0000  -0.0000   0.0000  -0.0000   0.0000    0.235
   141   0.0000   2.2337   0.7257  -0.0000   0.0000  -0.0000  -0.0000  -0.0000   0.0000  -0.0000   0.0000    0.233
   142   0.0000   2.0844   0.6265  -0.0000   0.0000  -0.0000  -0.0000  -0.0000   0.0000  -0.0000   0.0000    0.226
   143   0.0000   1.9474   0.5319  -0.0000   0.0000  -0.0000  -0.0000  -0.0000   0.0000  -0.0000   0.0000    0.219
   144   0.0000   1.8243   0.4429  -0.0000   0.0000  -0.0000  -0.0000  -0.0000   0.0000  -0.0000   0.0000    0.209
   145   0.0000   1.7162   0.3603  -0.0000   0.0000  -0.0000  -0.0000  -0.0000   0.0000  -0.0000   0.0000    0.197
   146   0.0000   1.6243   0.2840  -0.0000   0.0000  -0.0000  -0.0000  -0.0000   0.0000  -0.0000   0.0000    0.179
   147   0.0000   1.5496   0.2138  -0.0000   0.0000  -0.0000  -0.0000  -0.0000   0.0000  -0.0000   0.0000    0.160
   148   0.0000   1.4929   0.1487  -0.0000   0.0000  -0.0000  -0.0000  -0.0000   0.0000  -0.0000   0.0000    0.140
   149   0.0000   1.4548   0.0875  -0.0000   0.0000  -0.0000  -0.0000  -0.0000   0.0000  -0.0000   0.0000    0.122
   150   0.0000   1.4356   0.0289  -0.0000   0.0000  -0.0000  -0.0000  -0.0000   0.0000  -0.0000   0.0000    0.113

  Surface # 6     fuselage_horizontal                     
     # Chordwise = 10   # Spanwise = 10     First strip =151
     Surface area =  123.841202       Ave. chord =   33.112617
     CLsurf  =   0.00993     Clsurf  =   0.00000
     CYsurf  =  -0.00000     Cmsurf  =   0.05017
     CDsurf  =   0.00003     Cnsurf  =  -0.00000
     CDisurf =   0.00003     CDvsurf =   0.00000

  Forces referred to Ssurf, Cave about hinge axis thru LE
     CLsurf  =   0.01001     CDsurf  =   0.00003
     Deflect =

 Strip Forces referred to Strip Area, Chord
    j      Yle    Chord     Area     c cl      ai      cl_norm  cl       cd       cdv    cm_c/4    cm_LE  C.P.x/c
   151  -1.6830  26.5957   9.9468   0.2327   0.1253   0.1029   0.0089  -0.0011   0.0000   0.0032   0.0001   -0.115
   152  -1.3090  31.2096  11.6724   0.3264   0.1340   0.0402   0.0105  -0.0003   0.0000   0.0040   0.0004   -0.134
   153  -0.9350  34.0626  12.7394   0.3539   0.1174   0.0252   0.0104   0.0000   0.0000   0.0050   0.0008   -0.230
   154  -0.5610  36.1619  13.5246   0.3658   0.1091   0.0169   0.0101   0.0003   0.0000   0.0055   0.0013   -0.295
   155  -0.1870  37.5332  14.0374   0.3721   0.1068   0.0115   0.0099   0.0008   0.0000   0.0057   0.0022   -0.324
   156   0.1870  37.5332  14.0374   0.3721   0.1068   0.0115   0.0099   0.0008   0.0000   0.0057   0.0022   -0.324
   157   0.5610  36.1619  13.5246   0.3658   0.1091   0.0169   0.0101   0.0003   0.0000   0.0055   0.0013   -0.295
   158   0.9350  34.0626  12.7394   0.3539   0.1174   0.0252   0.0104   0.0000   0.0000   0.0050   0.0008   -0.230
   159   1.3090  31.2096  11.6724   0.3264   0.1340   0.0402   0.0105  -0.0003   0.0000   0.0040   0.0004   -0.134
   160   1.6830  26.5957   9.9468   0.2327   0.1253   0.1029   0.0089  -0.0011   0.0000   0.0032   0.0001   -0.115

  Surface # 7     fuselage_vertical                       
     # Chordwise = 10   # Spanwise = 10     First strip =161
     Surface area =  123.841202       Ave. chord =   33.112617
     CLsurf  =   0.00000     Clsurf  =  -0.00000
     CYsurf  =   0.00000     Cmsurf  =  -0.00000
     CDsurf  =   0.00000     Cnsurf  =  -0.00000
     CDisurf =   0.00000     CDvsurf =   0.00000

  Forces referred to Ssurf, Cave about hinge axis thru LE
     CLsurf  =  -0.00000     CDsurf  =   0.00000
     Deflect =

 Strip Forces referred to Strip Area, Chord
    j      Yle    Chord     Area     c cl      ai      cl_norm  cl       cd       cdv    cm_c/4    cm_LE  C.P.x/c
   161   0.0000  26.5957   9.9468  -0.0000  -0.0000  -0.0000  -0.0000  -0.0000   0.0000  -0.0000  -0.0000
   162   0.0000  31.2096  11.6724  -0.0000   0.0000  -0.0000  -0.0000  -0.0000   0.0000  -0.0000  -0.0000   -0.102
   163   0.0000  34.0626  12.7394  -0.0000  -0.0000  -0.0000  -0.0000   0.0000   0.0000  -0.0000  -0.0000   -0.043
   164   0.0000  36.1619  13.5246  -0.0000   0.0000  -0.0000  -0.0000   0.0000   0.0000  -0.0000  -0.0000    0.001
   165   0.0000  37.5332  14.0374  -0.0000   0.0000  -0.0000  -0.0000   0.0000   0.0000  -0.0000   0.0000    0.092
   166   0.0000  37.5332  14.0374  -0.0000  -0.0000  -0.0000  -0.0000   0.0000   0.0000   0.0000   0.0000    0.369
   167   0.0000  36.1619  13.5246  -0.0000  -0.0000  -0.0000  -0.0000   0.0000   0.0000   0.0000   0.0000    0.463
   168   0.0000  34.0626  12.7394  -0.0000  -0.0000  -0.0000  -0.0000   0.0000   0.0000   0.0000   0.0000    0.546
   169   0.0000  31.2096  11.6724  -0.0000   0.0000  -0.0000  -0.0000   0.0000   0.0000   0.0000   0.0000    0.610
   170   0.0000  26.5957   9.9468  -0.0000   0.0000  -0.0000  -0.0000   0.0000   0.0000   0.0000   0.0000    0.695
 ---------------------------------------------------------------
