 ---------------------------------------------------------------
 Surface and Strip Forces by surface

  Forces referred to Sref, Cref, Bref about Xref, Yref, Zref
 Standard axis orientation,  X fwd, Z down         

  Surface # 1     main_wing                               
     # Chordwise = 10   # Spanwise = 30     First strip =  1
     Surface area =   63.968842       Ave. chord =    3.715026
     CLsurf  =   0.13167     Clsurf  =  -0.02273
     CYsurf  =  -0.00949     Cmsurf  =  -0.11571
     CDsurf  =   0.00209     Cnsurf  =   0.00105
     CDisurf =   0.00209     CDvsurf =   0.00000

  Forces referred to Ssurf, Cave about hinge axis thru LE
     CLsurf  =   0.25767     CDsurf  =   0.00407
     Deflect =

 Strip Forces referred to Strip Area, Chord
    j      Yle    Chord     Area     c cl      ai      cl_norm  cl       cd       cdv    cm_c/4    cm_LE  C.P.x/c
     1   0.0114   7.7520   0.3539   2.0716   0.0547   0.3445   0.2672   0.1546   0.0000  -0.0223  -0.0726    0.334
     2   0.1025   7.6885   1.0492   1.9603   0.0540   0.3287   0.2550   0.0279   0.0000  -0.0219  -0.0698    0.336
     3   0.2837   7.5620   1.7073   1.9476   0.0525   0.3321   0.2576   0.0193   0.0000  -0.0213  -0.0698    0.333
     4   0.5530   7.3741   2.3052   1.9340   0.0502   0.3381   0.2623   0.0170   0.0000  -0.0201  -0.0698    0.327
     5   0.9075   7.1267   2.8223   1.9092   0.0474   0.3454   0.2679   0.0153   0.0000  -0.0188  -0.0699    0.320
     6   1.3432   6.8226   3.2414   1.8667   0.0450   0.3528   0.2736   0.0134   0.0000  -0.0176  -0.0701    0.314
     7   1.8554   6.4651   3.5491   1.8038   0.0441   0.3597   0.2790   0.0108   0.0000  -0.0169  -0.0706    0.311
     8   2.4386   6.0582   3.7368   1.7166   0.0419   0.3653   0.2833   0.0084   0.0000  -0.0170  -0.0715    0.310
     9   3.0862   5.6062   3.8005   1.6031   0.0344   0.3687   0.2860   0.0060   0.0000  -0.0180  -0.0729    0.313
    10   3.7613   5.1351   3.4440   1.4767   0.0251   0.3708   0.2876   0.0027   0.0000  -0.0202  -0.0751    0.320
    11   4.4532   4.6522   3.3149   1.3391   0.0158   0.3711   0.2878  -0.0001   0.0000  -0.0238  -0.0781    0.333
    12   5.1831   4.1429   3.0930   1.1932   0.0029   0.3714   0.2880  -0.0032   0.0000  -0.0288  -0.0822    0.350
    13   6.0123   3.7903   3.4706   1.0579  -0.0046   0.3399   0.2791  -0.0040   0.0000  -0.0319  -0.0904    0.364
    14   6.9353   3.6075   3.3775   0.9576  -0.0010   0.3233   0.2655  -0.0031   0.0000  -0.0324  -0.0878    0.372
    15   7.8737   3.4215   3.2389   0.8736   0.0015   0.3110   0.2553  -0.0026   0.0000  -0.0325  -0.0856    0.377
    16   8.8172   3.2345   3.0619   0.8005   0.0029   0.3014   0.2475  -0.0023   0.0000  -0.0324  -0.0838    0.381
    17   9.7556   3.0486   2.8543   0.7353   0.0036   0.2938   0.2412  -0.0021   0.0000  -0.0322  -0.0823    0.384
    18  10.6786   2.8657   2.6239   0.6764   0.0040   0.2875   0.2360  -0.0020   0.0000  -0.0321  -0.0809    0.386
    19  11.5760   2.6879   2.3787   0.6224   0.0043   0.2820   0.2315  -0.0019   0.0000  -0.0318  -0.0797    0.388
    20  12.4328   2.5181   2.1010   0.5724   0.0049   0.2769   0.2273  -0.0018   0.0000  -0.0315  -0.0785    0.388
    21  13.2400   2.3582   1.8520   0.5254   0.0057   0.2714   0.2228  -0.0017   0.0000  -0.0309  -0.0770    0.389
    22  13.9941   2.2087   1.6074   0.4799   0.0069   0.2646   0.2173  -0.0017   0.0000  -0.0301  -0.0750    0.388
    23  14.6868   2.0715   1.3716   0.4345   0.0084   0.2554   0.2097  -0.0016   0.0000  -0.0288  -0.0722    0.387
    24  15.3105   1.9479   1.1479   0.3874   0.0103   0.2422   0.1989  -0.0015   0.0000  -0.0269  -0.0681    0.385
    25  15.8583   1.8393   0.9381   0.3368   0.0124   0.2230   0.1831  -0.0014   0.0000  -0.0246  -0.0625    0.384
    26  16.3244   1.7470   0.7427   0.2814   0.0149   0.1962   0.1611  -0.0013   0.0000  -0.0225  -0.0557    0.389
    27  16.6722   1.4928   0.4131   0.2231   0.0174   0.4989   0.1495  -0.0022   0.0000  -0.0176  -0.0257    0.368
    28  16.9098   1.1466   0.2292   0.1646   0.0212   0.4792   0.1436  -0.0037   0.0000  -0.0090  -0.0210    0.312
    29  17.0696   0.9138   0.1104   0.1014   0.0240   0.3703   0.1109  -0.0047   0.0000   0.0002  -0.0129    0.248
    30  17.1499   0.7967   0.0322   0.0342   0.0252   0.1435   0.0430  -0.0031   0.0000   0.0021  -0.0041    0.202

  Surface # 2     main_wing (YDUP)                        
     # Chordwise = 10   # Spanwise = 30     First strip = 31
     Surface area =   63.968842       Ave. chord =    3.715026
     CLsurf  =   0.13168     Clsurf  =   0.02273
     CYsurf  =   0.00947     Cmsurf  =  -0.11570
     CDsurf  =   0.00206     Cnsurf  =  -0.00105
     CDisurf =   0.00206     CDvsurf =   0.00000

  Forces referred to Ssurf, Cave about hinge axis thru LE
     CLsurf  =   0.25769     CDsurf  =   0.00401
     Deflect =

 Strip Forces referred to Strip Area, Chord
    j      Yle    Chord     Area     c cl      ai      cl_norm  cl       cd       cdv    cm_c/4    cm_LE  C.P.x/c
    31  -0.0114   7.7520   0.3539   2.0716   0.0547   0.3445   0.2672   0.1546   0.0000  -0.0223   0.0726    0.334
    32  -0.1025   7.6885   1.0492   1.9603   0.0540   0.3287   0.2550   0.0279   0.0000  -0.0219   0.0698    0.336
    33  -0.2837   7.5620   1.7073   1.9477   0.0525   0.3321   0.2576   0.0192   0.0000  -0.0213   0.0698    0.333
    34  -0.5530   7.3741   2.3052   1.9340   0.0502   0.3381   0.2623   0.0170   0.0000  -0.0201   0.0698    0.327
    35  -0.9075   7.1267   2.8223   1.9096   0.0474   0.3455   0.2679   0.0150   0.0000  -0.0188   0.0699    0.320
    36  -1.3432   6.8226   3.2414   1.8677   0.0450   0.3529   0.2738   0.0130   0.0000  -0.0176   0.0701    0.314
    37  -1.8554   6.4651   3.5491   1.8047   0.0441   0.3599   0.2791   0.0106   0.0000  -0.0169   0.0706    0.311
    38  -2.4386   6.0582   3.7368   1.7167   0.0419   0.3653   0.2834   0.0083   0.0000  -0.0170   0.0715    0.310
    39  -3.0862   5.6062   3.8005   1.6040   0.0344   0.3689   0.2861   0.0055   0.0000  -0.0180   0.0730    0.313
    40  -3.7613   5.1351   3.4440   1.4764   0.0251   0.3707   0.2875   0.0031   0.0000  -0.0202   0.0751    0.320
    41  -4.4532   4.6522   3.3149   1.3390   0.0158   0.3711   0.2878  -0.0000   0.0000  -0.0238   0.0781    0.333
    42  -5.1831   4.1429   3.0930   1.1932   0.0029   0.3714   0.2880  -0.0031   0.0000  -0.0288   0.0822    0.350
    43  -6.0123   3.7903   3.4706   1.0579  -0.0046   0.3399   0.2791  -0.0040   0.0000  -0.0319   0.0904    0.364
    44  -6.9353   3.6075   3.3775   0.9576  -0.0010   0.3233   0.2655  -0.0031   0.0000  -0.0324   0.0878    0.372
    45  -7.8737   3.4215   3.2389   0.8736   0.0015   0.3110   0.2553  -0.0026   0.0000  -0.0325   0.0856    0.377
    46  -8.8172   3.2345   3.0619   0.8005   0.0029   0.3014   0.2475  -0.0023   0.0000  -0.0324   0.0838    0.381
    47  -9.7556   3.0486   2.8543   0.7353   0.0036   0.2938   0.2412  -0.0021   0.0000  -0.0322   0.0823    0.384
    48 -10.6786   2.8657   2.6239   0.6764   0.0040   0.2875   0.2360  -0.0020   0.0000  -0.0321   0.0809    0.386
    49 -11.5760   2.6879   2.3787   0.6224   0.0043   0.2820   0.2315  -0.0019   0.0000  -0.0318   0.0797    0.388
    50 -12.4328   2.5181   2.1010   0.5724   0.0049   0.2769   0.2273  -0.0018   0.0000  -0.0315   0.0785    0.388
    51 -13.2400   2.3582   1.8520   0.5254   0.0057   0.2714   0.2228  -0.0017   0.0000  -0.0309   0.0770    0.389
    52 -13.9941   2.2087   1.6074   0.4799   0.0069   0.2646   0.2173  -0.0017   0.0000  -0.0301   0.0750    0.388
    53 -14.6868   2.0715   1.3716   0.4345   0.0084   0.2554   0.2097  -0.0016   0.0000  -0.0288   0.0722    0.387
    54 -15.3105   1.9479   1.1479   0.3874   0.0103   0.2422   0.1989  -0.0015   0.0000  -0.0269   0.0681    0.385
    55 -15.8583   1.8393   0.9381   0.3368   0.0124   0.2230   0.1831  -0.0014   0.0000  -0.0246   0.0625    0.384
    56 -16.3244   1.7470   0.7427   0.2814   0.0149   0.1962   0.1611  -0.0013   0.0000  -0.0225   0.0557    0.389
    57 -16.6722   1.4928   0.4131   0.2231   0.0174   0.4989   0.1495  -0.0022   0.0000  -0.0176   0.0257    0.368
    58 -16.9098   1.1466   0.2292   0.1646   0.0212   0.4792   0.1436  -0.0037   0.0000  -0.0090   0.0210    0.312
    59 -17.0696   0.9138   0.1104   0.1014   0.0240   0.3703   0.1109  -0.0047   0.0000   0.0002   0.0129    0.248
    60 -17.1499   0.7967   0.0322   0.0342   0.0252   0.1435   0.0430  -0.0031   0.0000   0.0021   0.0041    0.202

  Surface # 3     horizontal_stabilizer                   
     # Chordwise = 10   # Spanwise = 30     First strip = 61
     Surface area =   20.301462       Ave. chord =    2.826986
     CLsurf  =  -0.01832     Clsurf  =   0.00169
     CYsurf  =   0.00303     Cmsurf  =   0.09103
     CDsurf  =  -0.00027     Cnsurf  =  -0.00189
     CDisurf =  -0.00027     CDvsurf =   0.00000

  Forces referred to Ssurf, Cave about hinge axis thru LE
     CLsurf  =  -0.11423     CDsurf  =  -0.00167
     Deflect =

 Strip Forces referred to Strip Area, Chord
    j      Yle    Chord     Area     c cl      ai      cl_norm  cl       cd       cdv    cm_c/4    cm_LE  C.P.x/c
    61   0.0046   4.6976   0.0871  -0.3920   0.0138  -0.1362  -0.0834   0.0360   0.0000   0.0095   0.0223    0.363
    62   0.0412   4.6783   0.2592  -0.4426   0.0131  -0.1545  -0.0946   0.0024   0.0000   0.0102   0.0248    0.357
    63   0.1140   4.6399   0.4254  -0.4468   0.0122  -0.1572  -0.0963   0.0000   0.0000   0.0100   0.0250    0.354
    64   0.2222   4.5828   0.5818  -0.4483   0.0114  -0.1597  -0.0978  -0.0005   0.0000   0.0094   0.0249    0.347
    65   0.3647   4.5076   0.7249  -0.4489   0.0107  -0.1626  -0.0996  -0.0006   0.0000   0.0086   0.0246    0.337
    66   0.5398   4.4152   0.8518  -0.4490   0.0100  -0.1660  -0.1017  -0.0008   0.0000   0.0076   0.0243    0.325
    67   0.7511   4.3037   1.0088  -0.4483   0.0095  -0.1701  -0.1042  -0.0010   0.0000   0.0066   0.0239    0.313
    68   0.9975   4.1737   1.0993  -0.4465   0.0093  -0.1746  -0.1070  -0.0012   0.0000   0.0055   0.0237    0.301
    69   1.2712   4.0294   1.1663  -0.4429   0.0096  -0.1794  -0.1099  -0.0014   0.0000   0.0045   0.0235    0.291
    70   1.5691   3.8722   1.2096  -0.4372   0.0105  -0.1843  -0.1129  -0.0016   0.0000   0.0036   0.0233    0.282
    71   1.8880   3.7039   1.2292  -0.4290   0.0116  -0.1891  -0.1158  -0.0018   0.0000   0.0027   0.0233    0.274
    72   2.2244   3.5264   1.2262  -0.4181   0.0121  -0.1936  -0.1186  -0.0020   0.0000   0.0020   0.0232    0.267
    73   2.5747   3.3417   1.2022  -0.4043   0.0120  -0.1975  -0.1210  -0.0022   0.0000   0.0014   0.0232    0.262
    74   2.9349   3.1516   1.1594  -0.3878   0.0113  -0.2009  -0.1230  -0.0023   0.0000   0.0009   0.0232    0.257
    75   3.3011   2.9584   1.1004  -0.3686   0.0104  -0.2034  -0.1246  -0.0025   0.0000   0.0005   0.0232    0.254
    76   3.6693   2.7641   1.0281  -0.3475   0.0094  -0.2052  -0.1257  -0.0026   0.0000   0.0002   0.0232    0.251
    77   4.0356   2.5709   0.9458  -0.3246   0.0085  -0.2061  -0.1263  -0.0026   0.0000  -0.0001   0.0231    0.249
    78   4.3958   2.3809   0.8566  -0.3009   0.0076  -0.2063  -0.1264  -0.0026   0.0000  -0.0003   0.0230    0.248
    79   4.7460   2.1961   0.7636  -0.2768   0.0068  -0.2058  -0.1260  -0.0026   0.0000  -0.0005   0.0227    0.246
    80   5.0824   2.0186   0.6699  -0.2526   0.0061  -0.2043  -0.1252  -0.0026   0.0000  -0.0008   0.0224    0.243
    81   5.4013   1.8503   0.5780  -0.2288   0.0053  -0.2019  -0.1237  -0.0026   0.0000  -0.0012   0.0218    0.240
    82   5.6992   1.6932   0.4901  -0.2056   0.0045  -0.1982  -0.1214  -0.0026   0.0000  -0.0018   0.0209    0.235
    83   5.9729   1.5488   0.4079  -0.1828   0.0037  -0.1926  -0.1180  -0.0026   0.0000  -0.0027   0.0196    0.227
    84   6.2193   1.4188   0.3326  -0.1604   0.0029  -0.1846  -0.1131  -0.0025   0.0000  -0.0040   0.0178    0.215
    85   6.4358   1.3046   0.2646  -0.1382   0.0022  -0.1729  -0.1059  -0.0025   0.0000  -0.0054   0.0154    0.199
    86   6.6379   1.1979   0.2441  -0.1148   0.0016  -0.1565  -0.0958  -0.0024   0.0000  -0.0070   0.0125    0.177
    87   6.8184   1.1027   0.1774  -0.0897   0.0011  -0.1328  -0.0813  -0.0022   0.0000  -0.0083   0.0089    0.148
    88   6.9555   1.0303   0.1197  -0.0642   0.0008  -0.1017  -0.0623  -0.0020   0.0000  -0.0083   0.0054    0.117
    89   7.0478   0.9816   0.0689  -0.0386   0.0007  -0.0642  -0.0393  -0.0016   0.0000  -0.0063   0.0026    0.089
    90   7.0942   0.9572   0.0225  -0.0129   0.0006  -0.0219  -0.0134  -0.0009   0.0000  -0.0024   0.0007    0.073

  Surface # 4     horizontal_stabilizer (YDUP)            
     # Chordwise = 10   # Spanwise = 30     First strip = 91
     Surface area =   20.301462       Ave. chord =    2.826986
     CLsurf  =  -0.01832     Clsurf  =  -0.00169
     CYsurf  =  -0.00303     Cmsurf  =   0.09103
     CDsurf  =  -0.00027     Cnsurf  =   0.00189
     CDisurf =  -0.00027     CDvsurf =   0.00000

  Forces referred to Ssurf, Cave about hinge axis thru LE
     CLsurf  =  -0.11423     CDsurf  =  -0.00167
     Deflect =

 Strip Forces referred to Strip Area, Chord
    j      Yle    Chord     Area     c cl      ai      cl_norm  cl       cd       cdv    cm_c/4    cm_LE  C.P.x/c
    91  -0.0046   4.6976   0.0871  -0.3920   0.0138  -0.1362  -0.0834   0.0360   0.0000   0.0095  -0.0223    0.363
    92  -0.0412   4.6783   0.2592  -0.4426   0.0131  -0.1545  -0.0946   0.0024   0.0000   0.0102  -0.0248    0.357
    93  -0.1140   4.6399   0.4254  -0.4468   0.0122  -0.1572  -0.0963   0.0000   0.0000   0.0100  -0.0250    0.354
    94  -0.2222   4.5828   0.5818  -0.4483   0.0114  -0.1597  -0.0978  -0.0005   0.0000   0.0094  -0.0249    0.347
    95  -0.3647   4.5076   0.7249  -0.4489   0.0107  -0.1626  -0.0996  -0.0006   0.0000   0.0086  -0.0246    0.337
    96  -0.5398   4.4152   0.8518  -0.4490   0.0100  -0.1660  -0.1017  -0.0008   0.0000   0.0076  -0.0243    0.325
    97  -0.7511   4.3037   1.0088  -0.4483   0.0095  -0.1701  -0.1042  -0.0010   0.0000   0.0066  -0.0239    0.313
    98  -0.9975   4.1737   1.0993  -0.4465   0.0093  -0.1746  -0.1070  -0.0012   0.0000   0.0055  -0.0237    0.301
    99  -1.2712   4.0294   1.1663  -0.4429   0.0096  -0.1794  -0.1099  -0.0014   0.0000   0.0045  -0.0235    0.291
   100  -1.5691   3.8722   1.2096  -0.4372   0.0105  -0.1843  -0.1129  -0.0016   0.0000   0.0036  -0.0233    0.282
   101  -1.8880   3.7039   1.2292  -0.4290   0.0116  -0.1891  -0.1158  -0.0018   0.0000   0.0027  -0.0233    0.274
   102  -2.2244   3.5264   1.2262  -0.4181   0.0121  -0.1936  -0.1186  -0.0020   0.0000   0.0020  -0.0232    0.267
   103  -2.5747   3.3417   1.2022  -0.4043   0.0120  -0.1975  -0.1210  -0.0022   0.0000   0.0014  -0.0232    0.262
   104  -2.9349   3.1516   1.1594  -0.3878   0.0113  -0.2009  -0.1230  -0.0023   0.0000   0.0009  -0.0232    0.257
   105  -3.3011   2.9584   1.1004  -0.3686   0.0104  -0.2034  -0.1246  -0.0025   0.0000   0.0005  -0.0232    0.254
   106  -3.6693   2.7641   1.0281  -0.3475   0.0094  -0.2052  -0.1257  -0.0025   0.0000   0.0002  -0.0232    0.251
   107  -4.0356   2.5709   0.9458  -0.3246   0.0085  -0.2061  -0.1263  -0.0026   0.0000  -0.0001  -0.0231    0.249
   108  -4.3958   2.3809   0.8566  -0.3009   0.0076  -0.2063  -0.1264  -0.0026   0.0000  -0.0003  -0.0230    0.248
   109  -4.7460   2.1961   0.7636  -0.2767   0.0068  -0.2057  -0.1260  -0.0027   0.0000  -0.0005  -0.0227    0.246
   110  -5.0824   2.0186   0.6699  -0.2526   0.0061  -0.2043  -0.1252  -0.0026   0.0000  -0.0008  -0.0224    0.243
   111  -5.4013   1.8503   0.5780  -0.2289   0.0053  -0.2019  -0.1237  -0.0026   0.0000  -0.0012  -0.0218    0.240
   112  -5.6992   1.6932   0.4901  -0.2056   0.0045  -0.1982  -0.1214  -0.0026   0.0000  -0.0018  -0.0209    0.235
   113  -5.9729   1.5488   0.4079  -0.1828   0.0037  -0.1927  -0.1180  -0.0026   0.0000  -0.0027  -0.0196    0.227
   114  -6.2193   1.4188   0.3326  -0.1604   0.0029  -0.1846  -0.1131  -0.0025   0.0000  -0.0040  -0.0178    0.215
   115  -6.4358   1.3046   0.2646  -0.1382   0.0022  -0.1729  -0.1059  -0.0025   0.0000  -0.0054  -0.0154    0.199
   116  -6.6379   1.1979   0.2441  -0.1148   0.0016  -0.1565  -0.0959  -0.0023   0.0000  -0.0070  -0.0125    0.177
   117  -6.8184   1.1027   0.1774  -0.0897   0.0011  -0.1328  -0.0813  -0.0022   0.0000  -0.0083  -0.0089    0.148
   118  -6.9555   1.0303   0.1197  -0.0642   0.0008  -0.1017  -0.0623  -0.0020   0.0000  -0.0083  -0.0054    0.117
   119  -7.0478   0.9816   0.0689  -0.0386   0.0007  -0.0642  -0.0393  -0.0016   0.0000  -0.0063  -0.0026    0.089
   120  -7.0942   0.9572   0.0225  -0.0129   0.0006  -0.0219  -0.0134  -0.0009   0.0000  -0.0024  -0.0007    0.073

  Surface # 5     vertical_stabilizer                     
     # Chordwise = 10   # Spanwise = 30     First strip =121
     Surface area =   27.879848       Ave. chord =    3.584910
     CLsurf  =  -0.00000     Clsurf  =  -0.00000
     CYsurf  =  -0.00000     Cmsurf  =   0.00000
     CDsurf  =   0.00000     Cnsurf  =   0.00000
     CDisurf =   0.00000     CDvsurf =   0.00000

  Forces referred to Ssurf, Cave about hinge axis thru LE
     CLsurf  =   0.00000     CDsurf  =   0.00000
     Deflect =

 Strip Forces referred to Strip Area, Chord
    j      Yle    Chord     Area     c cl      ai      cl_norm  cl       cd       cdv    cm_c/4    cm_LE  C.P.x/c
   121   0.0000   8.1257   0.4979   0.0000   0.0000   0.0000   0.0000   0.0000   0.0000  -0.0000  -0.0000    0.460
   122   0.0000   7.9240   0.7938   0.0000  -0.0000   0.0000   0.0000  -0.0000   0.0000  -0.0000  -0.0000    0.451
   123   0.0000   7.6259   1.0549   0.0000   0.0000   0.0000   0.0000   0.0000   0.0000  -0.0000  -0.0000    0.523
   124   0.0000   7.2338   1.2682   0.0000  -0.0000   0.0000   0.0000   0.0000   0.0000  -0.0000  -0.0000    0.560
   125   0.0000   6.7513   1.4225   0.0000  -0.0000   0.0000   0.0000  -0.0000   0.0000  -0.0000  -0.0000    0.529
   126   0.0000   6.1827   1.5094   0.0000  -0.0000   0.0000   0.0000   0.0000   0.0000  -0.0000  -0.0000    0.291
   127   0.0000   5.5335   1.5228   0.0000   0.0000   0.0000   0.0000   0.0000   0.0000   0.0000  -0.0000    0.141
   128   0.0000   4.8100   1.4602   0.0000  -0.0000   0.0000   0.0000   0.0000   0.0000   0.0000  -0.0000    0.024
   129   0.0000   4.3477   1.3899   0.0000   0.0000   0.0000   0.0000   0.0000   0.0000  -0.0000  -0.0000    0.309
   130   0.0000   4.1900   1.4293   0.0000  -0.0000   0.0000   0.0000   0.0000   0.0000  -0.0000  -0.0000    0.288
   131   0.0000   4.0228   1.4447   0.0000   0.0000   0.0000   0.0000   0.0000   0.0000  -0.0000  -0.0000    0.274
   132   0.0000   3.8479   1.4371   0.0000  -0.0000   0.0000   0.0000  -0.0000   0.0000   0.0000  -0.0000    0.221
   133   0.0000   3.6670   1.4082   0.0000   0.0000   0.0000   0.0000  -0.0000   0.0000  -0.0000  -0.0000    0.365
   134   0.0000   3.4821   1.3602   0.0000   0.0000   0.0000   0.0000   0.0000   0.0000  -0.0000  -0.0000    0.321
   135   0.0000   3.2949   1.2955   0.0000   0.0000   0.0000   0.0000  -0.0000   0.0000  -0.0000  -0.0000    0.272
   136   0.0000   3.1075   1.2172   0.0000   0.0000   0.0000   0.0000  -0.0000   0.0000   0.0000  -0.0000    0.244
   137   0.0000   2.9218   1.1282   0.0000   0.0000   0.0000   0.0000   0.0000   0.0000  -0.0000  -0.0000    0.372
   138   0.0000   2.7397   1.0316   0.0000  -0.0000   0.0000   0.0000   0.0000   0.0000   0.0000   0.0000   -0.098
   139   0.0000   2.5631   0.9305   0.0000   0.0000   0.0000   0.0000   0.0000   0.0000  -0.0000  -0.0000    0.401
   140   0.0000   2.3939   0.8277   0.0000   0.0000   0.0000   0.0000   0.0000   0.0000   0.0000  -0.0000    0.125
   141   0.0000   2.2337   0.7257   0.0000  -0.0000   0.0000   0.0000  -0.0000   0.0000   0.0000   0.0000
   142   0.0000   2.0844   0.6265   0.0000   0.0000   0.0000   0.0000  -0.0000   0.0000   0.0000   0.0000   -0.034
   143   0.0000   1.9474   0.5319   0.0000  -0.0000   0.0000   0.0000   0.0000   0.0000   0.0000   0.0000
   144   0.0000   1.8243   0.4429   0.0000  -0.0000   0.0000   0.0000  -0.0000   0.0000   0.0000   0.0000
   145   0.0000   1.7162   0.3603   0.0000   0.0000   0.0000   0.0000   0.0000   0.0000   0.0000   0.0000   -0.133
   146   0.0000   1.6243   0.2840   0.0000  -0.0000   0.0000   0.0000  -0.0000   0.0000   0.0000   0.0000
   147   0.0000   1.5496   0.2138   0.0000  -0.0000   0.0000   0.0000  -0.0000   0.0000   0.0000   0.0000
   148   0.0000   1.4929   0.1487   0.0000  -0.0000   0.0000   0.0000  -0.0000   0.0000   0.0000   0.0000   -0.717
   149   0.0000   1.4548   0.0875   0.0000   0.0000   0.0000   0.0000  -0.0000   0.0000   0.0000  -0.0000    0.220
   150   0.0000   1.4356   0.0289   0.0000  -0.0000   0.0000   0.0000  -0.0000   0.0000   0.0000  -0.0000    0.109

  Surface # 6     fuselage_horizontal                     
     # Chordwise = 10   # Spanwise = 10     First strip =151
     Surface area =  123.841194       Ave. chord =   33.112621
     CLsurf  =  -0.00538     Clsurf  =  -0.00000
     CYsurf  =   0.00000     Cmsurf  =  -0.00612
     CDsurf  =   0.00003     Cnsurf  =  -0.00000
     CDisurf =   0.00003     CDvsurf =   0.00000

  Forces referred to Ssurf, Cave about hinge axis thru LE
     CLsurf  =  -0.00543     CDsurf  =   0.00003
     Deflect =

 Strip Forces referred to Strip Area, Chord
    j      Yle    Chord     Area     c cl      ai      cl_norm  cl       cd       cdv    cm_c/4    cm_LE  C.P.x/c
   151  -1.6830  26.5957   9.9468  -0.1436  -0.0096  -0.0681  -0.0054  -0.0002   0.0000   0.0007   0.0003    0.376
   152  -1.3090  31.2096  11.6724  -0.1891  -0.0070  -0.0236  -0.0061  -0.0000   0.0000   0.0006   0.0005    0.344
   153  -0.9350  34.0626  12.7394  -0.1916   0.0115  -0.0138  -0.0056   0.0001   0.0000   0.0000   0.0005    0.258
   154  -0.5610  36.1619  13.5246  -0.1883   0.0207  -0.0087  -0.0052   0.0001   0.0000  -0.0003   0.0005    0.197
   155  -0.1870  37.5332  14.0374  -0.1861   0.0242  -0.0058  -0.0050   0.0001   0.0000  -0.0004   0.0006    0.166
   156   0.1870  37.5332  14.0374  -0.1861   0.0242  -0.0058  -0.0050   0.0001   0.0000  -0.0004   0.0006    0.166
   157   0.5610  36.1619  13.5246  -0.1883   0.0207  -0.0087  -0.0052   0.0001   0.0000  -0.0003   0.0005    0.197
   158   0.9350  34.0626  12.7394  -0.1916   0.0115  -0.0138  -0.0056   0.0001   0.0000   0.0000   0.0005    0.258
   159   1.3090  31.2096  11.6724  -0.1891  -0.0070  -0.0236  -0.0061  -0.0000   0.0000   0.0006   0.0005    0.344
   160   1.6830  26.5957   9.9468  -0.1436  -0.0096  -0.0681  -0.0054  -0.0002   0.0000   0.0007   0.0003    0.376

  Surface # 7     fuselage_vertical                       
     # Chordwise = 10   # Spanwise = 10     First strip =161
     Surface area =  123.841194       Ave. chord =   33.112621
     CLsurf  =   0.00000     Clsurf  =  -0.00000
     CYsurf  =   0.00000     Cmsurf  =  -0.00000
     CDsurf  =  -0.00000     Cnsurf  =  -0.00000
     CDisurf =  -0.00000     CDvsurf =   0.00000

  Forces referred to Ssurf, Cave about hinge axis thru LE
     CLsurf  =  -0.00000     CDsurf  =  -0.00000
     Deflect =

 Strip Forces referred to Strip Area, Chord
    j      Yle    Chord     Area     c cl      ai      cl_norm  cl       cd       cdv    cm_c/4    cm_LE  C.P.x/c
   161   0.0000  26.5957   9.9468  -0.0000  -0.0000  -0.0000  -0.0000  -0.0000   0.0000   0.0000   0.0000    1.264
   162   0.0000  31.2096  11.6724  -0.0000  -0.0000  -0.0000  -0.0000  -0.0000   0.0000   0.0000   0.0000    1.007
   163   0.0000  34.0626  12.7394  -0.0000  -0.0000  -0.0000  -0.0000  -0.0000   0.0000   0.0000   0.0000    1.078
   164   0.0000  36.1619  13.5246   0.0000   0.0000   0.0000   0.0000   0.0000   0.0000  -0.0000  -0.0000    0.612
   165   0.0000  37.5332  14.0374  -0.0000  -0.0000  -0.0000  -0.0000   0.0000   0.0000   0.0000   0.0000    1.231
   166   0.0000  37.5332  14.0374  -0.0000   0.0000  -0.0000  -0.0000   0.0000   0.0000   0.0000   0.0000    1.281
   167   0.0000  36.1619  13.5246  -0.0000   0.0000  -0.0000  -0.0000   0.0000   0.0000   0.0000   0.0000
   168   0.0000  34.0626  12.7394  -0.0000   0.0000  -0.0000  -0.0000   0.0000   0.0000   0.0000   0.0000
   169   0.0000  31.2096  11.6724   0.0000   0.0000   0.0000   0.0000  -0.0000   0.0000  -0.0000  -0.0000    0.604
   170   0.0000  26.5957   9.9468   0.0000  -0.0000   0.0000   0.0000  -0.0000   0.0000  -0.0000  -0.0000    0.434
 ---------------------------------------------------------------
