 ---------------------------------------------------------------
 Surface and Strip Forces by surface

  Forces referred to Sref, Cref, Bref about Xref, Yref, Zref
 Standard axis orientation,  X fwd, Z down         

  Surface # 1     main_wing                               
     # Chordwise = 10   # Spanwise = 20     First strip =  1
     Surface area =   63.790974       Ave. chord =    3.717419
     CLsurf  =  -2.42259     Clsurf  =   0.53640
     CYsurf  =   0.04427     Cmsurf  =   0.41094
     CDsurf  =   0.23027     Cnsurf  =   0.12415
     CDisurf =   0.23027     CDvsurf =   0.00000

  Forces referred to Ssurf, Cave about hinge axis thru LE
     CLsurf  =  -4.74198     CDsurf  =   0.45071
     Deflect =

 Strip Forces referred to Strip Area, Chord
    j      Yle    Chord     Area     c cl      ai      cl_norm  cl       cd       cdv    cm_c/4    cm_LE  C.P.x/c
     1   0.0271   7.7411   0.8376 -20.9876  -0.7190  -2.7114  -2.7112 -33.0471   0.0000   1.2342   1.8807    0.705
     2   0.2428   7.5905   2.4436 -22.1299  -0.5902  -2.9157  -2.9155  -2.5116   0.0000   1.2827   1.9787    0.690
     3   0.6690   7.2932   3.8488 -21.7251  -0.3999  -2.9791  -2.9788  -0.3942   0.0000   1.2506   1.9627    0.670
     4   1.2950   6.8563   4.9402 -20.9035  -0.1663  -3.0491  -3.0488   0.1199   0.0000   1.0984   1.8302    0.610
     5   2.1056   6.2906   5.6339 -19.6958   0.0754  -3.1313  -3.1310   0.3987   0.0000   0.7707   1.5280    0.496
     6   3.0065   5.6619   5.0672 -18.9198   0.1484  -3.3419  -3.3416   0.8709   0.0000   0.4225   1.2374    0.376
     7   3.9586   4.9974   5.0150 -19.3580  -0.0301  -3.8740  -3.8736   1.0117   0.0000   0.2159   1.1649    0.306
     8   5.0073   4.2656   4.6382 -20.2027  -0.2465  -4.7366  -4.7362   1.5467   0.0000   0.0662   1.2298    0.264
     9   6.1989   3.7534   4.8429 -20.9822  -0.4233  -5.5906  -5.5902   1.7673   0.0000  -0.0187   1.3766    0.247
    10   7.5095   3.4937   4.6216 -20.8806  -0.4637  -5.9771  -5.9767   1.5787   0.0000  -0.0259   1.4659    0.246
    11   8.8364   3.2307   4.2738 -20.1945  -0.4525  -6.2511  -6.2508   1.4397   0.0000  -0.0219   1.5383    0.246
    12  10.1470   2.9710   3.8335 -19.1223  -0.4229  -6.4366  -6.4362   1.3297   0.0000  -0.0173   1.5892    0.247
    13  11.4090   2.7210   3.3357 -17.7956  -0.3985  -6.5406  -6.5402   1.2590   0.0000  -0.0170   1.6154    0.247
    14  12.6340   2.4782   3.0105 -16.2673  -0.3881  -6.5645  -6.5641   1.2223   0.0000  -0.0189   1.6195    0.247
    15  13.7866   2.2498   2.4374 -14.5651  -0.3993  -6.4743  -6.4739   1.2331   0.0000  -0.0260   1.5899    0.246
    16  14.7941   2.0502   1.8970 -12.7248  -0.4410  -6.2070  -6.2066   1.3009   0.0000  -0.0413   1.5078    0.243
    17  15.6315   1.8843   1.4027 -10.6979  -0.5185  -5.6779  -5.6775   1.4076   0.0000  -0.0691   1.3481    0.238
    18  16.2783   1.7561   0.9575  -8.3798  -0.6269  -4.7722  -4.7719   1.5106   0.0000  -0.1061   1.0851    0.228
    19  16.8016   1.3043   0.6198  -5.4210  -0.5760  -4.1578  -4.1563   1.0719   0.0000  -0.1619   0.8196    0.211
    20  17.1200   0.8402   0.1342  -1.8277  -0.5276  -2.1760  -2.1752   0.3215   0.0000  -0.1560   0.3623    0.178

  Surface # 2     main_wing (YDUP)                        
     # Chordwise = 10   # Spanwise = 20     First strip = 21
     Surface area =   63.790974       Ave. chord =    3.717419
     CLsurf  =  -2.42258     Clsurf  =  -0.53640
     CYsurf  =  -0.04427     Cmsurf  =   0.41094
     CDsurf  =   0.23026     Cnsurf  =  -0.12415
     CDisurf =   0.23026     CDvsurf =   0.00000

  Forces referred to Ssurf, Cave about hinge axis thru LE
     CLsurf  =  -4.74197     CDsurf  =   0.45071
     Deflect =

 Strip Forces referred to Strip Area, Chord
    j      Yle    Chord     Area     c cl      ai      cl_norm  cl       cd       cdv    cm_c/4    cm_LE  C.P.x/c
    21  -0.0271   7.7411   0.8376 -20.9875  -0.7189  -2.7114  -2.7112 -33.0469   0.0000   1.2342  -1.8807    0.705
    22  -0.2428   7.5905   2.4436 -22.1298  -0.5902  -2.9157  -2.9154  -2.5115   0.0000   1.2827  -1.9787    0.690
    23  -0.6690   7.2932   3.8488 -21.7250  -0.3999  -2.9791  -2.9788  -0.3943   0.0000   1.2506  -1.9627    0.670
    24  -1.2950   6.8563   4.9402 -20.9034  -0.1663  -3.0491  -3.0488   0.1199   0.0000   1.0984  -1.8302    0.610
    25  -2.1056   6.2906   5.6339 -19.6958   0.0754  -3.1313  -3.1310   0.3987   0.0000   0.7707  -1.5280    0.496
    26  -3.0065   5.6619   5.0672 -18.9197   0.1484  -3.3419  -3.3416   0.8709   0.0000   0.4225  -1.2374    0.376
    27  -3.9586   4.9974   5.0150 -19.3580  -0.0301  -3.8740  -3.8736   1.0117   0.0000   0.2159  -1.1649    0.306
    28  -5.0073   4.2656   4.6382 -20.2027  -0.2465  -4.7366  -4.7362   1.5467   0.0000   0.0662  -1.2298    0.264
    29  -6.1989   3.7534   4.8429 -20.9821  -0.4233  -5.5906  -5.5902   1.7673   0.0000  -0.0187  -1.3766    0.247
    30  -7.5095   3.4937   4.6216 -20.8806  -0.4637  -5.9771  -5.9767   1.5787   0.0000  -0.0259  -1.4658    0.246
    31  -8.8364   3.2307   4.2738 -20.1945  -0.4525  -6.2511  -6.2507   1.4397   0.0000  -0.0219  -1.5383    0.246
    32 -10.1470   2.9710   3.8335 -19.1223  -0.4229  -6.4366  -6.4362   1.3297   0.0000  -0.0173  -1.5892    0.247
    33 -11.4090   2.7210   3.3357 -17.7955  -0.3985  -6.5406  -6.5401   1.2590   0.0000  -0.0170  -1.6154    0.247
    34 -12.6340   2.4782   3.0105 -16.2672  -0.3881  -6.5645  -6.5641   1.2223   0.0000  -0.0189  -1.6195    0.247
    35 -13.7866   2.2498   2.4374 -14.5650  -0.3993  -6.4742  -6.4738   1.2331   0.0000  -0.0260  -1.5899    0.246
    36 -14.7941   2.0502   1.8970 -12.7247  -0.4410  -6.2070  -6.2066   1.3009   0.0000  -0.0413  -1.5078    0.243
    37 -15.6315   1.8843   1.4027 -10.6979  -0.5185  -5.6778  -5.6775   1.4076   0.0000  -0.0691  -1.3481    0.238
    38 -16.2783   1.7561   0.9575  -8.3798  -0.6269  -4.7721  -4.7718   1.5105   0.0000  -0.1061  -1.0851    0.228
    39 -16.8016   1.3043   0.6198  -5.4210  -0.5760  -4.1578  -4.1563   1.0719   0.0000  -0.1619  -0.8196    0.211
    40 -17.1200   0.8402   0.1342  -1.8277  -0.5276  -2.1760  -2.1752   0.3215   0.0000  -0.1560  -0.3623    0.178

  Surface # 3     horizontal_stabilizer                   
     # Chordwise = 10   # Spanwise = 20     First strip = 41
     Surface area =   20.072786       Ave. chord =    2.827143
     CLsurf  =   0.14703     Clsurf  =  -0.01318
     CYsurf  =   0.00287     Cmsurf  =  -0.65846
     CDsurf  =  -0.02584     Cnsurf  =  -0.00418
     CDisurf =  -0.02584     CDvsurf =   0.00000

  Forces referred to Ssurf, Cave about hinge axis thru LE
     CLsurf  =   0.91454     CDsurf  =  -0.16076
     Deflect =

 Strip Forces referred to Strip Area, Chord
    j      Yle    Chord     Area     c cl      ai      cl_norm  cl       cd       cdv    cm_c/4    cm_LE  C.P.x/c
    41   0.0103   4.6946   0.1934   3.1966  -0.0748   0.6810   0.6809  -0.0133   0.0000   0.0103  -0.1583    0.235
    42   0.0924   4.6512   0.5701   3.1819  -0.0777   0.6842   0.6841  -0.0755   0.0000   0.0104  -0.1590    0.235
    43   0.2547   4.5656   0.9173   3.1762  -0.0799   0.6958   0.6957  -0.0835   0.0000   0.0109  -0.1613    0.234
    44   0.4930   4.4399   1.2180   3.1645  -0.0794   0.7128   0.7127  -0.0919   0.0000   0.0115  -0.1650    0.234
    45   0.8160   4.2695   1.5847   3.1428  -0.0765   0.7362   0.7361  -0.0992   0.0000   0.0121  -0.1702    0.234
    46   1.2202   4.0563   1.7628   3.1082  -0.0772   0.7664   0.7663  -0.1076   0.0000   0.0126  -0.1771    0.234
    47   1.6825   3.8123   1.8577   3.0596  -0.0916   0.8027   0.8026  -0.1177   0.0000   0.0130  -0.1857    0.234
    48   2.1917   3.5437   1.8711   2.9996  -0.1116   0.8466   0.8465  -0.1322   0.0000   0.0134  -0.1962    0.234
    49   2.7353   3.2569   1.8099   2.9241  -0.1170   0.8980   0.8978  -0.1427   0.0000   0.0142  -0.2081    0.234
    50   3.2997   2.9591   1.6859   2.8431  -0.1125   0.9609   0.9608  -0.1650   0.0000   0.0154  -0.2226    0.234
    51   3.8713   2.6576   1.5141   2.7460  -0.1086   1.0334   1.0333  -0.1936   0.0000   0.0172  -0.2387    0.233
    52   4.4357   2.3597   1.3114   2.6246  -0.1085   1.1124   1.1122  -0.2228   0.0000   0.0193  -0.2561    0.233
    53   4.9793   2.0730   1.0945   2.4661  -0.1118   1.1898   1.1896  -0.2621   0.0000   0.0217  -0.2729    0.232
    54   5.4885   1.8043   0.8792   2.2574  -0.1169   1.2513   1.2511  -0.2960   0.0000   0.0241  -0.2858    0.231
    55   5.9508   1.5604   0.6781   1.9947  -0.1210   1.2785   1.2783  -0.3117   0.0000   0.0271  -0.2895    0.229
    56   6.3550   1.3472   0.5000   1.6813  -0.1208   1.2482   1.2480  -0.3136   0.0000   0.0316  -0.2775    0.225
    57   6.6617   1.1853   0.2890   1.3388  -0.1144   1.1296   1.1294  -0.2839   0.0000   0.0377  -0.2422    0.217
    58   6.8736   1.0735   0.1917   0.9875  -0.1031   0.9200   0.9199  -0.2281   0.0000   0.0415  -0.1866    0.205
    59   7.0178   0.9975   0.1087   0.6077  -0.0900   0.6094   0.6093  -0.1405   0.0000   0.0368  -0.1144    0.190
    60   7.0908   0.9589   0.0351   0.2057  -0.0790   0.2145   0.2145  -0.0452   0.0000   0.0158  -0.0374    0.176

  Surface # 4     horizontal_stabilizer (YDUP)            
     # Chordwise = 10   # Spanwise = 20     First strip = 61
     Surface area =   20.072786       Ave. chord =    2.827143
     CLsurf  =   0.14703     Clsurf  =   0.01318
     CYsurf  =  -0.00287     Cmsurf  =  -0.65845
     CDsurf  =  -0.02584     Cnsurf  =   0.00418
     CDisurf =  -0.02584     CDvsurf =   0.00000

  Forces referred to Ssurf, Cave about hinge axis thru LE
     CLsurf  =   0.91454     CDsurf  =  -0.16075
     Deflect =

 Strip Forces referred to Strip Area, Chord
    j      Yle    Chord     Area     c cl      ai      cl_norm  cl       cd       cdv    cm_c/4    cm_LE  C.P.x/c
    61  -0.0103   4.6946   0.1934   3.1966  -0.0748   0.6810   0.6809  -0.0133   0.0000   0.0103   0.1583    0.235
    62  -0.0924   4.6512   0.5701   3.1819  -0.0777   0.6842   0.6841  -0.0755   0.0000   0.0104   0.1590    0.235
    63  -0.2547   4.5656   0.9173   3.1762  -0.0799   0.6958   0.6957  -0.0835   0.0000   0.0109   0.1613    0.234
    64  -0.4930   4.4399   1.2180   3.1645  -0.0795   0.7128   0.7127  -0.0919   0.0000   0.0115   0.1650    0.234
    65  -0.8160   4.2695   1.5847   3.1427  -0.0765   0.7362   0.7361  -0.0992   0.0000   0.0121   0.1702    0.234
    66  -1.2202   4.0563   1.7628   3.1082  -0.0772   0.7664   0.7663  -0.1076   0.0000   0.0126   0.1771    0.234
    67  -1.6825   3.8123   1.8577   3.0596  -0.0916   0.8027   0.8026  -0.1177   0.0000   0.0130   0.1857    0.234
    68  -2.1917   3.5437   1.8711   2.9996  -0.1116   0.8466   0.8465  -0.1322   0.0000   0.0134   0.1962    0.234
    69  -2.7353   3.2569   1.8099   2.9241  -0.1170   0.8980   0.8978  -0.1427   0.0000   0.0142   0.2081    0.234
    70  -3.2997   2.9591   1.6859   2.8431  -0.1125   0.9609   0.9608  -0.1650   0.0000   0.0154   0.2226    0.234
    71  -3.8713   2.6576   1.5141   2.7460  -0.1086   1.0334   1.0333  -0.1936   0.0000   0.0172   0.2387    0.233
    72  -4.4357   2.3597   1.3114   2.6245  -0.1085   1.1124   1.1122  -0.2228   0.0000   0.0193   0.2561    0.233
    73  -4.9793   2.0730   1.0945   2.4661  -0.1118   1.1898   1.1896  -0.2621   0.0000   0.0217   0.2729    0.232
    74  -5.4885   1.8043   0.8792   2.2574  -0.1169   1.2513   1.2511  -0.2960   0.0000   0.0241   0.2858    0.231
    75  -5.9508   1.5604   0.6781   1.9947  -0.1210   1.2785   1.2783  -0.3117   0.0000   0.0271   0.2895    0.229
    76  -6.3550   1.3472   0.5000   1.6813  -0.1208   1.2482   1.2480  -0.3136   0.0000   0.0316   0.2775    0.225
    77  -6.6617   1.1853   0.2890   1.3387  -0.1144   1.1296   1.1294  -0.2839   0.0000   0.0377   0.2422    0.217
    78  -6.8736   1.0735   0.1917   0.9875  -0.1032   0.9200   0.9199  -0.2281   0.0000   0.0415   0.1866    0.205
    79  -7.0178   0.9975   0.1087   0.6077  -0.0900   0.6094   0.6093  -0.1405   0.0000   0.0368   0.1144    0.190
    80  -7.0908   0.9589   0.0351   0.2057  -0.0790   0.2145   0.2145  -0.0452   0.0000   0.0158   0.0374    0.176

  Surface # 5     vertical_stabilizer                     
     # Chordwise = 10   # Spanwise = 20     First strip = 81
     Surface area =   26.974527       Ave. chord =    3.612513
     CLsurf  =   0.00000     Clsurf  =  -0.00000
     CYsurf  =  -0.00000     Cmsurf  =  -0.00000
     CDsurf  =  -0.00000     Cnsurf  =   0.00000
     CDisurf =  -0.00000     CDvsurf =   0.00000

  Forces referred to Ssurf, Cave about hinge axis thru LE
     CLsurf  =   0.00000     CDsurf  =  -0.00000
     Deflect =

 Strip Forces referred to Strip Area, Chord
    j      Yle    Chord     Area     c cl      ai      cl_norm  cl       cd       cdv    cm_c/4    cm_LE  C.P.x/c
    81   0.0000   8.1033   0.7081   0.0000  -0.0000   0.0000   0.0000  -0.0000   0.0000   0.0000  -0.0000    0.119
    82   0.0000   7.7953   1.2357   0.0000   0.0000   0.0000   0.0000  -0.0000   0.0000   0.0000  -0.0000    0.079
    83   0.0000   7.3128   1.6577   0.0000  -0.0000   0.0000   0.0000  -0.0000   0.0000   0.0000  -0.0000    0.084
    84   0.0000   6.6651   1.9342   0.0000  -0.0000   0.0000   0.0000  -0.0000   0.0000   0.0000  -0.0000    0.156
    85   0.0000   5.8661   2.0384   0.0000  -0.0000   0.0000   0.0000  -0.0000   0.0000   0.0000  -0.0000    0.124
    86   0.0000   4.9330   1.9589   0.0000  -0.0000   0.0000   0.0000  -0.0000   0.0000   0.0000  -0.0000    0.168
    87   0.0000   4.2949   2.2317   0.0000  -0.0000   0.0000   0.0000  -0.0000   0.0000   0.0000  -0.0000    0.159
    88   0.0000   4.0244   2.2380   0.0000  -0.0000   0.0000   0.0000  -0.0000   0.0000   0.0000  -0.0000    0.184
    89   0.0000   3.7387   2.1678   0.0000  -0.0000   0.0000   0.0000  -0.0000   0.0000   0.0000  -0.0000    0.219
    90   0.0000   3.4444   2.0327   0.0000  -0.0000   0.0000   0.0000  -0.0000   0.0000   0.0000  -0.0000    0.218
    91   0.0000   3.1483   1.8474   0.0000  -0.0000   0.0000   0.0000  -0.0000   0.0000   0.0000  -0.0000    0.231
    92   0.0000   2.8574   1.6279   0.0000  -0.0000   0.0000   0.0000  -0.0000   0.0000   0.0000  -0.0000    0.215
    93   0.0000   2.5785   1.3906   0.0000  -0.0000   0.0000   0.0000  -0.0000   0.0000   0.0000  -0.0000    0.228
    94   0.0000   2.3180   1.1503   0.0000  -0.0000   0.0000   0.0000  -0.0000   0.0000   0.0000  -0.0000    0.238
    95   0.0000   2.0821   0.9193   0.0000  -0.0000   0.0000   0.0000  -0.0000   0.0000   0.0000  -0.0000    0.248
    96   0.0000   1.8763   0.7063   0.0000  -0.0000   0.0000   0.0000  -0.0000   0.0000   0.0000  -0.0000    0.222
    97   0.0000   1.7056   0.5158   0.0000  -0.0000   0.0000   0.0000  -0.0000   0.0000   0.0000  -0.0000    0.230
    98   0.0000   1.5739   0.3482   0.0000  -0.0000   0.0000   0.0000  -0.0000   0.0000   0.0000  -0.0000    0.214
    99   0.0000   1.4843   0.2002   0.0000  -0.0000   0.0000   0.0000  -0.0000   0.0000   0.0000  -0.0000    0.198
   100   0.0000   1.4389   0.0652   0.0000  -0.0000   0.0000   0.0000  -0.0000   0.0000   0.0000  -0.0000    0.193

  Surface # 6     fuselage_horizontal                     
     # Chordwise = 10   # Spanwise = 10     First strip =101
     Surface area =  112.392822       Ave. chord =   30.376440
     CLsurf  =  -0.01161     Clsurf  =   0.00000
     CYsurf  =   0.00001     Cmsurf  =  -0.10509
     CDsurf  =  -0.01305     Cnsurf  =  -0.00000
     CDisurf =  -0.01305     CDvsurf =   0.00000

  Forces referred to Ssurf, Cave about hinge axis thru LE
     CLsurf  =  -0.01290     CDsurf  =  -0.01449
     Deflect =

 Strip Forces referred to Strip Area, Chord
    j      Yle    Chord     Area     c cl      ai      cl_norm  cl       cd       cdv    cm_c/4    cm_LE  C.P.x/c
   101  -1.6650  21.5445   7.9715  -0.3183   0.1415  -0.3295  -0.0148   0.0401   0.0000  -0.0154  -0.0012   -0.790
   102  -1.2950  27.3129  10.1058  -0.7607   0.0990  -0.1269  -0.0279   0.0490   0.0000  -0.0116  -0.0009   -0.168
   103  -0.9250  31.3629  11.6043  -0.6143   0.0307  -0.0442  -0.0196   0.0228   0.0000  -0.0130  -0.0022   -0.413
   104  -0.5550  34.6182  12.8087  -0.3282  -0.1540  -0.0125  -0.0095  -0.0234   0.0000  -0.0133  -0.0041
   105  -0.1850  37.0437  13.7062   0.0631  -0.2242   0.0017   0.0017  -0.1163   0.0000  -0.0144  -0.0090
   106   0.1850  37.0437  13.7062   0.0631  -0.2242   0.0017   0.0017  -0.1163   0.0000  -0.0144  -0.0090
   107   0.5550  34.6182  12.8087  -0.3282  -0.1540  -0.0125  -0.0095  -0.0233   0.0000  -0.0133  -0.0041
   108   0.9250  31.3629  11.6043  -0.6144   0.0307  -0.0442  -0.0196   0.0228   0.0000  -0.0130  -0.0022   -0.413
   109   1.2950  27.3129  10.1058  -0.7607   0.0990  -0.1269  -0.0279   0.0490   0.0000  -0.0116  -0.0009   -0.168
   110   1.6650  21.5445   7.9715  -0.3183   0.1415  -0.3295  -0.0148   0.0401   0.0000  -0.0154  -0.0012   -0.790

  Surface # 7     fuselage_vertical                       
     # Chordwise = 10   # Spanwise = 10     First strip =111
     Surface area =  114.215408       Ave. chord =   30.376440
     CLsurf  =  -0.00000     Clsurf  =  -0.00000
     CYsurf  =  -0.00000     Cmsurf  =  -0.00000
     CDsurf  =  -0.00000     Cnsurf  =   0.00000
     CDisurf =  -0.00000     CDvsurf =   0.00000

  Forces referred to Ssurf, Cave about hinge axis thru LE
     CLsurf  =   0.00000     CDsurf  =  -0.00000
     Deflect =

 Strip Forces referred to Strip Area, Chord
    j      Yle    Chord     Area     c cl      ai      cl_norm  cl       cd       cdv    cm_c/4    cm_LE  C.P.x/c
   111   0.0000  21.5445   8.1007   0.0000   0.0000   0.0000   0.0000   0.0000   0.0000  -0.0000  -0.0000    0.479
   112   0.0000  27.3129  10.2696   0.0000   0.0000   0.0000   0.0000   0.0000   0.0000  -0.0000  -0.0000    0.484
   113   0.0000  31.3629  11.7925   0.0000  -0.0000   0.0000   0.0000   0.0000   0.0000  -0.0000  -0.0000    0.485
   114   0.0000  34.6182  13.0164   0.0000  -0.0000   0.0000   0.0000  -0.0000   0.0000  -0.0000  -0.0000    0.464
   115   0.0000  37.0437  13.9284   0.0000  -0.0000   0.0000   0.0000  -0.0000   0.0000  -0.0000  -0.0000    0.489
   116   0.0000  37.0437  13.9284   0.0000  -0.0000   0.0000   0.0000  -0.0000   0.0000  -0.0000  -0.0000    0.526
   117   0.0000  34.6182  13.0164   0.0000  -0.0000   0.0000   0.0000  -0.0000   0.0000  -0.0000  -0.0000    0.557
   118   0.0000  31.3629  11.7925   0.0000  -0.0000   0.0000   0.0000  -0.0000   0.0000  -0.0000  -0.0000    0.567
   119   0.0000  27.3129  10.2696   0.0000  -0.0000   0.0000   0.0000   0.0000   0.0000  -0.0000  -0.0000    0.542
   120   0.0000  21.5445   8.1007   0.0000   0.0000   0.0000   0.0000  -0.0000   0.0000  -0.0000  -0.0000    0.557
 ---------------------------------------------------------------
