 ---------------------------------------------------------------
 Surface and Strip Forces by surface

  Forces referred to Sref, Cref, Bref about Xref, Yref, Zref
 Standard axis orientation,  X fwd, Z down         

  Surface # 1     main_wing                               
     # Chordwise = 10   # Spanwise = 30     First strip =  1
     Surface area =   63.968842       Ave. chord =    3.715026
     CLsurf  =   0.13668     Clsurf  =  -0.02388
     CYsurf  =  -0.00984     Cmsurf  =  -0.11875
     CDsurf  =   0.00215     Cnsurf  =   0.00108
     CDisurf =   0.00215     CDvsurf =   0.00000

  Forces referred to Ssurf, Cave about hinge axis thru LE
     CLsurf  =   0.26747     CDsurf  =   0.00419
     Deflect =

 Strip Forces referred to Strip Area, Chord
    j      Yle    Chord     Area     c cl      ai      cl_norm  cl       cd       cdv    cm_c/4    cm_LE  C.P.x/c
     1   0.0114   7.7520   0.3539   2.1261   0.0523   0.3536   0.2743   0.1605   0.0000  -0.0245  -0.0758    0.339
     2   0.1025   7.6885   1.0491   2.0072   0.0517   0.3366   0.2611   0.0286   0.0000  -0.0237  -0.0725    0.341
     3   0.2837   7.5620   1.7073   1.9943   0.0503   0.3400   0.2637   0.0195   0.0000  -0.0230  -0.0725    0.337
     4   0.5530   7.3741   2.3052   1.9810   0.0480   0.3464   0.2686   0.0169   0.0000  -0.0219  -0.0726    0.331
     5   0.9075   7.1267   2.8223   1.9569   0.0446   0.3540   0.2746   0.0154   0.0000  -0.0205  -0.0727    0.325
     6   1.3432   6.8226   3.2414   1.9162   0.0420   0.3621   0.2809   0.0136   0.0000  -0.0192  -0.0729    0.319
     7   1.8554   6.4651   3.5491   1.8535   0.0440   0.3696   0.2867   0.0110   0.0000  -0.0183  -0.0733    0.314
     8   2.4386   6.0582   3.7368   1.7661   0.0445   0.3759   0.2915   0.0084   0.0000  -0.0179  -0.0740    0.312
     9   3.0862   5.6062   3.8005   1.6538   0.0361   0.3803   0.2950   0.0052   0.0000  -0.0182  -0.0749    0.312
    10   3.7613   5.1351   3.4440   1.5305   0.0259   0.3843   0.2981   0.0024   0.0000  -0.0184  -0.0757    0.312
    11   4.4532   4.6522   3.3149   1.3867   0.0161   0.3843   0.2981   0.0007   0.0000  -0.0188  -0.0761    0.313
    12   5.1831   4.1429   3.0930   1.2396   0.0034   0.3858   0.2992  -0.0023   0.0000  -0.0197  -0.0770    0.316
    13   6.0123   3.7903   3.4706   1.1027  -0.0041   0.3543   0.2909  -0.0032   0.0000  -0.0193  -0.0818    0.316
    14   6.9353   3.6075   3.3775   0.9995  -0.0003   0.3374   0.2771  -0.0027   0.0000  -0.0198  -0.0791    0.321
    15   7.8737   3.4215   3.2389   0.9119   0.0022   0.3246   0.2665  -0.0025   0.0000  -0.0208  -0.0777    0.328
    16   8.8172   3.2345   3.0619   0.8346   0.0035   0.3143   0.2580  -0.0024   0.0000  -0.0222  -0.0770    0.336
    17   9.7556   3.0486   2.8543   0.7652   0.0040   0.3057   0.2510  -0.0022   0.0000  -0.0239  -0.0770    0.345
    18  10.6786   2.8657   2.6239   0.7025   0.0040   0.2986   0.2452  -0.0022   0.0000  -0.0259  -0.0774    0.355
    19  11.5760   2.6879   2.3787   0.6455   0.0039   0.2925   0.2402  -0.0022   0.0000  -0.0277  -0.0780    0.366
    20  12.4328   2.5181   2.1010   0.5952   0.0045   0.2879   0.2364  -0.0021   0.0000  -0.0288  -0.0781    0.372
    21  13.2400   2.3582   1.8520   0.5503   0.0060   0.2842   0.2334  -0.0019   0.0000  -0.0289  -0.0775    0.374
    22  13.9941   2.2087   1.6074   0.5074   0.0079   0.2798   0.2297  -0.0017   0.0000  -0.0284  -0.0763    0.374
    23  14.6868   2.0715   1.3716   0.4642   0.0102   0.2729   0.2241  -0.0016   0.0000  -0.0273  -0.0741    0.372
    24  15.3105   1.9479   1.1479   0.4181   0.0129   0.2614   0.2146  -0.0015   0.0000  -0.0255  -0.0703    0.369
    25  15.8583   1.8393   0.9381   0.3666   0.0158   0.2427   0.1993  -0.0013   0.0000  -0.0230  -0.0648    0.366
    26  16.3244   1.7470   0.7427   0.3077   0.0187   0.2145   0.1762  -0.0011   0.0000  -0.0209  -0.0577    0.369
    27  16.6722   1.4928   0.4131   0.2439   0.0211   0.5454   0.1634  -0.0025   0.0000  -0.0159  -0.0265    0.347
    28  16.9098   1.1466   0.2292   0.1789   0.0235   0.5208   0.1560  -0.0045   0.0000  -0.0067  -0.0214    0.293
    29  17.0696   0.9138   0.1104   0.1094   0.0251   0.3998   0.1198  -0.0058   0.0000   0.0024  -0.0129    0.230
    30  17.1499   0.7967   0.0322   0.0369   0.0260   0.1544   0.0463  -0.0037   0.0000   0.0030  -0.0040    0.184

  Surface # 2     main_wing (YDUP)                        
     # Chordwise = 10   # Spanwise = 30     First strip = 31
     Surface area =   63.968842       Ave. chord =    3.715026
     CLsurf  =   0.13668     Clsurf  =   0.02388
     CYsurf  =   0.00984     Cmsurf  =  -0.11875
     CDsurf  =   0.00215     Cnsurf  =  -0.00108
     CDisurf =   0.00215     CDvsurf =   0.00000

  Forces referred to Ssurf, Cave about hinge axis thru LE
     CLsurf  =   0.26747     CDsurf  =   0.00419
     Deflect =

 Strip Forces referred to Strip Area, Chord
    j      Yle    Chord     Area     c cl      ai      cl_norm  cl       cd       cdv    cm_c/4    cm_LE  C.P.x/c
    31  -0.0114   7.7520   0.3539   2.1261   0.0523   0.3536   0.2743   0.1605   0.0000  -0.0245   0.0758    0.339
    32  -0.1025   7.6885   1.0491   2.0072   0.0517   0.3366   0.2611   0.0286   0.0000  -0.0237   0.0725    0.341
    33  -0.2837   7.5620   1.7073   1.9943   0.0503   0.3400   0.2637   0.0195   0.0000  -0.0230   0.0725    0.337
    34  -0.5530   7.3741   2.3052   1.9810   0.0480   0.3464   0.2686   0.0169   0.0000  -0.0219   0.0726    0.331
    35  -0.9075   7.1267   2.8223   1.9569   0.0446   0.3540   0.2746   0.0154   0.0000  -0.0205   0.0727    0.325
    36  -1.3432   6.8226   3.2414   1.9162   0.0420   0.3621   0.2809   0.0136   0.0000  -0.0192   0.0729    0.319
    37  -1.8554   6.4651   3.5491   1.8535   0.0440   0.3696   0.2867   0.0110   0.0000  -0.0183   0.0733    0.314
    38  -2.4386   6.0582   3.7368   1.7661   0.0445   0.3759   0.2915   0.0084   0.0000  -0.0179   0.0740    0.312
    39  -3.0862   5.6062   3.8005   1.6538   0.0361   0.3803   0.2950   0.0052   0.0000  -0.0182   0.0749    0.312
    40  -3.7613   5.1351   3.4440   1.5305   0.0259   0.3843   0.2981   0.0024   0.0000  -0.0184   0.0757    0.312
    41  -4.4532   4.6522   3.3149   1.3867   0.0161   0.3843   0.2981   0.0007   0.0000  -0.0188   0.0761    0.313
    42  -5.1831   4.1429   3.0930   1.2396   0.0034   0.3858   0.2992  -0.0023   0.0000  -0.0197   0.0770    0.316
    43  -6.0123   3.7903   3.4706   1.1026  -0.0041   0.3543   0.2909  -0.0032   0.0000  -0.0193   0.0818    0.316
    44  -6.9353   3.6075   3.3775   0.9995  -0.0003   0.3374   0.2771  -0.0027   0.0000  -0.0198   0.0791    0.321
    45  -7.8737   3.4215   3.2389   0.9119   0.0022   0.3246   0.2665  -0.0025   0.0000  -0.0208   0.0777    0.328
    46  -8.8172   3.2345   3.0619   0.8346   0.0035   0.3143   0.2580  -0.0024   0.0000  -0.0222   0.0770    0.336
    47  -9.7556   3.0486   2.8543   0.7652   0.0040   0.3057   0.2510  -0.0022   0.0000  -0.0239   0.0770    0.345
    48 -10.6786   2.8657   2.6239   0.7025   0.0040   0.2986   0.2452  -0.0022   0.0000  -0.0259   0.0774    0.355
    49 -11.5760   2.6879   2.3787   0.6455   0.0039   0.2925   0.2402  -0.0022   0.0000  -0.0277   0.0780    0.366
    50 -12.4328   2.5181   2.1010   0.5952   0.0045   0.2879   0.2364  -0.0021   0.0000  -0.0288   0.0781    0.372
    51 -13.2400   2.3582   1.8520   0.5503   0.0060   0.2842   0.2334  -0.0019   0.0000  -0.0289   0.0775    0.374
    52 -13.9941   2.2087   1.6074   0.5074   0.0079   0.2798   0.2297  -0.0017   0.0000  -0.0284   0.0763    0.374
    53 -14.6868   2.0715   1.3716   0.4642   0.0102   0.2729   0.2241  -0.0016   0.0000  -0.0273   0.0741    0.372
    54 -15.3105   1.9479   1.1479   0.4181   0.0129   0.2614   0.2146  -0.0015   0.0000  -0.0255   0.0703    0.369
    55 -15.8583   1.8393   0.9381   0.3666   0.0158   0.2427   0.1993  -0.0013   0.0000  -0.0230   0.0648    0.366
    56 -16.3244   1.7470   0.7427   0.3077   0.0187   0.2145   0.1762  -0.0011   0.0000  -0.0209   0.0577    0.369
    57 -16.6722   1.4928   0.4131   0.2439   0.0211   0.5454   0.1634  -0.0025   0.0000  -0.0159   0.0265    0.347
    58 -16.9098   1.1466   0.2292   0.1789   0.0235   0.5208   0.1560  -0.0045   0.0000  -0.0067   0.0214    0.293
    59 -17.0696   0.9138   0.1104   0.1094   0.0251   0.3998   0.1198  -0.0058   0.0000   0.0024   0.0129    0.230
    60 -17.1499   0.7967   0.0322   0.0369   0.0260   0.1544   0.0463  -0.0037   0.0000   0.0030   0.0040    0.184

  Surface # 3     horizontal_stabilizer                   
     # Chordwise = 10   # Spanwise = 30     First strip = 61
     Surface area =   20.744604       Ave. chord =    2.848572
     CLsurf  =  -0.02085     Clsurf  =   0.00199
     CYsurf  =   0.00336     Cmsurf  =   0.10015
     CDsurf  =  -0.00031     Cnsurf  =  -0.00203
     CDisurf =  -0.00031     CDvsurf =   0.00000

  Forces referred to Ssurf, Cave about hinge axis thru LE
     CLsurf  =  -0.12712     CDsurf  =  -0.00185
     Deflect =

 Strip Forces referred to Strip Area, Chord
    j      Yle    Chord     Area     c cl      ai      cl_norm  cl       cd       cdv    cm_c/4    cm_LE  C.P.x/c
    61   0.0047   4.2713   0.0803  -0.4307   0.0137  -0.1301  -0.1008   0.0434   0.0000   0.0083   0.0283    0.332
    62   0.0418   4.2566   0.2392  -0.4954   0.0133  -0.1501  -0.1164   0.0029   0.0000   0.0087   0.0319    0.325
    63   0.1156   4.2274   0.3930  -0.5006   0.0128  -0.1527  -0.1184  -0.0001   0.0000   0.0084   0.0321    0.321
    64   0.2254   4.1839   0.5386  -0.5018   0.0123  -0.1547  -0.1199  -0.0007   0.0000   0.0079   0.0320    0.316
    65   0.3698   4.1268   0.6730  -0.5022   0.0118  -0.1570  -0.1217  -0.0009   0.0000   0.0071   0.0317    0.308
    66   0.5474   4.0565   0.7936  -0.5018   0.0112  -0.1596  -0.1237  -0.0011   0.0000   0.0061   0.0313    0.300
    67   0.7617   3.9717   0.9441  -0.5005   0.0107  -0.1625  -0.1260  -0.0013   0.0000   0.0051   0.0309    0.290
    68   1.0116   3.8728   1.0344  -0.4981   0.0104  -0.1659  -0.1286  -0.0016   0.0000   0.0040   0.0305    0.281
    69   1.2891   3.7630   1.1046  -0.4937   0.0103  -0.1692  -0.1312  -0.0018   0.0000   0.0030   0.0302    0.273
    70   1.5912   3.6435   1.1542  -0.4872   0.0104  -0.1725  -0.1337  -0.0020   0.0000   0.0021   0.0300    0.266
    71   1.9146   3.5155   1.1831  -0.4781   0.0106  -0.1754  -0.1360  -0.0022   0.0000   0.0012   0.0297    0.259
    72   2.2558   3.3805   1.1921  -0.4662   0.0105  -0.1779  -0.1379  -0.0024   0.0000   0.0005   0.0295    0.254
    73   2.6109   3.2400   1.1821  -0.4514   0.0101  -0.1797  -0.1393  -0.0025   0.0000  -0.0001   0.0293    0.249
    74   2.9762   3.0955   1.1548  -0.4335   0.0093  -0.1806  -0.1400  -0.0026   0.0000  -0.0007   0.0290    0.245
    75   3.3476   2.9485   1.1122  -0.4131   0.0084  -0.1807  -0.1401  -0.0027   0.0000  -0.0011   0.0286    0.242
    76   3.7210   2.8008   1.0564  -0.3904   0.0075  -0.1798  -0.1394  -0.0027   0.0000  -0.0015   0.0281    0.239
    77   4.0924   2.6538   0.9900  -0.3659   0.0066  -0.1779  -0.1379  -0.0027   0.0000  -0.0019   0.0275    0.236
    78   4.4577   2.5093   0.9155  -0.3402   0.0057  -0.1749  -0.1356  -0.0027   0.0000  -0.0023   0.0266    0.233
    79   4.8128   2.3687   0.8353  -0.3138   0.0049  -0.1709  -0.1325  -0.0026   0.0000  -0.0028   0.0256    0.229
    80   5.1540   2.2338   0.7518  -0.2869   0.0042  -0.1657  -0.1285  -0.0025   0.0000  -0.0033   0.0243    0.225
    81   5.4774   2.1058   0.6671  -0.2601   0.0036  -0.1593  -0.1235  -0.0024   0.0000  -0.0039   0.0228    0.218
    82   5.7795   1.9862   0.5830  -0.2335   0.0031  -0.1517  -0.1176  -0.0023   0.0000  -0.0046   0.0209    0.211
    83   6.0570   1.8764   0.5012  -0.2072   0.0026  -0.1424  -0.1104  -0.0022   0.0000  -0.0055   0.0187    0.201
    84   6.3069   1.7776   0.4225  -0.1812   0.0021  -0.1315  -0.1019  -0.0020   0.0000  -0.0063   0.0162    0.188
    85   6.5264   1.6907   0.3478  -0.1555   0.0018  -0.1186  -0.0920  -0.0019   0.0000  -0.0070   0.0135    0.174
    86   6.7314   1.6096   0.3326  -0.1287   0.0014  -0.1032  -0.0800  -0.0017   0.0000  -0.0074   0.0106    0.157
    87   6.9144   1.5372   0.2507  -0.1002   0.0012  -0.0841  -0.0652  -0.0015   0.0000  -0.0073   0.0076    0.138
    88   7.0535   1.4822   0.1746  -0.0716   0.0010  -0.0623  -0.0483  -0.0013   0.0000  -0.0063   0.0049    0.119
    89   7.1471   1.4451   0.1029  -0.0429   0.0008  -0.0383  -0.0297  -0.0009   0.0000  -0.0043   0.0026    0.104
    90   7.1941   1.4265   0.0340  -0.0143   0.0008  -0.0129  -0.0100  -0.0006   0.0000  -0.0015   0.0008    0.097

  Surface # 4     horizontal_stabilizer (YDUP)            
     # Chordwise = 10   # Spanwise = 30     First strip = 91
     Surface area =   20.744604       Ave. chord =    2.848572
     CLsurf  =  -0.02085     Clsurf  =  -0.00199
     CYsurf  =  -0.00336     Cmsurf  =   0.10015
     CDsurf  =  -0.00031     Cnsurf  =   0.00203
     CDisurf =  -0.00031     CDvsurf =   0.00000

  Forces referred to Ssurf, Cave about hinge axis thru LE
     CLsurf  =  -0.12712     CDsurf  =  -0.00185
     Deflect =

 Strip Forces referred to Strip Area, Chord
    j      Yle    Chord     Area     c cl      ai      cl_norm  cl       cd       cdv    cm_c/4    cm_LE  C.P.x/c
    91  -0.0047   4.2713   0.0803  -0.4307   0.0137  -0.1301  -0.1008   0.0434   0.0000   0.0083  -0.0283    0.332
    92  -0.0418   4.2566   0.2392  -0.4954   0.0133  -0.1501  -0.1164   0.0029   0.0000   0.0087  -0.0319    0.325
    93  -0.1156   4.2274   0.3930  -0.5006   0.0128  -0.1527  -0.1184  -0.0001   0.0000   0.0084  -0.0321    0.321
    94  -0.2254   4.1839   0.5386  -0.5018   0.0123  -0.1547  -0.1199  -0.0007   0.0000   0.0079  -0.0320    0.316
    95  -0.3698   4.1268   0.6730  -0.5022   0.0118  -0.1570  -0.1217  -0.0009   0.0000   0.0071  -0.0317    0.308
    96  -0.5474   4.0565   0.7936  -0.5018   0.0112  -0.1596  -0.1237  -0.0011   0.0000   0.0061  -0.0313    0.300
    97  -0.7617   3.9717   0.9441  -0.5005   0.0107  -0.1625  -0.1260  -0.0013   0.0000   0.0051  -0.0309    0.290
    98  -1.0116   3.8728   1.0344  -0.4981   0.0104  -0.1659  -0.1286  -0.0016   0.0000   0.0040  -0.0305    0.281
    99  -1.2891   3.7630   1.1046  -0.4937   0.0103  -0.1692  -0.1312  -0.0018   0.0000   0.0030  -0.0302    0.273
   100  -1.5912   3.6435   1.1542  -0.4872   0.0104  -0.1725  -0.1337  -0.0020   0.0000   0.0021  -0.0300    0.266
   101  -1.9146   3.5155   1.1831  -0.4781   0.0106  -0.1754  -0.1360  -0.0022   0.0000   0.0012  -0.0297    0.259
   102  -2.2558   3.3805   1.1921  -0.4662   0.0105  -0.1779  -0.1379  -0.0024   0.0000   0.0005  -0.0295    0.254
   103  -2.6109   3.2400   1.1821  -0.4513   0.0101  -0.1797  -0.1393  -0.0025   0.0000  -0.0001  -0.0293    0.249
   104  -2.9762   3.0955   1.1548  -0.4335   0.0093  -0.1806  -0.1400  -0.0026   0.0000  -0.0007  -0.0290    0.245
   105  -3.3476   2.9485   1.1122  -0.4131   0.0084  -0.1807  -0.1401  -0.0027   0.0000  -0.0011  -0.0286    0.242
   106  -3.7210   2.8008   1.0564  -0.3904   0.0075  -0.1798  -0.1394  -0.0027   0.0000  -0.0015  -0.0281    0.239
   107  -4.0924   2.6538   0.9900  -0.3659   0.0066  -0.1779  -0.1379  -0.0027   0.0000  -0.0019  -0.0275    0.236
   108  -4.4577   2.5093   0.9155  -0.3402   0.0057  -0.1749  -0.1356  -0.0027   0.0000  -0.0023  -0.0266    0.233
   109  -4.8128   2.3687   0.8353  -0.3138   0.0049  -0.1709  -0.1325  -0.0026   0.0000  -0.0028  -0.0256    0.229
   110  -5.1540   2.2338   0.7518  -0.2869   0.0042  -0.1657  -0.1285  -0.0025   0.0000  -0.0033  -0.0243    0.225
   111  -5.4774   2.1058   0.6671  -0.2601   0.0036  -0.1593  -0.1235  -0.0024   0.0000  -0.0039  -0.0228    0.218
   112  -5.7795   1.9862   0.5830  -0.2335   0.0031  -0.1517  -0.1176  -0.0023   0.0000  -0.0046  -0.0209    0.211
   113  -6.0570   1.8764   0.5012  -0.2072   0.0026  -0.1424  -0.1104  -0.0022   0.0000  -0.0055  -0.0187    0.201
   114  -6.3069   1.7776   0.4225  -0.1812   0.0021  -0.1315  -0.1019  -0.0020   0.0000  -0.0063  -0.0162    0.188
   115  -6.5264   1.6907   0.3478  -0.1555   0.0018  -0.1186  -0.0920  -0.0019   0.0000  -0.0070  -0.0135    0.174
   116  -6.7314   1.6096   0.3326  -0.1287   0.0014  -0.1032  -0.0800  -0.0017   0.0000  -0.0074  -0.0106    0.157
   117  -6.9144   1.5372   0.2507  -0.1002   0.0012  -0.0841  -0.0652  -0.0015   0.0000  -0.0073  -0.0076    0.138
   118  -7.0535   1.4822   0.1746  -0.0716   0.0010  -0.0623  -0.0483  -0.0013   0.0000  -0.0063  -0.0049    0.119
   119  -7.1471   1.4451   0.1029  -0.0429   0.0008  -0.0383  -0.0297  -0.0009   0.0000  -0.0043  -0.0026    0.104
   120  -7.1941   1.4265   0.0340  -0.0143   0.0008  -0.0129  -0.0100  -0.0006   0.0000  -0.0015  -0.0008    0.097

  Surface # 5     vertical_stabilizer                     
     # Chordwise = 10   # Spanwise = 30     First strip =121
     Surface area =   34.910358       Ave. chord =    4.190919
     CLsurf  =   0.00000     Clsurf  =  -0.00000
     CYsurf  =  -0.00000     Cmsurf  =  -0.00000
     CDsurf  =   0.00000     Cnsurf  =   0.00000
     CDisurf =   0.00000     CDvsurf =   0.00000

  Forces referred to Ssurf, Cave about hinge axis thru LE
     CLsurf  =   0.00000     CDsurf  =   0.00000
     Deflect =

 Strip Forces referred to Strip Area, Chord
    j      Yle    Chord     Area     c cl      ai      cl_norm  cl       cd       cdv    cm_c/4    cm_LE  C.P.x/c
   121   0.0000  10.0347   0.6931   0.0000  -0.0000   0.0000   0.0000   0.0000   0.0000  -0.0000  -0.0000    1.261
   122   0.0000   9.8296   1.1101   0.0000  -0.0000   0.0000   0.0000   0.0000   0.0000  -0.0000  -0.0000    1.210
   123   0.0000   9.5266   1.4857   0.0000  -0.0000   0.0000   0.0000   0.0000   0.0000  -0.0000  -0.0000    1.137
   124   0.0000   9.1281   1.8040   0.0000  -0.0000   0.0000   0.0000  -0.0000   0.0000  -0.0000  -0.0000    1.068
   125   0.0000   8.6377   2.0517   0.0000  -0.0000   0.0000   0.0000   0.0000   0.0000  -0.0000  -0.0000    1.012
   126   0.0000   8.0598   2.2181   0.0000  -0.0000   0.0000   0.0000   0.0000   0.0000  -0.0000  -0.0000    0.967
   127   0.0000   7.4000   2.2957   0.0000  -0.0000   0.0000   0.0000   0.0000   0.0000  -0.0000  -0.0000    0.920
   128   0.0000   6.6646   2.2808   0.0000  -0.0000   0.0000   0.0000   0.0000   0.0000  -0.0000  -0.0000    0.869
   129   0.0000   5.8609   2.1733   0.0000  -0.0000   0.0000   0.0000   0.0000   0.0000  -0.0000  -0.0000    0.800
   130   0.0000   4.9969   1.9773   0.0000  -0.0000   0.0000   0.0000  -0.0000   0.0000  -0.0000  -0.0000    0.728
   131   0.0000   4.4389   1.6667   0.0000  -0.0000   0.0000   0.0000  -0.0000   0.0000  -0.0000  -0.0000    0.672
   132   0.0000   4.2198   1.6478   0.0000  -0.0000   0.0000   0.0000   0.0000   0.0000  -0.0000  -0.0000    0.642
   133   0.0000   3.9932   1.6033   0.0000  -0.0000   0.0000   0.0000   0.0000   0.0000  -0.0000  -0.0000    0.603
   134   0.0000   3.7615   1.5362   0.0000  -0.0000   0.0000   0.0000  -0.0000   0.0000  -0.0000  -0.0000    0.566
   135   0.0000   3.5271   1.4499   0.0000  -0.0000   0.0000   0.0000   0.0000   0.0000  -0.0000  -0.0000    0.526
   136   0.0000   3.2923   1.3482   0.0000  -0.0000   0.0000   0.0000  -0.0000   0.0000  -0.0000  -0.0000    0.494
   137   0.0000   3.0597   1.2352   0.0000  -0.0000   0.0000   0.0000   0.0000   0.0000  -0.0000  -0.0000    0.460
   138   0.0000   2.8315   1.1147   0.0000  -0.0000   0.0000   0.0000   0.0000   0.0000  -0.0000  -0.0000    0.430
   139   0.0000   2.6103   0.9908   0.0000  -0.0000   0.0000   0.0000  -0.0000   0.0000  -0.0000  -0.0000    0.402
   140   0.0000   2.3983   0.8670   0.0000  -0.0000   0.0000   0.0000  -0.0000   0.0000  -0.0000  -0.0000    0.377
   141   0.0000   2.1977   0.7464   0.0000  -0.0000   0.0000   0.0000  -0.0000   0.0000  -0.0000  -0.0000    0.350
   142   0.0000   2.0106   0.6318   0.0000  -0.0000   0.0000   0.0000  -0.0000   0.0000  -0.0000  -0.0000    0.334
   143   0.0000   1.8390   0.5251   0.0000  -0.0000   0.0000   0.0000  -0.0000   0.0000  -0.0000  -0.0000    0.307
   144   0.0000   1.6847   0.4276   0.0000  -0.0000   0.0000   0.0000  -0.0000   0.0000  -0.0000  -0.0000    0.285
   145   0.0000   1.5493   0.3400   0.0000  -0.0000   0.0000   0.0000  -0.0000   0.0000  -0.0000  -0.0000    0.264
   146   0.0000   1.4342   0.2622   0.0000  -0.0000   0.0000   0.0000  -0.0000   0.0000   0.0000  -0.0000    0.239
   147   0.0000   1.3407   0.1933   0.0000  -0.0000   0.0000   0.0000  -0.0000   0.0000   0.0000  -0.0000    0.209
   148   0.0000   1.2696   0.1322   0.0000  -0.0000   0.0000   0.0000  -0.0000   0.0000   0.0000  -0.0000    0.193
   149   0.0000   1.2218   0.0769   0.0000  -0.0000   0.0000   0.0000  -0.0000   0.0000   0.0000  -0.0000    0.178
   150   0.0000   1.1978   0.0252   0.0000  -0.0000   0.0000   0.0000  -0.0000   0.0000   0.0000  -0.0000    0.168

  Surface # 6     fuselage_horizontal                     
     # Chordwise = 10   # Spanwise = 10     First strip =151
     Surface area =  123.841202       Ave. chord =   33.112617
     CLsurf  =  -0.00513     Clsurf  =   0.00000
     CYsurf  =  -0.00000     Cmsurf  =  -0.00695
     CDsurf  =   0.00003     Cnsurf  =  -0.00000
     CDisurf =   0.00003     CDvsurf =   0.00000

  Forces referred to Ssurf, Cave about hinge axis thru LE
     CLsurf  =  -0.00517     CDsurf  =   0.00003
     Deflect =

 Strip Forces referred to Strip Area, Chord
    j      Yle    Chord     Area     c cl      ai      cl_norm  cl       cd       cdv    cm_c/4    cm_LE  C.P.x/c
   151  -1.6830  26.5957   9.9468  -0.1424  -0.0076  -0.0675  -0.0054  -0.0002   0.0000   0.0006   0.0003    0.371
   152  -1.3090  31.2096  11.6724  -0.1839  -0.0031  -0.0230  -0.0059  -0.0000   0.0000   0.0005   0.0005    0.329
   153  -0.9350  34.0626  12.7394  -0.1813   0.0180  -0.0130  -0.0053   0.0001   0.0000  -0.0001   0.0004    0.227
   154  -0.5610  36.1619  13.5246  -0.1755   0.0277  -0.0082  -0.0049   0.0001   0.0000  -0.0005   0.0003    0.155
   155  -0.1870  37.5332  14.0374  -0.1724   0.0313  -0.0053  -0.0046   0.0001   0.0000  -0.0006   0.0004    0.120
   156   0.1870  37.5332  14.0374  -0.1724   0.0313  -0.0053  -0.0046   0.0001   0.0000  -0.0006   0.0004    0.120
   157   0.5610  36.1619  13.5246  -0.1755   0.0277  -0.0082  -0.0049   0.0001   0.0000  -0.0005   0.0003    0.155
   158   0.9350  34.0626  12.7394  -0.1813   0.0180  -0.0130  -0.0053   0.0001   0.0000  -0.0001   0.0004    0.227
   159   1.3090  31.2096  11.6724  -0.1839  -0.0031  -0.0230  -0.0059  -0.0000   0.0000   0.0005   0.0005    0.329
   160   1.6830  26.5957   9.9468  -0.1424  -0.0076  -0.0675  -0.0054  -0.0002   0.0000   0.0006   0.0003    0.371

  Surface # 7     fuselage_vertical                       
     # Chordwise = 10   # Spanwise = 10     First strip =161
     Surface area =  123.841202       Ave. chord =   33.112617
     CLsurf  =  -0.00000     Clsurf  =   0.00000
     CYsurf  =   0.00000     Cmsurf  =   0.00000
     CDsurf  =  -0.00000     Cnsurf  =  -0.00000
     CDisurf =  -0.00000     CDvsurf =   0.00000

  Forces referred to Ssurf, Cave about hinge axis thru LE
     CLsurf  =  -0.00000     CDsurf  =  -0.00000
     Deflect =

 Strip Forces referred to Strip Area, Chord
    j      Yle    Chord     Area     c cl      ai      cl_norm  cl       cd       cdv    cm_c/4    cm_LE  C.P.x/c
   161   0.0000  26.5957   9.9468  -0.0000  -0.0000  -0.0000  -0.0000   0.0000   0.0000   0.0000   0.0000    1.207
   162   0.0000  31.2096  11.6724  -0.0000  -0.0000  -0.0000  -0.0000   0.0000   0.0000   0.0000   0.0000    0.801
   163   0.0000  34.0626  12.7394  -0.0000  -0.0000  -0.0000  -0.0000   0.0000   0.0000   0.0000   0.0000    0.782
   164   0.0000  36.1619  13.5246  -0.0000   0.0000  -0.0000  -0.0000  -0.0000   0.0000   0.0000   0.0000    0.775
   165   0.0000  37.5332  14.0374  -0.0000   0.0000  -0.0000  -0.0000   0.0000   0.0000   0.0000   0.0000    0.770
   166   0.0000  37.5332  14.0374  -0.0000   0.0000  -0.0000  -0.0000  -0.0000   0.0000   0.0000   0.0000    0.750
   167   0.0000  36.1619  13.5246  -0.0000   0.0000  -0.0000  -0.0000   0.0000   0.0000   0.0000   0.0000    0.722
   168   0.0000  34.0626  12.7394  -0.0000   0.0000  -0.0000  -0.0000   0.0000   0.0000   0.0000   0.0000    0.655
   169   0.0000  31.2096  11.6724  -0.0000   0.0000  -0.0000  -0.0000  -0.0000   0.0000   0.0000   0.0000    0.533
   170   0.0000  26.5957   9.9468  -0.0000  -0.0000  -0.0000  -0.0000  -0.0000   0.0000   0.0000   0.0000    0.453
 ---------------------------------------------------------------
