 ---------------------------------------------------------------
 Surface and Strip Forces by surface

  Forces referred to Sref, Cref, Bref about Xref, Yref, Zref
 Standard axis orientation,  X fwd, Z down         

  Surface # 1     main_wing                               
     # Chordwise = 10   # Spanwise = 20     First strip =  1
     Surface area =   63.790974       Ave. chord =    3.717419
     CLsurf  =  -2.12210     Clsurf  =   0.46824
     CYsurf  =   0.07698     Cmsurf  =   0.35535
     CDsurf  =   0.13632     Cnsurf  =   0.15302
     CDisurf =   0.13632     CDvsurf =   0.00000

  Forces referred to Ssurf, Cave about hinge axis thru LE
     CLsurf  =  -4.15390     CDsurf  =   0.26683
     Deflect =

 Strip Forces referred to Strip Area, Chord
    j      Yle    Chord     Area     c cl      ai      cl_norm  cl       cd       cdv    cm_c/4    cm_LE  C.P.x/c
     1   0.0271   7.7411   0.8376 -17.4185  -0.5638   1.6558   1.6556 -31.9482   0.0000   1.2200   1.7534   -0.487
     2   0.2428   7.5905   2.4436 -18.5420  -0.4401  -2.1629  -2.1627  -2.4303   0.0000   1.2678   1.8478    0.836
     3   0.6690   7.2932   3.8488 -18.1621  -0.2585  -2.4613  -2.4610  -0.3906   0.0000   1.2366   1.8288    0.752
     4   1.2950   6.8563   4.9402 -17.3924  -0.0434  -2.5641  -2.5639   0.0661   0.0000   1.0868   1.6928    0.674
     5   2.1056   6.2906   5.6339 -16.2820   0.1661  -2.6384  -2.6382   0.2479   0.0000   0.7641   1.3882    0.540
     6   3.0065   5.6619   5.0672 -15.6342   0.2186  -2.8610  -2.8608   0.6413   0.0000   0.4213   1.0934    0.397
     7   3.9586   4.9974   5.0150 -16.2110   0.0294  -3.3622  -3.3619   0.7625   0.0000   0.2175   1.0117    0.315
     8   5.0073   4.2656   4.6382 -17.2135  -0.2022  -4.2189  -4.2185   1.2440   0.0000   0.0695   1.0608    0.266
     9   6.1989   3.7534   4.8429 -18.1625  -0.3919  -5.0554  -5.0550   1.4636   0.0000  -0.0162   1.1917    0.247
    10   7.5095   3.4937   4.6216 -18.2244  -0.4419  -5.4159  -5.4156   1.3032   0.0000  -0.0239   1.2781    0.246
    11   8.8364   3.2307   4.2738 -17.7152  -0.4349  -5.6707  -5.6703   1.1878   0.0000  -0.0201   1.3486    0.246
    12  10.1470   2.9710   3.8335 -16.8293  -0.4051  -5.8419  -5.8416   1.0959   0.0000  -0.0154   1.3985    0.247
    13  11.4090   2.7210   3.3357 -15.6959  -0.3791  -5.9394  -5.9390   1.0360   0.0000  -0.0148   1.4250    0.248
    14  12.6340   2.4782   3.0105 -14.3702  -0.3662  -5.9657  -5.9653   1.0029   0.0000  -0.0163   1.4311    0.247
    15  13.7866   2.2498   2.4374 -12.8807  -0.3735  -5.8923  -5.8919   1.0075   0.0000  -0.0223   1.4067    0.246
    16  14.7941   2.0502   1.8970 -11.2616  -0.4088  -5.6644  -5.6640   1.0573   0.0000  -0.0359   1.3352    0.244
    17  15.6315   1.8843   1.4027  -9.4727  -0.4765  -5.2050  -5.2047   1.1376   0.0000  -0.0604   1.1945    0.238
    18  16.2783   1.7561   0.9575  -7.4224  -0.5719  -4.4076  -4.4073   1.2128   0.0000  -0.0932   0.9619    0.229
    19  16.8016   1.3043   0.6198  -4.8058  -0.5276  -3.8202  -3.8188   0.8678   0.0000  -0.1414   0.7288    0.213
    20  17.1200   0.8402   0.1342  -1.6205  -0.4834  -1.9766  -1.9759   0.2669   0.0000  -0.1366   0.3230    0.181

  Surface # 2     main_wing (YDUP)                        
     # Chordwise = 10   # Spanwise = 20     First strip = 21
     Surface area =   63.790974       Ave. chord =    3.717419
     CLsurf  =  -2.12209     Clsurf  =  -0.46824
     CYsurf  =  -0.07698     Cmsurf  =   0.35535
     CDsurf  =   0.13632     Cnsurf  =  -0.15302
     CDisurf =   0.13632     CDvsurf =   0.00000

  Forces referred to Ssurf, Cave about hinge axis thru LE
     CLsurf  =  -4.15388     CDsurf  =   0.26682
     Deflect =

 Strip Forces referred to Strip Area, Chord
    j      Yle    Chord     Area     c cl      ai      cl_norm  cl       cd       cdv    cm_c/4    cm_LE  C.P.x/c
    21  -0.0271   7.7411   0.8376 -17.4184  -0.5636   1.6557   1.6556 -31.9479   0.0000   1.2200  -1.7534   -0.487
    22  -0.2428   7.5905   2.4436 -18.5420  -0.4401  -2.1629  -2.1627  -2.4303   0.0000   1.2678  -1.8478    0.836
    23  -0.6690   7.2932   3.8488 -18.1620  -0.2584  -2.4612  -2.4610  -0.3907   0.0000   1.2366  -1.8288    0.752
    24  -1.2950   6.8563   4.9402 -17.3923  -0.0434  -2.5641  -2.5639   0.0661   0.0000   1.0868  -1.6928    0.674
    25  -2.1056   6.2906   5.6339 -16.2820   0.1661  -2.6384  -2.6382   0.2479   0.0000   0.7641  -1.3882    0.540
    26  -3.0065   5.6619   5.0672 -15.6341   0.2186  -2.8610  -2.8608   0.6413   0.0000   0.4213  -1.0934    0.397
    27  -3.9586   4.9974   5.0150 -16.2110   0.0294  -3.3622  -3.3619   0.7625   0.0000   0.2175  -1.0117    0.315
    28  -5.0073   4.2656   4.6382 -17.2135  -0.2022  -4.2189  -4.2185   1.2440   0.0000   0.0695  -1.0608    0.266
    29  -6.1989   3.7534   4.8429 -18.1625  -0.3919  -5.0554  -5.0550   1.4636   0.0000  -0.0162  -1.1917    0.247
    30  -7.5095   3.4937   4.6216 -18.2244  -0.4419  -5.4159  -5.4156   1.3032   0.0000  -0.0239  -1.2781    0.246
    31  -8.8364   3.2307   4.2738 -17.7152  -0.4349  -5.6707  -5.6703   1.1878   0.0000  -0.0201  -1.3486    0.246
    32 -10.1470   2.9710   3.8335 -16.8293  -0.4051  -5.8419  -5.8415   1.0959   0.0000  -0.0154  -1.3985    0.247
    33 -11.4090   2.7210   3.3357 -15.6959  -0.3791  -5.9394  -5.9390   1.0360   0.0000  -0.0148  -1.4250    0.248
    34 -12.6340   2.4782   3.0105 -14.3702  -0.3662  -5.9656  -5.9652   1.0029   0.0000  -0.0162  -1.4311    0.247
    35 -13.7866   2.2498   2.4374 -12.8806  -0.3735  -5.8922  -5.8919   1.0075   0.0000  -0.0223  -1.4067    0.246
    36 -14.7941   2.0502   1.8970 -11.2616  -0.4088  -5.6643  -5.6640   1.0572   0.0000  -0.0359  -1.3352    0.244
    37 -15.6315   1.8843   1.4027  -9.4727  -0.4765  -5.2050  -5.2047   1.1376   0.0000  -0.0604  -1.1945    0.238
    38 -16.2783   1.7561   0.9575  -7.4224  -0.5718  -4.4076  -4.4073   1.2128   0.0000  -0.0932  -0.9619    0.229
    39 -16.8016   1.3043   0.6198  -4.8058  -0.5275  -3.8202  -3.8188   0.8678   0.0000  -0.1414  -0.7288    0.213
    40 -17.1200   0.8402   0.1342  -1.6205  -0.4834  -1.9766  -1.9758   0.2669   0.0000  -0.1366  -0.3230    0.181

  Surface # 3     horizontal_stabilizer                   
     # Chordwise = 10   # Spanwise = 20     First strip = 41
     Surface area =   20.072786       Ave. chord =    2.827143
     CLsurf  =   0.19973     Clsurf  =  -0.01765
     CYsurf  =  -0.00454     Cmsurf  =  -0.88048
     CDsurf  =  -0.02136     Cnsurf  =  -0.00142
     CDisurf =  -0.02136     CDvsurf =   0.00000

  Forces referred to Ssurf, Cave about hinge axis thru LE
     CLsurf  =   1.24247     CDsurf  =  -0.13284
     Deflect =

 Strip Forces referred to Strip Area, Chord
    j      Yle    Chord     Area     c cl      ai      cl_norm  cl       cd       cdv    cm_c/4    cm_LE  C.P.x/c
    41   0.0103   4.6946   0.1934   4.3921   0.0724   0.9319   0.9317   0.0885   0.0000   0.0138  -0.2178    0.235
    42   0.0924   4.6512   0.5701   4.3646   0.0681   0.9491   0.9489  -0.0284   0.0000   0.0138  -0.2186    0.235
    43   0.2547   4.5656   0.9173   4.3554   0.0641   0.9664   0.9662  -0.0415   0.0000   0.0145  -0.2217    0.235
    44   0.4930   4.4399   1.2180   4.3368   0.0616   0.9909   0.9908  -0.0543   0.0000   0.0153  -0.2266    0.235
    45   0.8160   4.2695   1.5847   4.3013   0.0590   1.0230   1.0229  -0.0639   0.0000   0.0160  -0.2335    0.234
    46   1.2202   4.0563   1.7628   4.2439   0.0471   1.0633   1.0632  -0.0737   0.0000   0.0166  -0.2426    0.234
    47   1.6825   3.8123   1.8577   4.1620   0.0141   1.1106   1.1104  -0.0853   0.0000   0.0170  -0.2534    0.235
    48   2.1917   3.5437   1.8711   4.0604  -0.0256   1.1673   1.1671  -0.1031   0.0000   0.0174  -0.2664    0.235
    49   2.7353   3.2569   1.8099   3.9299  -0.0425   1.2295   1.2293  -0.1110   0.0000   0.0182  -0.2807    0.235
    50   3.2997   2.9591   1.6859   3.7893  -0.0432   1.3072   1.3070  -0.1369   0.0000   0.0194  -0.2977    0.235
    51   3.8713   2.6576   1.5141   3.6235  -0.0425   1.3948   1.3946  -0.1702   0.0000   0.0214  -0.3163    0.235
    52   4.4357   2.3597   1.3114   3.4274  -0.0450   1.4883   1.4880  -0.2011   0.0000   0.0237  -0.3360    0.234
    53   4.9793   2.0730   1.0945   3.1899  -0.0504   1.5811   1.5809  -0.2487   0.0000   0.0264  -0.3547    0.233
    54   5.4885   1.8043   0.8792   2.8965  -0.0567   1.6531   1.6529  -0.2891   0.0000   0.0294  -0.3682    0.232
    55   5.9508   1.5604   0.6781   2.5434  -0.0610   1.6800   1.6797  -0.3054   0.0000   0.0332  -0.3705    0.230
    56   6.3550   1.3472   0.5000   2.1347  -0.0593   1.6349   1.6346  -0.3103   0.0000   0.0391  -0.3535    0.226
    57   6.6617   1.1853   0.2890   1.6960  -0.0499   1.4761   1.4759  -0.2796   0.0000   0.0469  -0.3077    0.218
    58   6.8736   1.0735   0.1917   1.2498  -0.0345   1.2004   1.2002  -0.2224   0.0000   0.0518  -0.2369    0.207
    59   7.0178   0.9975   0.1087   0.7686  -0.0171   0.7924   0.7923  -0.1298   0.0000   0.0460  -0.1452    0.192
    60   7.0908   0.9589   0.0351   0.2601  -0.0027   0.2781   0.2780  -0.0389   0.0000   0.0198  -0.0475    0.179

  Surface # 4     horizontal_stabilizer (YDUP)            
     # Chordwise = 10   # Spanwise = 20     First strip = 61
     Surface area =   20.072786       Ave. chord =    2.827143
     CLsurf  =   0.19973     Clsurf  =   0.01765
     CYsurf  =   0.00454     Cmsurf  =  -0.88047
     CDsurf  =  -0.02135     Cnsurf  =   0.00142
     CDisurf =  -0.02135     CDvsurf =   0.00000

  Forces referred to Ssurf, Cave about hinge axis thru LE
     CLsurf  =   1.24246     CDsurf  =  -0.13284
     Deflect =

 Strip Forces referred to Strip Area, Chord
    j      Yle    Chord     Area     c cl      ai      cl_norm  cl       cd       cdv    cm_c/4    cm_LE  C.P.x/c
    61  -0.0103   4.6946   0.1934   4.3921   0.0724   0.9319   0.9317   0.0885   0.0000   0.0138   0.2178    0.235
    62  -0.0924   4.6512   0.5701   4.3646   0.0681   0.9491   0.9489  -0.0284   0.0000   0.0138   0.2186    0.235
    63  -0.2547   4.5656   0.9173   4.3554   0.0641   0.9664   0.9662  -0.0415   0.0000   0.0145   0.2217    0.235
    64  -0.4930   4.4399   1.2180   4.3368   0.0616   0.9909   0.9908  -0.0543   0.0000   0.0153   0.2266    0.235
    65  -0.8160   4.2695   1.5847   4.3013   0.0590   1.0230   1.0229  -0.0639   0.0000   0.0160   0.2335    0.234
    66  -1.2202   4.0563   1.7628   4.2439   0.0471   1.0633   1.0632  -0.0737   0.0000   0.0166   0.2426    0.234
    67  -1.6825   3.8123   1.8577   4.1620   0.0141   1.1106   1.1104  -0.0853   0.0000   0.0170   0.2534    0.235
    68  -2.1917   3.5437   1.8711   4.0604  -0.0256   1.1673   1.1671  -0.1031   0.0000   0.0174   0.2664    0.235
    69  -2.7353   3.2569   1.8099   3.9299  -0.0425   1.2295   1.2293  -0.1110   0.0000   0.0182   0.2807    0.235
    70  -3.2997   2.9591   1.6859   3.7893  -0.0432   1.3072   1.3070  -0.1369   0.0000   0.0194   0.2977    0.235
    71  -3.8713   2.6576   1.5141   3.6235  -0.0425   1.3948   1.3946  -0.1702   0.0000   0.0214   0.3163    0.235
    72  -4.4357   2.3597   1.3114   3.4274  -0.0450   1.4883   1.4880  -0.2011   0.0000   0.0237   0.3360    0.234
    73  -4.9793   2.0730   1.0945   3.1898  -0.0504   1.5811   1.5809  -0.2487   0.0000   0.0264   0.3547    0.233
    74  -5.4885   1.8043   0.8792   2.8965  -0.0567   1.6531   1.6529  -0.2891   0.0000   0.0294   0.3682    0.232
    75  -5.9508   1.5604   0.6781   2.5433  -0.0610   1.6799   1.6797  -0.3053   0.0000   0.0332   0.3705    0.230
    76  -6.3550   1.3472   0.5000   2.1347  -0.0593   1.6348   1.6346  -0.3103   0.0000   0.0391   0.3535    0.226
    77  -6.6617   1.1853   0.2890   1.6959  -0.0499   1.4761   1.4759  -0.2796   0.0000   0.0469   0.3077    0.218
    78  -6.8736   1.0735   0.1917   1.2498  -0.0345   1.2004   1.2002  -0.2224   0.0000   0.0518   0.2369    0.207
    79  -7.0178   0.9975   0.1087   0.7686  -0.0171   0.7924   0.7923  -0.1298   0.0000   0.0460   0.1452    0.192
    80  -7.0908   0.9589   0.0351   0.2601  -0.0027   0.2781   0.2780  -0.0389   0.0000   0.0198   0.0475    0.179

  Surface # 5     vertical_stabilizer                     
     # Chordwise = 10   # Spanwise = 20     First strip = 81
     Surface area =   26.974527       Ave. chord =    3.612513
     CLsurf  =   0.00000     Clsurf  =  -0.00000
     CYsurf  =  -0.00000     Cmsurf  =  -0.00000
     CDsurf  =  -0.00000     Cnsurf  =   0.00000
     CDisurf =  -0.00000     CDvsurf =   0.00000

  Forces referred to Ssurf, Cave about hinge axis thru LE
     CLsurf  =   0.00000     CDsurf  =  -0.00000
     Deflect =

 Strip Forces referred to Strip Area, Chord
    j      Yle    Chord     Area     c cl      ai      cl_norm  cl       cd       cdv    cm_c/4    cm_LE  C.P.x/c
    81   0.0000   8.1033   0.7081   0.0000   0.0000   0.0000   0.0000  -0.0000   0.0000  -0.0000  -0.0000    0.285
    82   0.0000   7.7953   1.2357   0.0000   0.0000   0.0000   0.0000  -0.0000   0.0000  -0.0000  -0.0000    0.259
    83   0.0000   7.3128   1.6577   0.0000  -0.0000   0.0000   0.0000  -0.0000   0.0000  -0.0000  -0.0000    0.268
    84   0.0000   6.6651   1.9342   0.0000  -0.0000   0.0000   0.0000  -0.0000   0.0000  -0.0000  -0.0000    0.321
    85   0.0000   5.8661   2.0384   0.0000  -0.0000   0.0000   0.0000  -0.0000   0.0000  -0.0000  -0.0000    0.294
    86   0.0000   4.9330   1.9589   0.0000  -0.0000   0.0000   0.0000  -0.0000   0.0000  -0.0000  -0.0000    0.325
    87   0.0000   4.2949   2.2317   0.0000  -0.0000   0.0000   0.0000  -0.0000   0.0000   0.0000  -0.0000    0.189
    88   0.0000   4.0244   2.2380   0.0000  -0.0000   0.0000   0.0000  -0.0000   0.0000   0.0000  -0.0000    0.211
    89   0.0000   3.7387   2.1678   0.0000  -0.0000   0.0000   0.0000  -0.0000   0.0000  -0.0000  -0.0000    0.250
    90   0.0000   3.4444   2.0327   0.0000  -0.0000   0.0000   0.0000  -0.0000   0.0000   0.0000  -0.0000    0.247
    91   0.0000   3.1483   1.8474   0.0000  -0.0000   0.0000   0.0000  -0.0000   0.0000  -0.0000  -0.0000    0.261
    92   0.0000   2.8574   1.6279   0.0000  -0.0000   0.0000   0.0000  -0.0000   0.0000   0.0000  -0.0000    0.244
    93   0.0000   2.5785   1.3906   0.0000  -0.0000   0.0000   0.0000  -0.0000   0.0000  -0.0000  -0.0000    0.258
    94   0.0000   2.3180   1.1503   0.0000  -0.0000   0.0000   0.0000  -0.0000   0.0000  -0.0000  -0.0000    0.268
    95   0.0000   2.0821   0.9193   0.0000  -0.0000   0.0000   0.0000  -0.0000   0.0000  -0.0000  -0.0000    0.280
    96   0.0000   1.8763   0.7063   0.0000  -0.0000   0.0000   0.0000  -0.0000   0.0000  -0.0000  -0.0000    0.253
    97   0.0000   1.7056   0.5158   0.0000  -0.0000   0.0000   0.0000  -0.0000   0.0000  -0.0000  -0.0000    0.262
    98   0.0000   1.5739   0.3482   0.0000  -0.0000   0.0000   0.0000  -0.0000   0.0000   0.0000  -0.0000    0.250
    99   0.0000   1.4843   0.2002   0.0000  -0.0000   0.0000   0.0000  -0.0000   0.0000   0.0000  -0.0000    0.231
   100   0.0000   1.4389   0.0652   0.0000  -0.0000   0.0000   0.0000  -0.0000   0.0000   0.0000  -0.0000    0.225

  Surface # 6     fuselage_horizontal                     
     # Chordwise = 10   # Spanwise = 10     First strip =101
     Surface area =  112.392822       Ave. chord =   30.376440
     CLsurf  =   0.00809     Clsurf  =   0.00000
     CYsurf  =   0.00001     Cmsurf  =  -0.04105
     CDsurf  =  -0.00918     Cnsurf  =  -0.00000
     CDisurf =  -0.00918     CDvsurf =   0.00000

  Forces referred to Ssurf, Cave about hinge axis thru LE
     CLsurf  =   0.00899     CDsurf  =  -0.01020
     Deflect =

 Strip Forces referred to Strip Area, Chord
    j      Yle    Chord     Area     c cl      ai      cl_norm  cl       cd       cdv    cm_c/4    cm_LE  C.P.x/c
   101  -1.6650  21.5445   7.9715   0.0722   0.3084  -0.0235  -0.0014   0.0388   0.0000  -0.0097  -0.0011
   102  -1.2950  27.3129  10.1058  -0.1099   0.3004  -0.0447  -0.0103   0.0511   0.0000  -0.0066  -0.0011   -0.394
   103  -0.9250  31.3629  11.6043   0.1171   0.2420   0.0005   0.0002   0.0289   0.0000  -0.0076  -0.0023
   104  -0.5550  34.6182  12.8087   0.3745   0.0136   0.0169   0.0129  -0.0161   0.0000  -0.0068  -0.0035    0.780
   105  -0.1850  37.0437  13.7062   0.7127  -0.0684   0.0331   0.0331  -0.1115   0.0000  -0.0073  -0.0074    0.471
   106   0.1850  37.0437  13.7062   0.7127  -0.0684   0.0331   0.0331  -0.1115   0.0000  -0.0073  -0.0074    0.471
   107   0.5550  34.6182  12.8087   0.3745   0.0136   0.0169   0.0129  -0.0160   0.0000  -0.0068  -0.0035    0.780
   108   0.9250  31.3629  11.6043   0.1171   0.2420   0.0005   0.0002   0.0289   0.0000  -0.0076  -0.0023
   109   1.2950  27.3129  10.1058  -0.1099   0.3004  -0.0447  -0.0103   0.0511   0.0000  -0.0066  -0.0011   -0.394
   110   1.6650  21.5445   7.9715   0.0722   0.3084  -0.0235  -0.0014   0.0388   0.0000  -0.0097  -0.0011

  Surface # 7     fuselage_vertical                       
     # Chordwise = 10   # Spanwise = 10     First strip =111
     Surface area =  114.215408       Ave. chord =   30.376440
     CLsurf  =  -0.00000     Clsurf  =   0.00000
     CYsurf  =  -0.00000     Cmsurf  =   0.00000
     CDsurf  =  -0.00000     Cnsurf  =   0.00000
     CDisurf =  -0.00000     CDvsurf =   0.00000

  Forces referred to Ssurf, Cave about hinge axis thru LE
     CLsurf  =   0.00000     CDsurf  =  -0.00000
     Deflect =

 Strip Forces referred to Strip Area, Chord
    j      Yle    Chord     Area     c cl      ai      cl_norm  cl       cd       cdv    cm_c/4    cm_LE  C.P.x/c
   111   0.0000  21.5445   8.1007  -0.0000   0.0000  -0.0000  -0.0000   0.0000   0.0000   0.0000   0.0000
   112   0.0000  27.3129  10.2696   0.0000   0.0000   0.0000   0.0000   0.0000   0.0000   0.0000   0.0000
   113   0.0000  31.3629  11.7925   0.0000  -0.0000   0.0000   0.0000   0.0000   0.0000   0.0000   0.0000
   114   0.0000  34.6182  13.0164   0.0000  -0.0000   0.0000   0.0000  -0.0000   0.0000   0.0000   0.0000
   115   0.0000  37.0437  13.9284   0.0000  -0.0000   0.0000   0.0000  -0.0000   0.0000   0.0000   0.0000   -0.312
   116   0.0000  37.0437  13.9284   0.0000  -0.0000   0.0000   0.0000  -0.0000   0.0000  -0.0000  -0.0000    0.676
   117   0.0000  34.6182  13.0164   0.0000  -0.0000   0.0000   0.0000  -0.0000   0.0000  -0.0000  -0.0000    0.726
   118   0.0000  31.3629  11.7925   0.0000  -0.0000   0.0000   0.0000  -0.0000   0.0000  -0.0000  -0.0000    0.748
   119   0.0000  27.3129  10.2696   0.0000   0.0000   0.0000   0.0000   0.0000   0.0000  -0.0000  -0.0000    0.751
   120   0.0000  21.5445   8.1007   0.0000   0.0000   0.0000   0.0000  -0.0000   0.0000  -0.0000  -0.0000    0.771
 ---------------------------------------------------------------
