 ---------------------------------------------------------------
 Surface and Strip Forces by surface

  Forces referred to Sref, Cref, Bref about Xref, Yref, Zref
 Standard axis orientation,  X fwd, Z down         

  Surface # 1     main_wing                               
     # Chordwise = 10   # Spanwise = 20     First strip =  1
     Surface area =   63.790974       Ave. chord =    3.717419
     CLsurf  =  -2.13911     Clsurf  =   0.47197
     CYsurf  =   0.07562     Cmsurf  =   0.36060
     CDsurf  =   0.12762     Cnsurf  =   0.15412
     CDisurf =   0.12762     CDvsurf =   0.00000

  Forces referred to Ssurf, Cave about hinge axis thru LE
     CLsurf  =  -4.18719     CDsurf  =   0.24979
     Deflect =

 Strip Forces referred to Strip Area, Chord
    j      Yle    Chord     Area     c cl      ai      cl_norm  cl       cd       cdv    cm_c/4    cm_LE  C.P.x/c
     1   0.0271   7.7411   0.8376 -17.5453  -0.5668   1.7398   1.7396 -32.7664   0.0000   1.2263   1.7636   -0.455
     2   0.2428   7.5905   2.4436 -18.7056  -0.4435  -2.1777  -2.1775  -2.4867   0.0000   1.2754   1.8606    0.836
     3   0.6690   7.2932   3.8488 -18.4051  -0.2620  -2.4854  -2.4851  -0.4677   0.0000   1.2466   1.8468    0.752
     4   1.2950   6.8563   4.9402 -17.4193  -0.0464  -2.5779  -2.5777   0.1465   0.0000   1.0885   1.6955    0.672
     5   2.1056   6.2906   5.6339 -16.5478   0.1645  -2.6755  -2.6753   0.2031   0.0000   0.7768   1.4110    0.540
     6   3.0065   5.6619   5.0672 -15.8341   0.2190  -2.8895  -2.8893   0.5838   0.0000   0.4304   1.1111    0.399
     7   3.9586   4.9974   5.0150 -16.3751   0.0310  -3.3935  -3.3932   0.7483   0.0000   0.2234   1.0256    0.316
     8   5.0073   4.2656   4.6382 -17.4158  -0.2012  -4.2588  -4.2584   1.1803   0.0000   0.0761   1.0789    0.268
     9   6.1989   3.7534   4.8429 -18.2859  -0.3929  -5.0911  -5.0908   1.4849   0.0000  -0.0162   1.1998    0.247
    10   7.5095   3.4937   4.6216 -18.3538  -0.4445  -5.4556  -5.4552   1.3223   0.0000  -0.0245   1.2868    0.246
    11   8.8364   3.2307   4.2738 -17.8455  -0.4382  -5.7136  -5.7132   1.2059   0.0000  -0.0207   1.3581    0.246
    12  10.1470   2.9710   3.8335 -16.9564  -0.4085  -5.8872  -5.8868   1.1136   0.0000  -0.0160   1.4085    0.247
    13  11.4090   2.7210   3.3357 -15.8170  -0.3824  -5.9864  -5.9860   1.0536   0.0000  -0.0156   1.4354    0.247
    14  12.6340   2.4782   3.0105 -14.4829  -0.3696  -6.0134  -6.0130   1.0187   0.0000  -0.0170   1.4417    0.247
    15  13.7866   2.2498   2.4374 -12.9788  -0.3768  -5.9382  -5.9378   1.0235   0.0000  -0.0231   1.4168    0.246
    16  14.7941   2.0502   1.8970 -11.3450  -0.4119  -5.7073  -5.7069   1.0731   0.0000  -0.0369   1.3443    0.244
    17  15.6315   1.8843   1.4027  -9.5385  -0.4793  -5.2420  -5.2416   1.1520   0.0000  -0.0618   1.2019    0.238
    18  16.2783   1.7561   0.9575  -7.4698  -0.5740  -4.4363  -4.4360   1.2254   0.0000  -0.0948   0.9671    0.229
    19  16.8016   1.3043   0.6198  -4.8339  -0.5285  -3.8425  -3.8411   0.8727   0.0000  -0.1433   0.7320    0.213
    20  17.1200   0.8402   0.1342  -1.6293  -0.4832  -1.9868  -1.9860   0.2639   0.0000  -0.1377   0.3244    0.181

  Surface # 2     main_wing (YDUP)                        
     # Chordwise = 10   # Spanwise = 20     First strip = 21
     Surface area =   63.790974       Ave. chord =    3.717419
     CLsurf  =  -2.13911     Clsurf  =  -0.47197
     CYsurf  =  -0.07562     Cmsurf  =   0.36060
     CDsurf  =   0.12762     Cnsurf  =  -0.15412
     CDisurf =   0.12762     CDvsurf =   0.00000

  Forces referred to Ssurf, Cave about hinge axis thru LE
     CLsurf  =  -4.18718     CDsurf  =   0.24979
     Deflect =

 Strip Forces referred to Strip Area, Chord
    j      Yle    Chord     Area     c cl      ai      cl_norm  cl       cd       cdv    cm_c/4    cm_LE  C.P.x/c
    21  -0.0271   7.7411   0.8376 -17.5453  -0.5668   1.7397   1.7396 -32.7660   0.0000   1.2263  -1.7636   -0.455
    22  -0.2428   7.5905   2.4436 -18.7056  -0.4435  -2.1777  -2.1775  -2.4866   0.0000   1.2754  -1.8606    0.836
    23  -0.6690   7.2932   3.8488 -18.4050  -0.2619  -2.4853  -2.4851  -0.4679   0.0000   1.2466  -1.8468    0.752
    24  -1.2950   6.8563   4.9402 -17.4192  -0.0464  -2.5779  -2.5777   0.1465   0.0000   1.0885  -1.6955    0.672
    25  -2.1056   6.2906   5.6339 -16.5478   0.1645  -2.6755  -2.6752   0.2031   0.0000   0.7768  -1.4110    0.540
    26  -3.0065   5.6619   5.0672 -15.8341   0.2190  -2.8895  -2.8893   0.5838   0.0000   0.4304  -1.1111    0.399
    27  -3.9586   4.9974   5.0150 -16.3750   0.0310  -3.3935  -3.3932   0.7483   0.0000   0.2234  -1.0256    0.316
    28  -5.0073   4.2656   4.6382 -17.4157  -0.2012  -4.2588  -4.2584   1.1803   0.0000   0.0761  -1.0789    0.268
    29  -6.1989   3.7534   4.8429 -18.2859  -0.3929  -5.0911  -5.0908   1.4849   0.0000  -0.0162  -1.1998    0.247
    30  -7.5095   3.4937   4.6216 -18.3538  -0.4445  -5.4556  -5.4552   1.3224   0.0000  -0.0245  -1.2868    0.246
    31  -8.8364   3.2307   4.2738 -17.8454  -0.4382  -5.7136  -5.7132   1.2059   0.0000  -0.0207  -1.3581    0.246
    32 -10.1470   2.9710   3.8335 -16.9563  -0.4085  -5.8872  -5.8868   1.1136   0.0000  -0.0160  -1.4085    0.247
    33 -11.4090   2.7210   3.3357 -15.8169  -0.3824  -5.9864  -5.9860   1.0536   0.0000  -0.0156  -1.4354    0.247
    34 -12.6340   2.4782   3.0105 -14.4828  -0.3696  -6.0134  -6.0130   1.0187   0.0000  -0.0170  -1.4417    0.247
    35 -13.7866   2.2498   2.4374 -12.9787  -0.3768  -5.9381  -5.9377   1.0235   0.0000  -0.0231  -1.4168    0.246
    36 -14.7941   2.0502   1.8970 -11.3450  -0.4119  -5.7073  -5.7069   1.0730   0.0000  -0.0369  -1.3443    0.244
    37 -15.6315   1.8843   1.4027  -9.5384  -0.4793  -5.2419  -5.2416   1.1520   0.0000  -0.0618  -1.2019    0.238
    38 -16.2783   1.7561   0.9575  -7.4697  -0.5740  -4.4363  -4.4360   1.2253   0.0000  -0.0948  -0.9671    0.229
    39 -16.8016   1.3043   0.6198  -4.8339  -0.5285  -3.8425  -3.8411   0.8727   0.0000  -0.1433  -0.7320    0.213
    40 -17.1200   0.8402   0.1342  -1.6293  -0.4832  -1.9868  -1.9860   0.2639   0.0000  -0.1377  -0.3244    0.181

  Surface # 3     horizontal_stabilizer                   
     # Chordwise = 10   # Spanwise = 20     First strip = 41
     Surface area =   20.072786       Ave. chord =    2.827143
     CLsurf  =   0.20181     Clsurf  =  -0.01783
     CYsurf  =  -0.00457     Cmsurf  =  -0.88962
     CDsurf  =  -0.02164     Cnsurf  =  -0.00145
     CDisurf =  -0.02164     CDvsurf =   0.00000

  Forces referred to Ssurf, Cave about hinge axis thru LE
     CLsurf  =   1.25543     CDsurf  =  -0.13460
     Deflect =

 Strip Forces referred to Strip Area, Chord
    j      Yle    Chord     Area     c cl      ai      cl_norm  cl       cd       cdv    cm_c/4    cm_LE  C.P.x/c
    41   0.0103   4.6946   0.1934   4.4402   0.0721   0.9417   0.9416   0.0922   0.0000   0.0141  -0.2201    0.235
    42   0.0924   4.6512   0.5701   4.4121   0.0678   0.9595   0.9593  -0.0294   0.0000   0.0141  -0.2208    0.235
    43   0.2547   4.5656   0.9173   4.4027   0.0638   0.9769   0.9767  -0.0419   0.0000   0.0148  -0.2240    0.235
    44   0.4930   4.4399   1.2180   4.3835   0.0613   1.0015   1.0013  -0.0538   0.0000   0.0156  -0.2289    0.234
    45   0.8160   4.2695   1.5847   4.3479   0.0589   1.0341   1.0340  -0.0646   0.0000   0.0163  -0.2359    0.234
    46   1.2202   4.0563   1.7628   4.2906   0.0469   1.0752   1.0751  -0.0761   0.0000   0.0170  -0.2450    0.234
    47   1.6825   3.8123   1.8577   4.2077   0.0140   1.1230   1.1228  -0.0878   0.0000   0.0174  -0.2560    0.235
    48   2.1917   3.5437   1.8711   4.1037  -0.0258   1.1795   1.1793  -0.1022   0.0000   0.0177  -0.2691    0.235
    49   2.7353   3.2569   1.8099   3.9707  -0.0427   1.2423   1.2421  -0.1119   0.0000   0.0187  -0.2833    0.235
    50   3.2997   2.9591   1.6859   3.8282  -0.0432   1.3204   1.3202  -0.1365   0.0000   0.0199  -0.3005    0.235
    51   3.8713   2.6576   1.5141   3.6621  -0.0423   1.4101   1.4099  -0.1758   0.0000   0.0221  -0.3192    0.234
    52   4.4357   2.3597   1.3114   3.4613  -0.0448   1.5031   1.5029  -0.2040   0.0000   0.0244  -0.3389    0.234
    53   4.9793   2.0730   1.0945   3.2209  -0.0501   1.5962   1.5960  -0.2491   0.0000   0.0270  -0.3578    0.233
    54   5.4885   1.8043   0.8792   2.9252  -0.0564   1.6696   1.6694  -0.2932   0.0000   0.0299  -0.3717    0.232
    55   5.9508   1.5604   0.6781   2.5679  -0.0607   1.6965   1.6963  -0.3111   0.0000   0.0340  -0.3736    0.230
    56   6.3550   1.3472   0.5000   2.1563  -0.0591   1.6520   1.6517  -0.3180   0.0000   0.0398  -0.3567    0.226
    57   6.6617   1.1853   0.2890   1.7110  -0.0498   1.4893   1.4891  -0.2827   0.0000   0.0479  -0.3099    0.218
    58   6.8736   1.0735   0.1917   1.2613  -0.0347   1.2122   1.2120  -0.2302   0.0000   0.0527  -0.2386    0.207
    59   7.0178   0.9975   0.1087   0.7748  -0.0175   0.7987   0.7986  -0.1304   0.0000   0.0468  -0.1460    0.191
    60   7.0908   0.9589   0.0351   0.2624  -0.0031   0.2808   0.2807  -0.0407   0.0000   0.0200  -0.0479    0.179

  Surface # 4     horizontal_stabilizer (YDUP)            
     # Chordwise = 10   # Spanwise = 20     First strip = 61
     Surface area =   20.072786       Ave. chord =    2.827143
     CLsurf  =   0.20181     Clsurf  =   0.01783
     CYsurf  =   0.00457     Cmsurf  =  -0.88962
     CDsurf  =  -0.02164     Cnsurf  =   0.00145
     CDisurf =  -0.02164     CDvsurf =   0.00000

  Forces referred to Ssurf, Cave about hinge axis thru LE
     CLsurf  =   1.25543     CDsurf  =  -0.13460
     Deflect =

 Strip Forces referred to Strip Area, Chord
    j      Yle    Chord     Area     c cl      ai      cl_norm  cl       cd       cdv    cm_c/4    cm_LE  C.P.x/c
    61  -0.0103   4.6946   0.1934   4.4402   0.0721   0.9417   0.9416   0.0922   0.0000   0.0141   0.2201    0.235
    62  -0.0924   4.6512   0.5701   4.4121   0.0678   0.9595   0.9593  -0.0294   0.0000   0.0141   0.2208    0.235
    63  -0.2547   4.5656   0.9173   4.4027   0.0638   0.9769   0.9767  -0.0419   0.0000   0.0148   0.2240    0.235
    64  -0.4930   4.4399   1.2180   4.3835   0.0613   1.0015   1.0013  -0.0538   0.0000   0.0156   0.2289    0.234
    65  -0.8160   4.2695   1.5847   4.3479   0.0589   1.0341   1.0340  -0.0646   0.0000   0.0163   0.2359    0.234
    66  -1.2202   4.0563   1.7628   4.2906   0.0469   1.0752   1.0751  -0.0761   0.0000   0.0170   0.2450    0.234
    67  -1.6825   3.8123   1.8577   4.2077   0.0140   1.1230   1.1228  -0.0878   0.0000   0.0174   0.2560    0.235
    68  -2.1917   3.5437   1.8711   4.1037  -0.0258   1.1795   1.1793  -0.1022   0.0000   0.0177   0.2691    0.235
    69  -2.7353   3.2569   1.8099   3.9707  -0.0427   1.2423   1.2421  -0.1119   0.0000   0.0187   0.2833    0.235
    70  -3.2997   2.9591   1.6859   3.8282  -0.0432   1.3204   1.3202  -0.1365   0.0000   0.0199   0.3005    0.235
    71  -3.8713   2.6576   1.5141   3.6620  -0.0423   1.4101   1.4099  -0.1758   0.0000   0.0221   0.3192    0.234
    72  -4.4357   2.3597   1.3114   3.4613  -0.0447   1.5031   1.5029  -0.2040   0.0000   0.0244   0.3389    0.234
    73  -4.9793   2.0730   1.0945   3.2209  -0.0501   1.5962   1.5960  -0.2491   0.0000   0.0270   0.3578    0.233
    74  -5.4885   1.8043   0.8792   2.9252  -0.0564   1.6696   1.6694  -0.2932   0.0000   0.0299   0.3716    0.232
    75  -5.9508   1.5604   0.6781   2.5679  -0.0607   1.6965   1.6963  -0.3111   0.0000   0.0340   0.3736    0.230
    76  -6.3550   1.3472   0.5000   2.1563  -0.0591   1.6519   1.6517  -0.3180   0.0000   0.0398   0.3567    0.226
    77  -6.6617   1.1853   0.2890   1.7110  -0.0498   1.4893   1.4891  -0.2827   0.0000   0.0479   0.3099    0.218
    78  -6.8736   1.0735   0.1917   1.2613  -0.0347   1.2122   1.2120  -0.2302   0.0000   0.0527   0.2386    0.207
    79  -7.0178   0.9975   0.1087   0.7748  -0.0175   0.7987   0.7986  -0.1304   0.0000   0.0468   0.1460    0.191
    80  -7.0908   0.9589   0.0351   0.2624  -0.0031   0.2808   0.2807  -0.0407   0.0000   0.0200   0.0479    0.179

  Surface # 5     vertical_stabilizer                     
     # Chordwise = 10   # Spanwise = 20     First strip = 81
     Surface area =   26.974527       Ave. chord =    3.612513
     CLsurf  =   0.00000     Clsurf  =  -0.00000
     CYsurf  =  -0.00000     Cmsurf  =  -0.00000
     CDsurf  =  -0.00000     Cnsurf  =   0.00000
     CDisurf =  -0.00000     CDvsurf =   0.00000

  Forces referred to Ssurf, Cave about hinge axis thru LE
     CLsurf  =   0.00000     CDsurf  =  -0.00000
     Deflect =

 Strip Forces referred to Strip Area, Chord
    j      Yle    Chord     Area     c cl      ai      cl_norm  cl       cd       cdv    cm_c/4    cm_LE  C.P.x/c
    81   0.0000   8.1033   0.7081   0.0000   0.0000   0.0000   0.0000   0.0000   0.0000   0.0000  -0.0000    0.189
    82   0.0000   7.7953   1.2357   0.0000   0.0000   0.0000   0.0000  -0.0000   0.0000   0.0000  -0.0000    0.226
    83   0.0000   7.3128   1.6577   0.0000  -0.0000   0.0000   0.0000  -0.0000   0.0000  -0.0000  -0.0000    0.250
    84   0.0000   6.6651   1.9342   0.0000  -0.0000   0.0000   0.0000  -0.0000   0.0000   0.0000  -0.0000    0.197
    85   0.0000   5.8661   2.0384   0.0000  -0.0000   0.0000   0.0000  -0.0000   0.0000   0.0000  -0.0000    0.222
    86   0.0000   4.9330   1.9589   0.0000  -0.0000   0.0000   0.0000  -0.0000   0.0000  -0.0000  -0.0000    0.282
    87   0.0000   4.2949   2.2317   0.0000  -0.0000   0.0000   0.0000  -0.0000   0.0000   0.0000  -0.0000    0.169
    88   0.0000   4.0244   2.2380   0.0000  -0.0000   0.0000   0.0000  -0.0000   0.0000   0.0000  -0.0000    0.186
    89   0.0000   3.7387   2.1678   0.0000  -0.0000   0.0000   0.0000  -0.0000   0.0000   0.0000  -0.0000    0.185
    90   0.0000   3.4444   2.0327   0.0000  -0.0000   0.0000   0.0000  -0.0000   0.0000   0.0000  -0.0000    0.204
    91   0.0000   3.1483   1.8474   0.0000  -0.0000   0.0000   0.0000  -0.0000   0.0000   0.0000  -0.0000    0.227
    92   0.0000   2.8574   1.6279   0.0000  -0.0000   0.0000   0.0000  -0.0000   0.0000   0.0000  -0.0000    0.245
    93   0.0000   2.5785   1.3906   0.0000  -0.0000   0.0000   0.0000  -0.0000   0.0000  -0.0000  -0.0000    0.255
    94   0.0000   2.3180   1.1503   0.0000  -0.0000   0.0000   0.0000  -0.0000   0.0000  -0.0000  -0.0000    0.251
    95   0.0000   2.0821   0.9193   0.0000  -0.0000   0.0000   0.0000  -0.0000   0.0000  -0.0000  -0.0000    0.262
    96   0.0000   1.8763   0.7063   0.0000  -0.0000   0.0000   0.0000  -0.0000   0.0000  -0.0000  -0.0000    0.255
    97   0.0000   1.7056   0.5158   0.0000  -0.0000   0.0000   0.0000  -0.0000   0.0000   0.0000  -0.0000    0.240
    98   0.0000   1.5739   0.3482   0.0000  -0.0000   0.0000   0.0000  -0.0000   0.0000   0.0000  -0.0000    0.224
    99   0.0000   1.4843   0.2002   0.0000  -0.0000   0.0000   0.0000  -0.0000   0.0000   0.0000  -0.0000    0.211
   100   0.0000   1.4389   0.0652   0.0000  -0.0000   0.0000   0.0000  -0.0000   0.0000   0.0000  -0.0000    0.207

  Surface # 6     fuselage_horizontal                     
     # Chordwise = 10   # Spanwise = 10     First strip =101
     Surface area =  112.392822       Ave. chord =   30.376440
     CLsurf  =   0.00743     Clsurf  =  -0.00000
     CYsurf  =  -0.00001     Cmsurf  =  -0.04134
     CDsurf  =  -0.00948     Cnsurf  =   0.00000
     CDisurf =  -0.00948     CDvsurf =   0.00000

  Forces referred to Ssurf, Cave about hinge axis thru LE
     CLsurf  =   0.00826     CDsurf  =  -0.01053
     Deflect =

 Strip Forces referred to Strip Area, Chord
    j      Yle    Chord     Area     c cl      ai      cl_norm  cl       cd       cdv    cm_c/4    cm_LE  C.P.x/c
   101  -1.6650  21.5445   7.9715   0.0522   0.3083  -0.0415  -0.0025   0.0399   0.0000  -0.0095  -0.0011
   102  -1.2950  27.3129  10.1058  -0.1431   0.3006  -0.0508  -0.0117   0.0525   0.0000  -0.0064  -0.0010   -0.297
   103  -0.9250  31.3629  11.6043   0.0865   0.2426  -0.0019  -0.0009   0.0297   0.0000  -0.0075  -0.0022
   104  -0.5550  34.6182  12.8087   0.3527   0.0119   0.0161   0.0123  -0.0165   0.0000  -0.0068  -0.0034    0.801
   105  -0.1850  37.0437  13.7062   0.7021  -0.0703   0.0332   0.0332  -0.1147   0.0000  -0.0074  -0.0073    0.472
   106   0.1850  37.0437  13.7062   0.7021  -0.0703   0.0332   0.0332  -0.1147   0.0000  -0.0074  -0.0073    0.472
   107   0.5550  34.6182  12.8087   0.3527   0.0119   0.0161   0.0123  -0.0166   0.0000  -0.0068  -0.0034    0.800
   108   0.9250  31.3629  11.6043   0.0865   0.2426  -0.0019  -0.0009   0.0297   0.0000  -0.0075  -0.0022
   109   1.2950  27.3129  10.1058  -0.1431   0.3006  -0.0508  -0.0117   0.0525   0.0000  -0.0064  -0.0010   -0.297
   110   1.6650  21.5445   7.9715   0.0522   0.3083  -0.0415  -0.0025   0.0399   0.0000  -0.0095  -0.0011

  Surface # 7     fuselage_vertical                       
     # Chordwise = 10   # Spanwise = 10     First strip =111
     Surface area =  114.215408       Ave. chord =   30.376440
     CLsurf  =   0.00000     Clsurf  =   0.00000
     CYsurf  =  -0.00000     Cmsurf  =  -0.00000
     CDsurf  =  -0.00000     Cnsurf  =   0.00000
     CDisurf =  -0.00000     CDvsurf =   0.00000

  Forces referred to Ssurf, Cave about hinge axis thru LE
     CLsurf  =   0.00000     CDsurf  =  -0.00000
     Deflect =

 Strip Forces referred to Strip Area, Chord
    j      Yle    Chord     Area     c cl      ai      cl_norm  cl       cd       cdv    cm_c/4    cm_LE  C.P.x/c
   111   0.0000  21.5445   8.1007  -0.0000   0.0000  -0.0000  -0.0000  -0.0000   0.0000   0.0000   0.0000    1.010
   112   0.0000  27.3129  10.2696  -0.0000   0.0000  -0.0000  -0.0000   0.0000   0.0000   0.0000   0.0000
   113   0.0000  31.3629  11.7925   0.0000  -0.0000   0.0000   0.0000   0.0000   0.0000   0.0000   0.0000
   114   0.0000  34.6182  13.0164   0.0000  -0.0000   0.0000   0.0000  -0.0000   0.0000   0.0000   0.0000
   115   0.0000  37.0437  13.9284   0.0000  -0.0000   0.0000   0.0000  -0.0000   0.0000   0.0000   0.0000   -0.256
   116   0.0000  37.0437  13.9284   0.0000  -0.0000   0.0000   0.0000  -0.0000   0.0000  -0.0000  -0.0000    0.709
   117   0.0000  34.6182  13.0164   0.0000  -0.0000   0.0000   0.0000  -0.0000   0.0000  -0.0000  -0.0000    0.720
   118   0.0000  31.3629  11.7925   0.0000  -0.0000   0.0000   0.0000   0.0000   0.0000  -0.0000  -0.0000    0.709
   119   0.0000  27.3129  10.2696   0.0000   0.0000   0.0000   0.0000   0.0000   0.0000  -0.0000  -0.0000    0.729
   120   0.0000  21.5445   8.1007   0.0000   0.0000   0.0000   0.0000  -0.0000   0.0000  -0.0000  -0.0000    0.769
 ---------------------------------------------------------------
