 ---------------------------------------------------------------
 Surface and Strip Forces by surface

  Forces referred to Sref, Cref, Bref about Xref, Yref, Zref
 Standard axis orientation,  X fwd, Z down         

  Surface # 1     main_wing                               
     # Chordwise = 10   # Spanwise = 30     First strip =  1
     Surface area =   63.968842       Ave. chord =    3.715026
     CLsurf  =  -0.05438     Clsurf  =   0.01222
     CYsurf  =   0.00450     Cmsurf  =   0.04539
     CDsurf  =   0.00025     Cnsurf  =  -0.00103
     CDisurf =   0.00025     CDvsurf =   0.00000

  Forces referred to Ssurf, Cave about hinge axis thru LE
     CLsurf  =  -0.10649     CDsurf  =   0.00049
     Deflect =

 Strip Forces referred to Strip Area, Chord
    j      Yle    Chord     Area     c cl      ai      cl_norm  cl       cd       cdv    cm_c/4    cm_LE  C.P.x/c
     1   0.0114   7.7520   0.3539  -0.3987  -0.0213  -0.0656  -0.0510   0.0130   0.0000  -0.0078   0.0041    0.098
     2   0.1025   7.6885   1.0492  -0.4102  -0.0215  -0.0686  -0.0533   0.0017   0.0000  -0.0077   0.0045    0.105
     3   0.2837   7.5620   1.7073  -0.4119  -0.0220  -0.0701  -0.0545   0.0010   0.0000  -0.0081   0.0045    0.102
     4   0.5530   7.3741   2.3052  -0.4144  -0.0226  -0.0723  -0.0562   0.0008   0.0000  -0.0087   0.0043    0.095
     5   0.9075   7.1267   2.8223  -0.4186  -0.0227  -0.0756  -0.0587   0.0008   0.0000  -0.0095   0.0042    0.089
     6   1.3432   6.8226   3.2414  -0.4247  -0.0212  -0.0801  -0.0623   0.0008   0.0000  -0.0102   0.0043    0.086
     7   1.8554   6.4651   3.5491  -0.4332  -0.0169  -0.0862  -0.0670   0.0007   0.0000  -0.0109   0.0047    0.087
     8   2.4386   6.0582   3.7368  -0.4434  -0.0126  -0.0942  -0.0732   0.0007   0.0000  -0.0116   0.0054    0.092
     9   3.0862   5.6062   3.8005  -0.4543  -0.0120  -0.1043  -0.0811   0.0007   0.0000  -0.0122   0.0065    0.099
    10   3.7613   5.1351   3.4440  -0.4635  -0.0126  -0.1162  -0.0903   0.0008   0.0000  -0.0133   0.0075    0.102
    11   4.4532   4.6522   3.3149  -0.4696  -0.0126  -0.1299  -0.1010   0.0009   0.0000  -0.0153   0.0080    0.098
    12   5.1831   4.1429   3.0930  -0.4736  -0.0125  -0.1472  -0.1144   0.0009   0.0000  -0.0185   0.0081    0.088
    13   6.0123   3.7903   3.4706  -0.4729  -0.0110  -0.1515  -0.1248   0.0008   0.0000  -0.0219   0.0081    0.074
    14   6.9353   3.6075   3.3775  -0.4670  -0.0080  -0.1572  -0.1295   0.0005   0.0000  -0.0228   0.0083    0.074
    15   7.8737   3.4215   3.2389  -0.4583  -0.0056  -0.1627  -0.1340   0.0004   0.0000  -0.0232   0.0090    0.077
    16   8.8172   3.2345   3.0619  -0.4471  -0.0043  -0.1679  -0.1383   0.0002   0.0000  -0.0234   0.0097    0.081
    17   9.7556   3.0486   2.8543  -0.4336  -0.0039  -0.1727  -0.1423   0.0001   0.0000  -0.0236   0.0104    0.084
    18  10.6786   2.8657   2.6240  -0.4177  -0.0042  -0.1770  -0.1458   0.0000   0.0000  -0.0238   0.0110    0.087
    19  11.5760   2.6879   2.3787  -0.3996  -0.0048  -0.1805  -0.1487  -0.0000   0.0000  -0.0241   0.0114    0.088
    20  12.4328   2.5181   2.1010  -0.3793  -0.0055  -0.1829  -0.1507  -0.0001   0.0000  -0.0245   0.0115    0.088
    21  13.2400   2.3582   1.8520  -0.3565  -0.0064  -0.1836  -0.1513  -0.0002   0.0000  -0.0250   0.0111    0.085
    22  13.9941   2.2087   1.6074  -0.3309  -0.0073  -0.1819  -0.1499  -0.0003   0.0000  -0.0259   0.0101    0.077
    23  14.6868   2.0715   1.3716  -0.3015  -0.0082  -0.1768  -0.1456  -0.0005   0.0000  -0.0269   0.0082    0.065
    24  15.3105   1.9479   1.1479  -0.2679  -0.0088  -0.1671  -0.1377  -0.0006   0.0000  -0.0277   0.0057    0.049
    25  15.8583   1.8393   0.9381  -0.2303  -0.0093  -0.1521  -0.1253  -0.0008   0.0000  -0.0272   0.0034    0.033
    26  16.3244   1.7470   0.7427  -0.1888  -0.0099  -0.1313  -0.1082  -0.0007   0.0000  -0.0234   0.0031    0.034
    27  16.6722   1.4928   0.4131  -0.1453  -0.0095  -0.3213  -0.0975  -0.0026   0.0000  -0.0167   0.0033    0.079
    28  16.9098   1.1466   0.2292  -0.1025  -0.0072  -0.2950  -0.0895  -0.0033   0.0000  -0.0201   0.0008    0.026
    29  17.0696   0.9138   0.1104  -0.0604  -0.0047  -0.2186  -0.0663  -0.0044   0.0000  -0.0204  -0.0020   -0.057
    30  17.1499   0.7967   0.0322  -0.0199  -0.0032  -0.0830  -0.0252  -0.0054   0.0000  -0.0100  -0.0018   -0.147

  Surface # 2     main_wing (YDUP)                        
     # Chordwise = 10   # Spanwise = 30     First strip = 31
     Surface area =   63.968842       Ave. chord =    3.715026
     CLsurf  =  -0.05438     Clsurf  =  -0.01222
     CYsurf  =  -0.00450     Cmsurf  =   0.04538
     CDsurf  =   0.00025     Cnsurf  =   0.00103
     CDisurf =   0.00025     CDvsurf =   0.00000

  Forces referred to Ssurf, Cave about hinge axis thru LE
     CLsurf  =  -0.10649     CDsurf  =   0.00049
     Deflect =

 Strip Forces referred to Strip Area, Chord
    j      Yle    Chord     Area     c cl      ai      cl_norm  cl       cd       cdv    cm_c/4    cm_LE  C.P.x/c
    31  -0.0114   7.7520   0.3539  -0.3987  -0.0214  -0.0656  -0.0510   0.0130   0.0000  -0.0078  -0.0041    0.098
    32  -0.1025   7.6885   1.0492  -0.4102  -0.0215  -0.0686  -0.0533   0.0017   0.0000  -0.0077  -0.0045    0.105
    33  -0.2837   7.5620   1.7073  -0.4119  -0.0220  -0.0701  -0.0545   0.0010   0.0000  -0.0081  -0.0045    0.102
    34  -0.5530   7.3741   2.3052  -0.4144  -0.0226  -0.0723  -0.0562   0.0008   0.0000  -0.0087  -0.0043    0.095
    35  -0.9075   7.1267   2.8223  -0.4186  -0.0227  -0.0756  -0.0587   0.0008   0.0000  -0.0095  -0.0042    0.089
    36  -1.3432   6.8226   3.2414  -0.4247  -0.0212  -0.0801  -0.0623   0.0008   0.0000  -0.0102  -0.0043    0.086
    37  -1.8554   6.4651   3.5491  -0.4332  -0.0169  -0.0862  -0.0670   0.0007   0.0000  -0.0109  -0.0047    0.087
    38  -2.4386   6.0582   3.7368  -0.4434  -0.0126  -0.0942  -0.0732   0.0007   0.0000  -0.0116  -0.0054    0.092
    39  -3.0862   5.6062   3.8005  -0.4543  -0.0120  -0.1043  -0.0811   0.0007   0.0000  -0.0122  -0.0065    0.099
    40  -3.7613   5.1351   3.4440  -0.4635  -0.0126  -0.1162  -0.0903   0.0008   0.0000  -0.0133  -0.0075    0.102
    41  -4.4532   4.6522   3.3149  -0.4696  -0.0126  -0.1299  -0.1010   0.0009   0.0000  -0.0153  -0.0080    0.098
    42  -5.1831   4.1429   3.0930  -0.4736  -0.0125  -0.1472  -0.1144   0.0009   0.0000  -0.0185  -0.0081    0.088
    43  -6.0123   3.7903   3.4706  -0.4729  -0.0110  -0.1515  -0.1248   0.0008   0.0000  -0.0219  -0.0081    0.074
    44  -6.9353   3.6075   3.3775  -0.4670  -0.0080  -0.1572  -0.1295   0.0005   0.0000  -0.0228  -0.0083    0.074
    45  -7.8737   3.4215   3.2389  -0.4583  -0.0056  -0.1627  -0.1340   0.0004   0.0000  -0.0232  -0.0090    0.077
    46  -8.8172   3.2345   3.0619  -0.4471  -0.0043  -0.1679  -0.1383   0.0002   0.0000  -0.0234  -0.0097    0.081
    47  -9.7556   3.0486   2.8543  -0.4336  -0.0039  -0.1727  -0.1423   0.0001   0.0000  -0.0236  -0.0104    0.084
    48 -10.6786   2.8657   2.6240  -0.4177  -0.0042  -0.1770  -0.1458   0.0000   0.0000  -0.0238  -0.0110    0.087
    49 -11.5760   2.6879   2.3787  -0.3996  -0.0048  -0.1805  -0.1487  -0.0000   0.0000  -0.0241  -0.0114    0.088
    50 -12.4328   2.5181   2.1010  -0.3793  -0.0055  -0.1829  -0.1507  -0.0001   0.0000  -0.0245  -0.0115    0.088
    51 -13.2400   2.3582   1.8520  -0.3565  -0.0064  -0.1836  -0.1513  -0.0002   0.0000  -0.0250  -0.0111    0.085
    52 -13.9941   2.2087   1.6074  -0.3308  -0.0073  -0.1819  -0.1499  -0.0003   0.0000  -0.0259  -0.0101    0.077
    53 -14.6868   2.0715   1.3716  -0.3015  -0.0082  -0.1768  -0.1456  -0.0005   0.0000  -0.0269  -0.0082    0.065
    54 -15.3105   1.9479   1.1479  -0.2679  -0.0088  -0.1671  -0.1377  -0.0006   0.0000  -0.0277  -0.0057    0.049
    55 -15.8583   1.8393   0.9381  -0.2303  -0.0093  -0.1521  -0.1253  -0.0008   0.0000  -0.0272  -0.0034    0.033
    56 -16.3244   1.7470   0.7427  -0.1888  -0.0099  -0.1313  -0.1082  -0.0007   0.0000  -0.0234  -0.0031    0.034
    57 -16.6722   1.4928   0.4131  -0.1453  -0.0095  -0.3213  -0.0975  -0.0026   0.0000  -0.0167  -0.0033    0.079
    58 -16.9098   1.1466   0.2292  -0.1025  -0.0072  -0.2950  -0.0895  -0.0033   0.0000  -0.0201  -0.0008    0.026
    59 -17.0696   0.9138   0.1104  -0.0604  -0.0047  -0.2186  -0.0663  -0.0044   0.0000  -0.0204   0.0020   -0.057
    60 -17.1499   0.7967   0.0322  -0.0199  -0.0032  -0.0830  -0.0252  -0.0054   0.0000  -0.0100   0.0018   -0.147

  Surface # 3     horizontal_stabilizer                   
     # Chordwise = 10   # Spanwise = 30     First strip = 61
     Surface area =   20.301460       Ave. chord =    2.826985
     CLsurf  =  -0.02261     Clsurf  =   0.00223
     CYsurf  =   0.00353     Cmsurf  =   0.11329
     CDsurf  =   0.00035     Cnsurf  =  -0.00227
     CDisurf =   0.00035     CDvsurf =   0.00000

  Forces referred to Ssurf, Cave about hinge axis thru LE
     CLsurf  =  -0.14078     CDsurf  =   0.00217
     Deflect =

 Strip Forces referred to Strip Area, Chord
    j      Yle    Chord     Area     c cl      ai      cl_norm  cl       cd       cdv    cm_c/4    cm_LE  C.P.x/c
    61   0.0046   4.6976   0.0871  -0.4284  -0.0298  -0.1450  -0.0896   0.0472   0.0000   0.0115   0.0249    0.378
    62   0.0412   4.6783   0.2592  -0.4902  -0.0306  -0.1693  -0.1046   0.0067   0.0000   0.0125   0.0282    0.370
    63   0.1140   4.6399   0.4254  -0.4955  -0.0313  -0.1727  -0.1067   0.0037   0.0000   0.0124   0.0284    0.366
    64   0.2222   4.5828   0.5818  -0.4973  -0.0319  -0.1755  -0.1085   0.0032   0.0000   0.0118   0.0283    0.359
    65   0.3647   4.5076   0.7249  -0.4983  -0.0322  -0.1788  -0.1105   0.0031   0.0000   0.0110   0.0281    0.349
    66   0.5398   4.4152   0.8518  -0.4989  -0.0322  -0.1828  -0.1130   0.0030   0.0000   0.0099   0.0277    0.338
    67   0.7511   4.3037   1.0088  -0.4988  -0.0317  -0.1875  -0.1159   0.0029   0.0000   0.0088   0.0275    0.326
    68   0.9975   4.1737   1.0993  -0.4978  -0.0305  -0.1929  -0.1192   0.0028   0.0000   0.0077   0.0273    0.315
    69   1.2712   4.0294   1.1663  -0.4954  -0.0287  -0.1989  -0.1229   0.0026   0.0000   0.0067   0.0272    0.304
    70   1.5691   3.8722   1.2096  -0.4915  -0.0261  -0.2054  -0.1269   0.0025   0.0000   0.0058   0.0272    0.295
    71   1.8880   3.7039   1.2292  -0.4860  -0.0235  -0.2123  -0.1312   0.0024   0.0000   0.0049   0.0274    0.288
    72   2.2244   3.5264   1.2262  -0.4786  -0.0214  -0.2196  -0.1357   0.0023   0.0000   0.0042   0.0277    0.281
    73   2.5747   3.3417   1.2022  -0.4694  -0.0201  -0.2273  -0.1405   0.0021   0.0000   0.0036   0.0281    0.276
    74   2.9349   3.1516   1.1594  -0.4582  -0.0196  -0.2353  -0.1454   0.0020   0.0000   0.0031   0.0286    0.272
    75   3.3011   2.9584   1.1004  -0.4451  -0.0195  -0.2435  -0.1505   0.0018   0.0000   0.0027   0.0292    0.268
    76   3.6693   2.7641   1.0281  -0.4303  -0.0196  -0.2519  -0.1557   0.0017   0.0000   0.0023   0.0299    0.265
    77   4.0356   2.5709   0.9458  -0.4139  -0.0199  -0.2605  -0.1610   0.0016   0.0000   0.0020   0.0306    0.262
    78   4.3958   2.3809   0.8566  -0.3960  -0.0203  -0.2692  -0.1664   0.0014   0.0000   0.0016   0.0313    0.260
    79   4.7460   2.1961   0.7636  -0.3767  -0.0208  -0.2776  -0.1716   0.0012   0.0000   0.0012   0.0319    0.257
    80   5.0824   2.0186   0.6699  -0.3562  -0.0215  -0.2856  -0.1765   0.0010   0.0000   0.0006   0.0324    0.254
    81   5.4013   1.8503   0.5780  -0.3340  -0.0224  -0.2922  -0.1806   0.0008   0.0000  -0.0002   0.0325    0.249
    82   5.6992   1.6932   0.4901  -0.3103  -0.0235  -0.2967  -0.1834   0.0005   0.0000  -0.0014   0.0321    0.242
    83   5.9729   1.5488   0.4079  -0.2848  -0.0249  -0.2976  -0.1840   0.0001   0.0000  -0.0032   0.0309    0.233
    84   6.2193   1.4188   0.3326  -0.2573  -0.0262  -0.2936  -0.1814  -0.0003   0.0000  -0.0056   0.0287    0.219
    85   6.4358   1.3046   0.2646  -0.2273  -0.0274  -0.2821  -0.1744  -0.0008   0.0000  -0.0085   0.0253    0.202
    86   6.6379   1.1979   0.2441  -0.1935  -0.0285  -0.2615  -0.1616  -0.0013   0.0000  -0.0116   0.0207    0.178
    87   6.8184   1.1027   0.1774  -0.1541  -0.0293  -0.2264  -0.1399  -0.0020   0.0000  -0.0142   0.0148    0.148
    88   6.9555   1.0303   0.1197  -0.1120  -0.0299  -0.1762  -0.1089  -0.0026   0.0000  -0.0145   0.0089    0.116
    89   7.0478   0.9816   0.0689  -0.0679  -0.0303  -0.1122  -0.0694  -0.0028   0.0000  -0.0112   0.0043    0.088
    90   7.0942   0.9572   0.0225  -0.0228  -0.0304  -0.0387  -0.0239  -0.0022   0.0000  -0.0042   0.0012    0.072

  Surface # 4     horizontal_stabilizer (YDUP)            
     # Chordwise = 10   # Spanwise = 30     First strip = 91
     Surface area =   20.301460       Ave. chord =    2.826985
     CLsurf  =  -0.02261     Clsurf  =  -0.00223
     CYsurf  =  -0.00353     Cmsurf  =   0.11329
     CDsurf  =   0.00035     Cnsurf  =   0.00227
     CDisurf =   0.00035     CDvsurf =   0.00000

  Forces referred to Ssurf, Cave about hinge axis thru LE
     CLsurf  =  -0.14077     CDsurf  =   0.00217
     Deflect =

 Strip Forces referred to Strip Area, Chord
    j      Yle    Chord     Area     c cl      ai      cl_norm  cl       cd       cdv    cm_c/4    cm_LE  C.P.x/c
    91  -0.0046   4.6976   0.0871  -0.4284  -0.0298  -0.1450  -0.0896   0.0472   0.0000   0.0115  -0.0249    0.378
    92  -0.0412   4.6783   0.2592  -0.4902  -0.0306  -0.1693  -0.1046   0.0067   0.0000   0.0125  -0.0282    0.370
    93  -0.1140   4.6399   0.4254  -0.4955  -0.0313  -0.1727  -0.1067   0.0037   0.0000   0.0124  -0.0284    0.366
    94  -0.2222   4.5828   0.5818  -0.4973  -0.0319  -0.1755  -0.1085   0.0032   0.0000   0.0118  -0.0283    0.359
    95  -0.3647   4.5076   0.7249  -0.4983  -0.0322  -0.1788  -0.1105   0.0031   0.0000   0.0110  -0.0281    0.349
    96  -0.5398   4.4152   0.8518  -0.4989  -0.0321  -0.1828  -0.1130   0.0030   0.0000   0.0099  -0.0277    0.338
    97  -0.7511   4.3037   1.0088  -0.4988  -0.0317  -0.1875  -0.1159   0.0029   0.0000   0.0088  -0.0275    0.326
    98  -0.9975   4.1737   1.0993  -0.4978  -0.0305  -0.1929  -0.1192   0.0028   0.0000   0.0077  -0.0273    0.315
    99  -1.2712   4.0294   1.1663  -0.4954  -0.0287  -0.1989  -0.1229   0.0026   0.0000   0.0067  -0.0272    0.304
   100  -1.5691   3.8722   1.2096  -0.4915  -0.0261  -0.2053  -0.1269   0.0025   0.0000   0.0058  -0.0272    0.295
   101  -1.8880   3.7039   1.2292  -0.4860  -0.0235  -0.2123  -0.1312   0.0024   0.0000   0.0049  -0.0274    0.288
   102  -2.2244   3.5264   1.2262  -0.4785  -0.0214  -0.2196  -0.1357   0.0023   0.0000   0.0042  -0.0277    0.281
   103  -2.5747   3.3417   1.2022  -0.4694  -0.0201  -0.2273  -0.1405   0.0021   0.0000   0.0036  -0.0281    0.276
   104  -2.9349   3.1516   1.1594  -0.4582  -0.0196  -0.2353  -0.1454   0.0020   0.0000   0.0031  -0.0286    0.272
   105  -3.3011   2.9584   1.1004  -0.4451  -0.0195  -0.2435  -0.1505   0.0018   0.0000   0.0027  -0.0292    0.268
   106  -3.6693   2.7641   1.0281  -0.4303  -0.0196  -0.2519  -0.1557   0.0017   0.0000   0.0023  -0.0299    0.265
   107  -4.0356   2.5709   0.9458  -0.4138  -0.0199  -0.2605  -0.1610   0.0016   0.0000   0.0020  -0.0306    0.262
   108  -4.3958   2.3809   0.8566  -0.3960  -0.0203  -0.2692  -0.1664   0.0014   0.0000   0.0016  -0.0313    0.260
   109  -4.7460   2.1961   0.7636  -0.3767  -0.0208  -0.2776  -0.1716   0.0012   0.0000   0.0012  -0.0319    0.257
   110  -5.0824   2.0186   0.6699  -0.3562  -0.0215  -0.2856  -0.1765   0.0010   0.0000   0.0006  -0.0324    0.254
   111  -5.4013   1.8503   0.5780  -0.3340  -0.0224  -0.2922  -0.1806   0.0008   0.0000  -0.0002  -0.0325    0.249
   112  -5.6992   1.6932   0.4901  -0.3103  -0.0235  -0.2967  -0.1834   0.0005   0.0000  -0.0014  -0.0321    0.242
   113  -5.9729   1.5488   0.4079  -0.2848  -0.0249  -0.2976  -0.1840   0.0001   0.0000  -0.0032  -0.0309    0.233
   114  -6.2193   1.4188   0.3326  -0.2573  -0.0262  -0.2936  -0.1814  -0.0003   0.0000  -0.0056  -0.0287    0.219
   115  -6.4358   1.3046   0.2646  -0.2273  -0.0274  -0.2821  -0.1743  -0.0008   0.0000  -0.0085  -0.0253    0.202
   116  -6.6379   1.1979   0.2441  -0.1934  -0.0285  -0.2615  -0.1616  -0.0013   0.0000  -0.0116  -0.0207    0.178
   117  -6.8184   1.1027   0.1774  -0.1541  -0.0293  -0.2264  -0.1399  -0.0020   0.0000  -0.0142  -0.0148    0.148
   118  -6.9555   1.0303   0.1197  -0.1120  -0.0299  -0.1762  -0.1089  -0.0026   0.0000  -0.0145  -0.0089    0.116
   119  -7.0478   0.9816   0.0689  -0.0679  -0.0303  -0.1122  -0.0694  -0.0028   0.0000  -0.0112  -0.0043    0.088
   120  -7.0942   0.9572   0.0225  -0.0228  -0.0304  -0.0387  -0.0239  -0.0022   0.0000  -0.0042  -0.0012    0.072

  Surface # 5     vertical_stabilizer                     
     # Chordwise = 10   # Spanwise = 30     First strip =121
     Surface area =   27.879847       Ave. chord =    3.584910
     CLsurf  =  -0.00000     Clsurf  =  -0.00000
     CYsurf  =  -0.00000     Cmsurf  =   0.00000
     CDsurf  =   0.00000     Cnsurf  =   0.00000
     CDisurf =   0.00000     CDvsurf =   0.00000

  Forces referred to Ssurf, Cave about hinge axis thru LE
     CLsurf  =   0.00000     CDsurf  =   0.00000
     Deflect =

 Strip Forces referred to Strip Area, Chord
    j      Yle    Chord     Area     c cl      ai      cl_norm  cl       cd       cdv    cm_c/4    cm_LE  C.P.x/c
   121   0.0000   8.1257   0.4979   0.0000  -0.0000   0.0000   0.0000   0.0000   0.0000  -0.0000  -0.0000    0.663
   122   0.0000   7.9240   0.7938   0.0000  -0.0000   0.0000   0.0000   0.0000   0.0000  -0.0000  -0.0000    0.665
   123   0.0000   7.6259   1.0549   0.0000  -0.0000   0.0000   0.0000   0.0000   0.0000  -0.0000  -0.0000    0.662
   124   0.0000   7.2338   1.2682   0.0000  -0.0000   0.0000   0.0000   0.0000   0.0000  -0.0000  -0.0000    0.653
   125   0.0000   6.7513   1.4225   0.0000  -0.0000   0.0000   0.0000   0.0000   0.0000  -0.0000  -0.0000    0.640
   126   0.0000   6.1827   1.5094   0.0000  -0.0000   0.0000   0.0000   0.0000   0.0000  -0.0000  -0.0000    0.618
   127   0.0000   5.5336   1.5228   0.0000  -0.0000   0.0000   0.0000   0.0000   0.0000  -0.0000  -0.0000    0.586
   128   0.0000   4.8100   1.4602   0.0000  -0.0000   0.0000   0.0000   0.0000   0.0000  -0.0000  -0.0000    0.537
   129   0.0000   4.3477   1.3899   0.0000  -0.0000   0.0000   0.0000   0.0000   0.0000  -0.0000  -0.0000    0.495
   130   0.0000   4.1900   1.4293   0.0000  -0.0000   0.0000   0.0000   0.0000   0.0000  -0.0000  -0.0000    0.474
   131   0.0000   4.0228   1.4447   0.0000  -0.0000   0.0000   0.0000   0.0000   0.0000  -0.0000  -0.0000    0.453
   132   0.0000   3.8479   1.4371   0.0000  -0.0000   0.0000   0.0000   0.0000   0.0000  -0.0000  -0.0000    0.432
   133   0.0000   3.6670   1.4082   0.0000  -0.0000   0.0000   0.0000   0.0000   0.0000  -0.0000  -0.0000    0.413
   134   0.0000   3.4821   1.3602   0.0000  -0.0000   0.0000   0.0000   0.0000   0.0000  -0.0000  -0.0000    0.392
   135   0.0000   3.2949   1.2955   0.0000  -0.0000   0.0000   0.0000  -0.0000   0.0000  -0.0000  -0.0000    0.372
   136   0.0000   3.1075   1.2172   0.0000  -0.0000   0.0000   0.0000  -0.0000   0.0000  -0.0000  -0.0000    0.354
   137   0.0000   2.9218   1.1282   0.0000  -0.0000   0.0000   0.0000  -0.0000   0.0000  -0.0000  -0.0000    0.336
   138   0.0000   2.7397   1.0316   0.0000  -0.0000   0.0000   0.0000  -0.0000   0.0000  -0.0000  -0.0000    0.321
   139   0.0000   2.5631   0.9305   0.0000  -0.0000   0.0000   0.0000  -0.0000   0.0000  -0.0000  -0.0000    0.306
   140   0.0000   2.3939   0.8277   0.0000  -0.0000   0.0000   0.0000  -0.0000   0.0000  -0.0000  -0.0000    0.292
   141   0.0000   2.2337   0.7257   0.0000  -0.0000   0.0000   0.0000  -0.0000   0.0000  -0.0000  -0.0000    0.276
   142   0.0000   2.0844   0.6265   0.0000  -0.0000   0.0000   0.0000  -0.0000   0.0000  -0.0000  -0.0000    0.260
   143   0.0000   1.9474   0.5319   0.0000  -0.0000   0.0000   0.0000  -0.0000   0.0000   0.0000  -0.0000    0.246
   144   0.0000   1.8243   0.4429   0.0000  -0.0000   0.0000   0.0000  -0.0000   0.0000   0.0000  -0.0000    0.229
   145   0.0000   1.7162   0.3603   0.0000  -0.0000   0.0000   0.0000  -0.0000   0.0000   0.0000  -0.0000    0.211
   146   0.0000   1.6243   0.2840   0.0000  -0.0000   0.0000   0.0000  -0.0000   0.0000   0.0000  -0.0000    0.190
   147   0.0000   1.5496   0.2138   0.0000  -0.0000   0.0000   0.0000  -0.0000   0.0000   0.0000  -0.0000    0.170
   148   0.0000   1.4929   0.1487   0.0000  -0.0000   0.0000   0.0000  -0.0000   0.0000   0.0000  -0.0000    0.155
   149   0.0000   1.4548   0.0875   0.0000  -0.0000   0.0000   0.0000  -0.0000   0.0000   0.0000  -0.0000    0.141
   150   0.0000   1.4356   0.0289   0.0000  -0.0000   0.0000   0.0000  -0.0000   0.0000   0.0000  -0.0000    0.133

  Surface # 6     fuselage_horizontal                     
     # Chordwise = 10   # Spanwise = 10     First strip =151
     Surface area =  123.841202       Ave. chord =   33.112617
     CLsurf  =  -0.00575     Clsurf  =   0.00000
     CYsurf  =  -0.00000     Cmsurf  =  -0.02151
     CDsurf  =   0.00008     Cnsurf  =   0.00000
     CDisurf =   0.00008     CDvsurf =   0.00000

  Forces referred to Ssurf, Cave about hinge axis thru LE
     CLsurf  =  -0.00580     CDsurf  =   0.00008
     Deflect =

 Strip Forces referred to Strip Area, Chord
    j      Yle    Chord     Area     c cl      ai      cl_norm  cl       cd       cdv    cm_c/4    cm_LE  C.P.x/c
   151  -1.6830  26.5957   9.9468  -0.1434  -0.0583  -0.0671  -0.0054  -0.0001   0.0000  -0.0009   0.0001    0.078
   152  -1.3090  31.2096  11.6724  -0.1971  -0.0609  -0.0246  -0.0063   0.0000   0.0000  -0.0013   0.0001    0.050
   153  -0.9350  34.0626  12.7394  -0.2058  -0.0450  -0.0147  -0.0060   0.0001   0.0000  -0.0019  -0.0001   -0.063
   154  -0.5610  36.1619  13.5246  -0.2068  -0.0379  -0.0096  -0.0057   0.0001   0.0000  -0.0023  -0.0004   -0.144
   155  -0.1870  37.5332  14.0374  -0.2069  -0.0356  -0.0064  -0.0055   0.0002   0.0000  -0.0024  -0.0007   -0.184
   156   0.1870  37.5332  14.0374  -0.2069  -0.0356  -0.0064  -0.0055   0.0002   0.0000  -0.0024  -0.0007   -0.184
   157   0.5610  36.1619  13.5246  -0.2068  -0.0379  -0.0096  -0.0057   0.0001   0.0000  -0.0023  -0.0004   -0.144
   158   0.9350  34.0626  12.7394  -0.2058  -0.0450  -0.0147  -0.0060   0.0001   0.0000  -0.0019  -0.0001   -0.063
   159   1.3090  31.2096  11.6724  -0.1971  -0.0609  -0.0246  -0.0063   0.0000   0.0000  -0.0013   0.0001    0.050
   160   1.6830  26.5957   9.9468  -0.1434  -0.0583  -0.0671  -0.0054  -0.0001   0.0000  -0.0009   0.0001    0.078

  Surface # 7     fuselage_vertical                       
     # Chordwise = 10   # Spanwise = 10     First strip =161
     Surface area =  123.841202       Ave. chord =   33.112617
     CLsurf  =  -0.00000     Clsurf  =  -0.00000
     CYsurf  =   0.00000     Cmsurf  =   0.00000
     CDsurf  =  -0.00000     Cnsurf  =  -0.00000
     CDisurf =  -0.00000     CDvsurf =   0.00000

  Forces referred to Ssurf, Cave about hinge axis thru LE
     CLsurf  =  -0.00000     CDsurf  =  -0.00000
     Deflect =

 Strip Forces referred to Strip Area, Chord
    j      Yle    Chord     Area     c cl      ai      cl_norm  cl       cd       cdv    cm_c/4    cm_LE  C.P.x/c
   161   0.0000  26.5957   9.9468   0.0000  -0.0000   0.0000   0.0000   0.0000   0.0000  -0.0000  -0.0000    0.401
   162   0.0000  31.2096  11.6724   0.0000  -0.0000   0.0000   0.0000  -0.0000   0.0000   0.0000   0.0000
   163   0.0000  34.0626  12.7394  -0.0000   0.0000  -0.0000  -0.0000  -0.0000   0.0000   0.0000   0.0000    1.565
   164   0.0000  36.1619  13.5246  -0.0000   0.0000  -0.0000  -0.0000   0.0000   0.0000   0.0000   0.0000    1.260
   165   0.0000  37.5332  14.0374  -0.0000   0.0000  -0.0000  -0.0000  -0.0000   0.0000   0.0000   0.0000    1.202
   166   0.0000  37.5332  14.0374  -0.0000   0.0000  -0.0000  -0.0000  -0.0000   0.0000   0.0000   0.0000    1.259
   167   0.0000  36.1619  13.5246  -0.0000   0.0000  -0.0000  -0.0000   0.0000   0.0000   0.0000   0.0000    1.612
   168   0.0000  34.0626  12.7394   0.0000   0.0000   0.0000   0.0000   0.0000   0.0000   0.0000   0.0000
   169   0.0000  31.2096  11.6724   0.0000  -0.0000   0.0000   0.0000   0.0000   0.0000   0.0000  -0.0000    0.218
   170   0.0000  26.5957   9.9468   0.0000  -0.0000   0.0000   0.0000   0.0000   0.0000   0.0000  -0.0000    0.211
 ---------------------------------------------------------------
