 ---------------------------------------------------------------
 Surface and Strip Forces by surface

  Forces referred to Sref, Cref, Bref about Xref, Yref, Zref
 Standard axis orientation,  X fwd, Z down         

  Surface # 1     main_wing                               
     # Chordwise = 10   # Spanwise = 20     First strip =  1
     Surface area =   63.790974       Ave. chord =    3.717419
     CLsurf  =  -2.39378     Clsurf  =   0.52663
     CYsurf  =   0.06633     Cmsurf  =   0.41594
     CDsurf  =   0.06021     Cnsurf  =   0.21984
     CDisurf =   0.06021     CDvsurf =   0.00000

  Forces referred to Ssurf, Cave about hinge axis thru LE
     CLsurf  =  -4.68564     CDsurf  =   0.11785
     Deflect =

 Strip Forces referred to Strip Area, Chord
    j      Yle    Chord     Area     c cl      ai      cl_norm  cl       cd       cdv    cm_c/4    cm_LE  C.P.x/c
     1   0.0271   7.7411   0.8376 -18.7125  -0.5650   8.1997   8.1990 -60.4211   0.0000   1.3609   1.9331    0.084
     2   0.2428   7.5905   2.4436 -20.9971  -0.4540  -2.0445  -2.0443  -4.3364   0.0000   1.4467   2.1033    0.958
     3   0.6690   7.2932   3.8488 -20.6703  -0.2815  -2.8438  -2.8435  -0.1952   0.0000   1.4247   2.0984    0.751
     4   1.2950   6.8563   4.9402 -19.8831  -0.0675  -3.0248  -3.0246   0.4528   0.0000   1.2843   1.9765    0.675
     5   2.1056   6.2906   5.6339 -18.6058   0.1567  -3.0849  -3.0846   0.4610   0.0000   0.9609   1.6726    0.562
     6   3.0065   5.6619   5.0672 -17.7578   0.2517  -3.3135  -3.3132   0.7283   0.0000   0.5891   1.3508    0.428
     7   3.9586   4.9974   5.0150 -17.7491   0.0981  -3.8216  -3.8213   1.2185   0.0000   0.3084   1.1768    0.331
     8   5.0073   4.2656   4.6382 -19.0045  -0.1436  -4.7697  -4.7692   1.3907   0.0000   0.1282   1.2218    0.277
     9   6.1989   3.7534   4.8429 -20.0200  -0.3930  -5.7497  -5.7493   1.8896   0.0000  -0.0116   1.3198    0.248
    10   7.5095   3.4937   4.6216 -20.2758  -0.4938  -6.1962  -6.1958   1.7166   0.0000  -0.0381   1.4106    0.244
    11   8.8364   3.2307   4.2738 -19.8893  -0.5110  -6.5333  -6.5328   1.5969   0.0000  -0.0397   1.4970    0.244
    12  10.1470   2.9710   3.8335 -19.0331  -0.4882  -6.7688  -6.7684   1.4935   0.0000  -0.0353   1.5638    0.245
    13  11.4090   2.7210   3.3357 -17.8356  -0.4627  -6.9086  -6.9081   1.4301   0.0000  -0.0359   1.6003    0.245
    14  12.6340   2.4782   3.0105 -16.3616  -0.4479  -6.9479  -6.9474   1.3806   0.0000  -0.0388   1.6092    0.244
    15  13.7866   2.2498   2.4374 -14.6392  -0.4511  -6.8482  -6.8478   1.3647   0.0000  -0.0485   1.5758    0.243
    16  14.7941   2.0502   1.8970 -12.7210  -0.4782  -6.5439  -6.5435   1.3783   0.0000  -0.0677   1.4812    0.240
    17  15.6315   1.8843   1.4027 -10.5886  -0.5305  -5.9537  -5.9533   1.4015   0.0000  -0.0983   1.3045    0.233
    18  16.2783   1.7561   0.9575  -8.1876  -0.6002  -4.9825  -4.9822   1.4058   0.0000  -0.1320   1.0320    0.224
    19  16.8016   1.3043   0.6198  -5.2436  -0.5324  -4.2415  -4.2399   0.8942   0.0000  -0.1831   0.7683    0.207
    20  17.1200   0.8402   0.1342  -1.7524  -0.4591  -2.1433  -2.1425   0.1411   0.0000  -0.1580   0.3397    0.176

  Surface # 2     main_wing (YDUP)                        
     # Chordwise = 10   # Spanwise = 20     First strip = 21
     Surface area =   63.790974       Ave. chord =    3.717419
     CLsurf  =  -2.39377     Clsurf  =  -0.52663
     CYsurf  =  -0.06633     Cmsurf  =   0.41594
     CDsurf  =   0.06020     Cnsurf  =  -0.21984
     CDisurf =   0.06020     CDvsurf =   0.00000

  Forces referred to Ssurf, Cave about hinge axis thru LE
     CLsurf  =  -4.68562     CDsurf  =   0.11784
     Deflect =

 Strip Forces referred to Strip Area, Chord
    j      Yle    Chord     Area     c cl      ai      cl_norm  cl       cd       cdv    cm_c/4    cm_LE  C.P.x/c
    21  -0.0271   7.7411   0.8376 -18.7125  -0.5648   8.1998   8.1991 -60.4215   0.0000   1.3609  -1.9331    0.084
    22  -0.2428   7.5905   2.4436 -20.9971  -0.4540  -2.0445  -2.0443  -4.3364   0.0000   1.4467  -2.1033    0.958
    23  -0.6690   7.2932   3.8488 -20.6703  -0.2815  -2.8438  -2.8435  -0.1952   0.0000   1.4247  -2.0984    0.751
    24  -1.2950   6.8563   4.9402 -19.8830  -0.0675  -3.0248  -3.0245   0.4527   0.0000   1.2843  -1.9765    0.675
    25  -2.1056   6.2906   5.6339 -18.6058   0.1567  -3.0849  -3.0846   0.4610   0.0000   0.9609  -1.6726    0.562
    26  -3.0065   5.6619   5.0672 -17.7578   0.2517  -3.3135  -3.3132   0.7283   0.0000   0.5891  -1.3508    0.428
    27  -3.9586   4.9974   5.0150 -17.7491   0.0981  -3.8216  -3.8213   1.2185   0.0000   0.3084  -1.1768    0.331
    28  -5.0073   4.2656   4.6382 -19.0045  -0.1436  -4.7697  -4.7692   1.3907   0.0000   0.1282  -1.2218    0.277
    29  -6.1989   3.7534   4.8429 -20.0199  -0.3930  -5.7497  -5.7493   1.8896   0.0000  -0.0116  -1.3198    0.248
    30  -7.5095   3.4937   4.6216 -20.2757  -0.4938  -6.1962  -6.1957   1.7166   0.0000  -0.0381  -1.4106    0.244
    31  -8.8364   3.2307   4.2738 -19.8893  -0.5110  -6.5332  -6.5328   1.5969   0.0000  -0.0397  -1.4970    0.244
    32 -10.1470   2.9710   3.8335 -19.0331  -0.4882  -6.7688  -6.7684   1.4935   0.0000  -0.0353  -1.5638    0.245
    33 -11.4090   2.7210   3.3357 -17.8355  -0.4627  -6.9086  -6.9081   1.4301   0.0000  -0.0359  -1.6003    0.245
    34 -12.6340   2.4782   3.0105 -16.3616  -0.4479  -6.9478  -6.9474   1.3806   0.0000  -0.0388  -1.6092    0.244
    35 -13.7866   2.2498   2.4374 -14.6391  -0.4511  -6.8482  -6.8478   1.3647   0.0000  -0.0485  -1.5758    0.243
    36 -14.7941   2.0502   1.8970 -12.7210  -0.4782  -6.5439  -6.5435   1.3783   0.0000  -0.0677  -1.4811    0.240
    37 -15.6315   1.8843   1.4027 -10.5886  -0.5305  -5.9537  -5.9533   1.4015   0.0000  -0.0983  -1.3045    0.233
    38 -16.2783   1.7561   0.9575  -8.1876  -0.6002  -4.9825  -4.9822   1.4058   0.0000  -0.1320  -1.0320    0.224
    39 -16.8016   1.3043   0.6198  -5.2436  -0.5324  -4.2414  -4.2399   0.8942   0.0000  -0.1831  -0.7683    0.207
    40 -17.1200   0.8402   0.1342  -1.7524  -0.4591  -2.1433  -2.1425   0.1411   0.0000  -0.1580  -0.3397    0.176

  Surface # 3     horizontal_stabilizer                   
     # Chordwise = 10   # Spanwise = 20     First strip = 41
     Surface area =   20.072786       Ave. chord =    2.827143
     CLsurf  =   0.28551     Clsurf  =  -0.02497
     CYsurf  =  -0.01141     Cmsurf  =  -1.24873
     CDsurf  =  -0.02429     Cnsurf  =   0.00023
     CDisurf =  -0.02429     CDvsurf =   0.00000

  Forces referred to Ssurf, Cave about hinge axis thru LE
     CLsurf  =   1.77620     CDsurf  =  -0.15107
     Deflect =

 Strip Forces referred to Strip Area, Chord
    j      Yle    Chord     Area     c cl      ai      cl_norm  cl       cd       cdv    cm_c/4    cm_LE  C.P.x/c
    41   0.0103   4.6946   0.1934   6.3418   0.1327   1.3093   1.3091   0.3550   0.0000   0.0276  -0.3070    0.229
    42   0.0924   4.6512   0.5701   6.2682   0.1283   1.3660   1.3658   0.0148   0.0000   0.0269  -0.3070    0.230
    43   0.2547   4.5656   0.9173   6.2536   0.1240   1.3934   1.3931  -0.0130   0.0000   0.0281  -0.3113    0.230
    44   0.4930   4.4399   1.2180   6.2295   0.1213   1.4313   1.4311  -0.0359   0.0000   0.0294  -0.3182    0.229
    45   0.8160   4.2695   1.5847   6.1810   0.1182   1.4798   1.4795  -0.0538   0.0000   0.0308  -0.3278    0.229
    46   1.2202   4.0563   1.7628   6.0995   0.1027   1.5399   1.5396  -0.0720   0.0000   0.0322  -0.3403    0.229
    47   1.6825   3.8123   1.8577   5.9814   0.0612   1.6097   1.6095  -0.0926   0.0000   0.0333  -0.3554    0.229
    48   2.1917   3.5437   1.8711   5.8237   0.0123   1.6894   1.6892  -0.1157   0.0000   0.0342  -0.3729    0.230
    49   2.7353   3.2569   1.8099   5.6160  -0.0075   1.7732   1.7729  -0.1246   0.0000   0.0359  -0.3912    0.230
    50   3.2997   2.9591   1.6859   5.3866  -0.0065   1.8766   1.8763  -0.1581   0.0000   0.0381  -0.4129    0.230
    51   3.8713   2.6576   1.5141   5.1212  -0.0035   1.9939   1.9936  -0.2089   0.0000   0.0411  -0.4363    0.229
    52   4.4357   2.3597   1.3114   4.8037  -0.0043   2.1106   2.1103  -0.2449   0.0000   0.0453  -0.4590    0.229
    53   4.9793   2.0730   1.0945   4.4397  -0.0090   2.2299   2.2295  -0.3107   0.0000   0.0497  -0.4809    0.228
    54   5.4885   1.8043   0.8792   4.0049  -0.0157   2.3187   2.3184  -0.3660   0.0000   0.0550  -0.4949    0.226
    55   5.9508   1.5604   0.6781   3.4936  -0.0212   2.3443   2.3439  -0.3997   0.0000   0.0625  -0.4923    0.223
    56   6.3550   1.3472   0.5000   2.9112  -0.0221   2.2669   2.2666  -0.4097   0.0000   0.0718  -0.4638    0.218
    57   6.6617   1.1853   0.2890   2.2951  -0.0166   2.0314   2.0311  -0.3681   0.0000   0.0797  -0.4003    0.211
    58   6.8736   1.0735   0.1917   1.6795  -0.0055   1.6426   1.6423  -0.3046   0.0000   0.0819  -0.3061    0.200
    59   7.0178   0.9975   0.1087   1.0251   0.0084   1.0746   1.0744  -0.1751   0.0000   0.0680  -0.1870    0.187
    60   7.0908   0.9589   0.0351   0.3457   0.0208   0.3764   0.3763  -0.0582   0.0000   0.0277  -0.0618    0.176

  Surface # 4     horizontal_stabilizer (YDUP)            
     # Chordwise = 10   # Spanwise = 20     First strip = 61
     Surface area =   20.072786       Ave. chord =    2.827143
     CLsurf  =   0.28551     Clsurf  =   0.02497
     CYsurf  =   0.01141     Cmsurf  =  -1.24873
     CDsurf  =  -0.02429     Cnsurf  =  -0.00023
     CDisurf =  -0.02429     CDvsurf =   0.00000

  Forces referred to Ssurf, Cave about hinge axis thru LE
     CLsurf  =   1.77619     CDsurf  =  -0.15107
     Deflect =

 Strip Forces referred to Strip Area, Chord
    j      Yle    Chord     Area     c cl      ai      cl_norm  cl       cd       cdv    cm_c/4    cm_LE  C.P.x/c
    61  -0.0103   4.6946   0.1934   6.3418   0.1327   1.3093   1.3091   0.3550   0.0000   0.0276   0.3070    0.229
    62  -0.0924   4.6512   0.5701   6.2682   0.1283   1.3660   1.3658   0.0148   0.0000   0.0269   0.3070    0.230
    63  -0.2547   4.5656   0.9173   6.2536   0.1240   1.3934   1.3931  -0.0130   0.0000   0.0281   0.3113    0.230
    64  -0.4930   4.4399   1.2180   6.2295   0.1213   1.4313   1.4311  -0.0359   0.0000   0.0294   0.3182    0.229
    65  -0.8160   4.2695   1.5847   6.1810   0.1182   1.4798   1.4795  -0.0538   0.0000   0.0308   0.3278    0.229
    66  -1.2202   4.0563   1.7628   6.0995   0.1027   1.5399   1.5396  -0.0720   0.0000   0.0322   0.3403    0.229
    67  -1.6825   3.8123   1.8577   5.9814   0.0612   1.6097   1.6095  -0.0926   0.0000   0.0333   0.3554    0.229
    68  -2.1917   3.5437   1.8711   5.8237   0.0123   1.6894   1.6892  -0.1157   0.0000   0.0342   0.3729    0.230
    69  -2.7353   3.2569   1.8099   5.6160  -0.0075   1.7732   1.7729  -0.1246   0.0000   0.0359   0.3912    0.230
    70  -3.2997   2.9591   1.6859   5.3866  -0.0065   1.8766   1.8763  -0.1581   0.0000   0.0381   0.4129    0.230
    71  -3.8713   2.6576   1.5141   5.1212  -0.0035   1.9939   1.9936  -0.2089   0.0000   0.0411   0.4363    0.229
    72  -4.4357   2.3597   1.3114   4.8037  -0.0043   2.1106   2.1103  -0.2449   0.0000   0.0453   0.4590    0.229
    73  -4.9793   2.0730   1.0945   4.4397  -0.0090   2.2299   2.2295  -0.3107   0.0000   0.0497   0.4809    0.228
    74  -5.4885   1.8043   0.8792   4.0048  -0.0157   2.3187   2.3183  -0.3660   0.0000   0.0550   0.4949    0.226
    75  -5.9508   1.5604   0.6781   3.4935  -0.0212   2.3443   2.3439  -0.3997   0.0000   0.0625   0.4923    0.223
    76  -6.3550   1.3472   0.5000   2.9112  -0.0221   2.2669   2.2666  -0.4097   0.0000   0.0718   0.4638    0.218
    77  -6.6617   1.1853   0.2890   2.2951  -0.0166   2.0314   2.0311  -0.3681   0.0000   0.0797   0.4003    0.211
    78  -6.8736   1.0735   0.1917   1.6795  -0.0055   1.6426   1.6423  -0.3046   0.0000   0.0819   0.3061    0.200
    79  -7.0178   0.9975   0.1087   1.0250   0.0084   1.0746   1.0744  -0.1751   0.0000   0.0680   0.1870    0.187
    80  -7.0908   0.9589   0.0351   0.3457   0.0208   0.3764   0.3763  -0.0582   0.0000   0.0277   0.0618    0.176

  Surface # 5     vertical_stabilizer                     
     # Chordwise = 10   # Spanwise = 20     First strip = 81
     Surface area =   26.974527       Ave. chord =    3.612513
     CLsurf  =   0.00000     Clsurf  =  -0.00000
     CYsurf  =  -0.00000     Cmsurf  =  -0.00000
     CDsurf  =  -0.00000     Cnsurf  =   0.00000
     CDisurf =  -0.00000     CDvsurf =   0.00000

  Forces referred to Ssurf, Cave about hinge axis thru LE
     CLsurf  =   0.00000     CDsurf  =  -0.00000
     Deflect =

 Strip Forces referred to Strip Area, Chord
    j      Yle    Chord     Area     c cl      ai      cl_norm  cl       cd       cdv    cm_c/4    cm_LE  C.P.x/c
    81   0.0000   8.1033   0.7081   0.0000  -0.0000   0.0000   0.0000  -0.0000   0.0000  -0.0000  -0.0000    0.268
    82   0.0000   7.7953   1.2357   0.0000   0.0000   0.0000   0.0000  -0.0000   0.0000  -0.0000  -0.0000    0.296
    83   0.0000   7.3128   1.6577   0.0000  -0.0000   0.0000   0.0000  -0.0000   0.0000  -0.0000  -0.0000    0.276
    84   0.0000   6.6651   1.9342   0.0000  -0.0000   0.0000   0.0000  -0.0000   0.0000  -0.0000  -0.0000    0.261
    85   0.0000   5.8661   2.0384   0.0000  -0.0000   0.0000   0.0000  -0.0000   0.0000  -0.0000  -0.0000    0.257
    86   0.0000   4.9330   1.9589   0.0000  -0.0000   0.0000   0.0000  -0.0000   0.0000  -0.0000  -0.0000    0.284
    87   0.0000   4.2949   2.2317   0.0000   0.0000   0.0000   0.0000  -0.0000   0.0000   0.0000  -0.0000    0.133
    88   0.0000   4.0244   2.2380   0.0000  -0.0000   0.0000   0.0000  -0.0000   0.0000   0.0000  -0.0000    0.165
    89   0.0000   3.7387   2.1678   0.0000  -0.0000   0.0000   0.0000  -0.0000   0.0000   0.0000  -0.0000    0.202
    90   0.0000   3.4444   2.0327   0.0000   0.0000   0.0000   0.0000  -0.0000   0.0000   0.0000  -0.0000    0.245
    91   0.0000   3.1483   1.8474   0.0000  -0.0000   0.0000   0.0000  -0.0000   0.0000   0.0000  -0.0000    0.228
    92   0.0000   2.8574   1.6279   0.0000  -0.0000   0.0000   0.0000  -0.0000   0.0000  -0.0000  -0.0000    0.290
    93   0.0000   2.5785   1.3906   0.0000  -0.0000   0.0000   0.0000  -0.0000   0.0000  -0.0000  -0.0000    0.271
    94   0.0000   2.3180   1.1503   0.0000  -0.0000   0.0000   0.0000  -0.0000   0.0000  -0.0000  -0.0000    0.270
    95   0.0000   2.0821   0.9193   0.0000  -0.0000   0.0000   0.0000  -0.0000   0.0000  -0.0000  -0.0000    0.259
    96   0.0000   1.8763   0.7063   0.0000  -0.0000   0.0000   0.0000  -0.0000   0.0000  -0.0000  -0.0000    0.261
    97   0.0000   1.7056   0.5158   0.0000  -0.0000   0.0000   0.0000  -0.0000   0.0000   0.0000  -0.0000    0.242
    98   0.0000   1.5739   0.3482   0.0000  -0.0000   0.0000   0.0000  -0.0000   0.0000   0.0000  -0.0000    0.247
    99   0.0000   1.4843   0.2002   0.0000  -0.0000   0.0000   0.0000  -0.0000   0.0000   0.0000  -0.0000    0.239
   100   0.0000   1.4389   0.0652   0.0000  -0.0000   0.0000   0.0000  -0.0000   0.0000   0.0000  -0.0000    0.245

  Surface # 6     fuselage_horizontal                     
     # Chordwise = 10   # Spanwise = 10     First strip =101
     Surface area =  112.392822       Ave. chord =   30.376440
     CLsurf  =  -0.00589     Clsurf  =   0.00000
     CYsurf  =   0.00002     Cmsurf  =  -0.02036
     CDsurf  =  -0.01575     Cnsurf  =  -0.00000
     CDisurf =  -0.01575     CDvsurf =   0.00000

  Forces referred to Ssurf, Cave about hinge axis thru LE
     CLsurf  =  -0.00655     CDsurf  =  -0.01750
     Deflect =

 Strip Forces referred to Strip Area, Chord
    j      Yle    Chord     Area     c cl      ai      cl_norm  cl       cd       cdv    cm_c/4    cm_LE  C.P.x/c
   101  -1.6650  21.5445   7.9715  -0.4753   0.3786  -0.4675  -0.0344   0.0682   0.0000  -0.0006   0.0005    0.233
   102  -1.2950  27.3129  10.1058  -0.9854   0.3971  -0.2240  -0.0544   0.1009   0.0000   0.0045   0.0027    0.332
   103  -0.9250  31.3629  11.6043  -0.6102   0.3533  -0.0674  -0.0310   0.0638   0.0000   0.0004   0.0014    0.262
   104  -0.5550  34.6182  12.8087  -0.0328   0.0434   0.0038   0.0029  -0.0219   0.0000  -0.0022  -0.0007    1.017
   105  -0.1850  37.0437  13.7062   0.6627  -0.0454   0.0569   0.0569  -0.2194   0.0000  -0.0058  -0.0063    0.353
   106   0.1850  37.0437  13.7062   0.6627  -0.0454   0.0569   0.0569  -0.2194   0.0000  -0.0058  -0.0063    0.353
   107   0.5550  34.6182  12.8087  -0.0328   0.0434   0.0038   0.0029  -0.0218   0.0000  -0.0022  -0.0007    1.023
   108   0.9250  31.3629  11.6043  -0.6102   0.3533  -0.0674  -0.0310   0.0638   0.0000   0.0004   0.0014    0.262
   109   1.2950  27.3129  10.1058  -0.9854   0.3971  -0.2240  -0.0544   0.1009   0.0000   0.0045   0.0027    0.332
   110   1.6650  21.5445   7.9715  -0.4753   0.3786  -0.4675  -0.0344   0.0682   0.0000  -0.0006   0.0005    0.233

  Surface # 7     fuselage_vertical                       
     # Chordwise = 10   # Spanwise = 10     First strip =111
     Surface area =  114.215408       Ave. chord =   30.376440
     CLsurf  =   0.00000     Clsurf  =   0.00000
     CYsurf  =  -0.00000     Cmsurf  =  -0.00000
     CDsurf  =   0.00000     Cnsurf  =   0.00000
     CDisurf =   0.00000     CDvsurf =   0.00000

  Forces referred to Ssurf, Cave about hinge axis thru LE
     CLsurf  =   0.00000     CDsurf  =   0.00000
     Deflect =

 Strip Forces referred to Strip Area, Chord
    j      Yle    Chord     Area     c cl      ai      cl_norm  cl       cd       cdv    cm_c/4    cm_LE  C.P.x/c
   111   0.0000  21.5445   8.1007  -0.0000   0.0000  -0.0000  -0.0000   0.0000   0.0000   0.0000   0.0000
   112   0.0000  27.3129  10.2696   0.0000   0.0001   0.0000   0.0000   0.0000   0.0000   0.0000   0.0000
   113   0.0000  31.3629  11.7925  -0.0000  -0.0000  -0.0000  -0.0000   0.0000   0.0000   0.0000   0.0000
   114   0.0000  34.6182  13.0164  -0.0000  -0.0000  -0.0000  -0.0000   0.0000   0.0000   0.0000   0.0000
   115   0.0000  37.0437  13.9284   0.0000  -0.0000   0.0000   0.0000  -0.0000   0.0000   0.0000   0.0000
   116   0.0000  37.0437  13.9284   0.0000  -0.0000   0.0000   0.0000  -0.0000   0.0000  -0.0000  -0.0000    0.709
   117   0.0000  34.6182  13.0164   0.0000  -0.0000   0.0000   0.0000   0.0000   0.0000  -0.0000  -0.0000    0.750
   118   0.0000  31.3629  11.7925   0.0000  -0.0000   0.0000   0.0000   0.0000   0.0000  -0.0000  -0.0000    0.752
   119   0.0000  27.3129  10.2696   0.0000   0.0000   0.0000   0.0000   0.0000   0.0000  -0.0000  -0.0000    0.792
   120   0.0000  21.5445   8.1007   0.0000   0.0000   0.0002   0.0000  -0.0000   0.0000  -0.0000  -0.0000    0.797
 ---------------------------------------------------------------
