 ---------------------------------------------------------------
 Surface and Strip Forces by surface

  Forces referred to Sref, Cref, Bref about Xref, Yref, Zref
 Standard axis orientation,  X fwd, Z down         

  Surface # 1     main_wing                               
     # Chordwise = 10   # Spanwise = 20     First strip =  1
     Surface area =   63.790974       Ave. chord =    3.717419
     CLsurf  =  -2.68826     Clsurf  =   0.59248
     CYsurf  =   0.04541     Cmsurf  =   0.45968
     CDsurf  =   0.15203     Cnsurf  =   0.20733
     CDisurf =   0.15203     CDvsurf =   0.00000

  Forces referred to Ssurf, Cave about hinge axis thru LE
     CLsurf  =  -5.26200     CDsurf  =   0.29759
     Deflect =

 Strip Forces referred to Strip Area, Chord
    j      Yle    Chord     Area     c cl      ai      cl_norm  cl       cd       cdv    cm_c/4    cm_LE  C.P.x/c
     1   0.0271   7.7411   0.8376 -21.9594  -0.6864   2.6648   2.6645 -63.0043   0.0000   1.3871   2.0620   -0.271
     2   0.2428   7.5905   2.4436 -24.3012  -0.5716  -2.8179  -2.8177  -4.5271   0.0000   1.4750   2.2382    0.773
     3   0.6690   7.2932   3.8488 -23.9541  -0.3922  -3.2796  -3.2793  -0.2030   0.0000   1.4521   2.2361    0.693
     4   1.2950   6.8563   4.9402 -23.1161  -0.1641  -3.4297  -3.4294   0.5142   0.0000   1.3081   2.1159    0.631
     5   2.1056   6.2906   5.6339 -21.7497   0.0841  -3.5237  -3.5234   0.6024   0.0000   0.9770   1.8113    0.527
     6   3.0065   5.6619   5.0672 -20.8031   0.1944  -3.7713  -3.7709   0.9450   0.0000   0.5966   1.4905    0.408
     7   3.9586   4.9974   5.0150 -20.6482   0.0481  -4.2793  -4.2789   1.5016   0.0000   0.3076   1.3186    0.322
     8   5.0073   4.2656   4.6382 -21.8446  -0.1838  -5.2896  -5.2891   1.6966   0.0000   0.1264   1.3837    0.274
     9   6.1989   3.7534   4.8429 -22.7275  -0.4255  -6.2743  -6.2739   2.2357   0.0000  -0.0158   1.4956    0.247
    10   7.5095   3.4937   4.6216 -22.8556  -0.5194  -6.7456  -6.7451   2.0360   0.0000  -0.0420   1.5910    0.244
    11   8.8364   3.2307   4.2738 -22.3176  -0.5333  -7.1005  -7.1000   1.8941   0.0000  -0.0433   1.6810    0.244
    12  10.1470   2.9710   3.8335 -21.2916  -0.5105  -7.3493  -7.3488   1.7720   0.0000  -0.0388   1.7500    0.245
    13  11.4090   2.7210   3.3357 -19.9099  -0.4858  -7.4942  -7.4937   1.6974   0.0000  -0.0398   1.7867    0.245
    14  12.6340   2.4782   3.0105 -18.2369  -0.4727  -7.5310  -7.5306   1.6412   0.0000  -0.0433   1.7935    0.244
    15  13.7866   2.2498   2.4374 -16.2993  -0.4786  -7.4151  -7.4146   1.6257   0.0000  -0.0543   1.7541    0.243
    16  14.7941   2.0502   1.8970 -14.1530  -0.5102  -7.0741  -7.0736   1.6468   0.0000  -0.0758   1.6474    0.239
    17  15.6315   1.8843   1.4027 -11.7746  -0.5690  -6.4202  -6.4198   1.6805   0.0000  -0.1098   1.4501    0.233
    18  16.2783   1.7561   0.9575  -9.1016  -0.6470  -5.3513  -5.3509   1.6943   0.0000  -0.1473   1.1465    0.222
    19  16.8016   1.3043   0.6198  -5.8241  -0.5709  -4.5773  -4.5756   1.0659   0.0000  -0.2056   0.8511    0.205
    20  17.1200   0.8402   0.1342  -1.9459  -0.4910  -2.3391  -2.3383   0.1553   0.0000  -0.1773   0.3753    0.174

  Surface # 2     main_wing (YDUP)                        
     # Chordwise = 10   # Spanwise = 20     First strip = 21
     Surface area =   63.790974       Ave. chord =    3.717419
     CLsurf  =  -2.68825     Clsurf  =  -0.59248
     CYsurf  =  -0.04541     Cmsurf  =   0.45968
     CDsurf  =   0.15203     Cnsurf  =  -0.20732
     CDisurf =   0.15203     CDvsurf =   0.00000

  Forces referred to Ssurf, Cave about hinge axis thru LE
     CLsurf  =  -5.26198     CDsurf  =   0.29758
     Deflect =

 Strip Forces referred to Strip Area, Chord
    j      Yle    Chord     Area     c cl      ai      cl_norm  cl       cd       cdv    cm_c/4    cm_LE  C.P.x/c
    21  -0.0271   7.7411   0.8376 -21.9593  -0.6862   2.6648   2.6646 -63.0047   0.0000   1.3871  -2.0620   -0.271
    22  -0.2428   7.5905   2.4436 -24.3011  -0.5716  -2.8179  -2.8177  -4.5270   0.0000   1.4750  -2.2382    0.773
    23  -0.6690   7.2932   3.8488 -23.9541  -0.3922  -3.2796  -3.2793  -0.2030   0.0000   1.4521  -2.2361    0.693
    24  -1.2950   6.8563   4.9402 -23.1160  -0.1641  -3.4297  -3.4294   0.5141   0.0000   1.3081  -2.1159    0.631
    25  -2.1056   6.2906   5.6339 -21.7497   0.0841  -3.5237  -3.5234   0.6024   0.0000   0.9770  -1.8113    0.527
    26  -3.0065   5.6619   5.0672 -20.8031   0.1944  -3.7713  -3.7709   0.9450   0.0000   0.5966  -1.4905    0.408
    27  -3.9586   4.9974   5.0150 -20.6482   0.0481  -4.2793  -4.2789   1.5016   0.0000   0.3076  -1.3186    0.322
    28  -5.0073   4.2656   4.6382 -21.8446  -0.1838  -5.2896  -5.2891   1.6966   0.0000   0.1264  -1.3837    0.274
    29  -6.1989   3.7534   4.8429 -22.7274  -0.4255  -6.2743  -6.2739   2.2357   0.0000  -0.0158  -1.4956    0.247
    30  -7.5095   3.4937   4.6216 -22.8556  -0.5194  -6.7455  -6.7451   2.0360   0.0000  -0.0420  -1.5910    0.244
    31  -8.8364   3.2307   4.2738 -22.3175  -0.5333  -7.1004  -7.1000   1.8941   0.0000  -0.0433  -1.6810    0.244
    32 -10.1470   2.9710   3.8335 -21.2915  -0.5105  -7.3492  -7.3488   1.7720   0.0000  -0.0388  -1.7500    0.245
    33 -11.4090   2.7210   3.3357 -19.9099  -0.4858  -7.4941  -7.4937   1.6974   0.0000  -0.0398  -1.7867    0.245
    34 -12.6340   2.4782   3.0105 -18.2369  -0.4726  -7.5310  -7.5305   1.6412   0.0000  -0.0433  -1.7935    0.244
    35 -13.7866   2.2498   2.4374 -16.2992  -0.4786  -7.4150  -7.4145   1.6256   0.0000  -0.0543  -1.7541    0.243
    36 -14.7941   2.0502   1.8970 -14.1529  -0.5102  -7.0741  -7.0736   1.6468   0.0000  -0.0758  -1.6474    0.239
    37 -15.6315   1.8843   1.4027 -11.7745  -0.5690  -6.4202  -6.4198   1.6804   0.0000  -0.1098  -1.4501    0.233
    38 -16.2783   1.7561   0.9575  -9.1016  -0.6470  -5.3512  -5.3509   1.6943   0.0000  -0.1473  -1.1465    0.222
    39 -16.8016   1.3043   0.6198  -5.8240  -0.5709  -4.5773  -4.5756   1.0659   0.0000  -0.2056  -0.8511    0.205
    40 -17.1200   0.8402   0.1342  -1.9459  -0.4910  -2.3391  -2.3383   0.1553   0.0000  -0.1773  -0.3753    0.174

  Surface # 3     horizontal_stabilizer                   
     # Chordwise = 10   # Spanwise = 20     First strip = 41
     Surface area =   20.072786       Ave. chord =    2.827143
     CLsurf  =   0.24732     Clsurf  =  -0.02171
     CYsurf  =  -0.00231     Cmsurf  =  -1.09395
     CDsurf  =  -0.03443     Cnsurf  =  -0.00374
     CDisurf =  -0.03443     CDvsurf =   0.00000

  Forces referred to Ssurf, Cave about hinge axis thru LE
     CLsurf  =   1.53845     CDsurf  =  -0.21418
     Deflect =

 Strip Forces referred to Strip Area, Chord
    j      Yle    Chord     Area     c cl      ai      cl_norm  cl       cd       cdv    cm_c/4    cm_LE  C.P.x/c
    41   0.0103   4.6946   0.1934   5.5015   0.0214   1.1597   1.1595   0.1921   0.0000   0.0237  -0.2665    0.230
    42   0.0924   4.6512   0.5701   5.4470   0.0178   1.1811   1.1809  -0.0613   0.0000   0.0233  -0.2668    0.230
    43   0.2547   4.5656   0.9173   5.4354   0.0145   1.2025   1.2023  -0.0833   0.0000   0.0243  -0.2706    0.230
    44   0.4930   4.4399   1.2180   5.4158   0.0137   1.2336   1.2334  -0.1023   0.0000   0.0255  -0.2766    0.229
    45   0.8160   4.2695   1.5847   5.3766   0.0143   1.2747   1.2745  -0.1183   0.0000   0.0269  -0.2851    0.229
    46   1.2202   4.0563   1.7628   5.3110   0.0065   1.3264   1.3262  -0.1355   0.0000   0.0282  -0.2962    0.229
    47   1.6825   3.8123   1.8577   5.2154  -0.0223   1.3871   1.3869  -0.1553   0.0000   0.0293  -0.3096    0.229
    48   2.1917   3.5437   1.8711   5.0875  -0.0577   1.4569   1.4567  -0.1779   0.0000   0.0303  -0.3253    0.229
    49   2.7353   3.2569   1.8099   4.9193  -0.0694   1.5331   1.5329  -0.1906   0.0000   0.0319  -0.3422    0.229
    50   3.2997   2.9591   1.6859   4.7320  -0.0646   1.6251   1.6248  -0.2235   0.0000   0.0339  -0.3622    0.229
    51   3.8713   2.6576   1.5141   4.5141  -0.0591   1.7291   1.7288  -0.2711   0.0000   0.0369  -0.3839    0.229
    52   4.4357   2.3597   1.3114   4.2506  -0.0580   1.8354   1.8352  -0.3086   0.0000   0.0408  -0.4054    0.228
    53   4.9793   2.0730   1.0945   3.9418  -0.0612   1.9414   1.9411  -0.3695   0.0000   0.0450  -0.4261    0.227
    54   5.4885   1.8043   0.8792   3.5664  -0.0668   2.0213   2.0210  -0.4207   0.0000   0.0498  -0.4399    0.225
    55   5.9508   1.5604   0.6781   3.1188  -0.0720   2.0462   2.0458  -0.4511   0.0000   0.0564  -0.4388    0.222
    56   6.3550   1.3472   0.5000   2.6034  -0.0734   1.9801   1.9797  -0.4560   0.0000   0.0646  -0.4143    0.217
    57   6.6617   1.1853   0.2890   2.0543  -0.0692   1.7759   1.7757  -0.4104   0.0000   0.0717  -0.3579    0.210
    58   6.8736   1.0735   0.1917   1.5038  -0.0598   1.4358   1.4356  -0.3374   0.0000   0.0737  -0.2738    0.199
    59   7.0178   0.9975   0.1087   0.9182  -0.0479   0.9419   0.9418  -0.2021   0.0000   0.0611  -0.1674    0.185
    60   7.0908   0.9589   0.0351   0.3097  -0.0371   0.3302   0.3301  -0.0683   0.0000   0.0249  -0.0553    0.175

  Surface # 4     horizontal_stabilizer (YDUP)            
     # Chordwise = 10   # Spanwise = 20     First strip = 61
     Surface area =   20.072786       Ave. chord =    2.827143
     CLsurf  =   0.24731     Clsurf  =   0.02171
     CYsurf  =   0.00231     Cmsurf  =  -1.09395
     CDsurf  =  -0.03443     Cnsurf  =   0.00374
     CDisurf =  -0.03443     CDvsurf =   0.00000

  Forces referred to Ssurf, Cave about hinge axis thru LE
     CLsurf  =   1.53844     CDsurf  =  -0.21418
     Deflect =

 Strip Forces referred to Strip Area, Chord
    j      Yle    Chord     Area     c cl      ai      cl_norm  cl       cd       cdv    cm_c/4    cm_LE  C.P.x/c
    61  -0.0103   4.6946   0.1934   5.5015   0.0214   1.1597   1.1595   0.1921   0.0000   0.0237   0.2665    0.230
    62  -0.0924   4.6512   0.5701   5.4469   0.0178   1.1811   1.1809  -0.0613   0.0000   0.0233   0.2668    0.230
    63  -0.2547   4.5656   0.9173   5.4354   0.0145   1.2025   1.2023  -0.0833   0.0000   0.0243   0.2706    0.230
    64  -0.4930   4.4399   1.2180   5.4158   0.0137   1.2336   1.2334  -0.1023   0.0000   0.0255   0.2766    0.229
    65  -0.8160   4.2695   1.5847   5.3766   0.0143   1.2747   1.2745  -0.1183   0.0000   0.0269   0.2851    0.229
    66  -1.2202   4.0563   1.7628   5.3110   0.0065   1.3264   1.3262  -0.1355   0.0000   0.0282   0.2962    0.229
    67  -1.6825   3.8123   1.8577   5.2154  -0.0223   1.3871   1.3869  -0.1553   0.0000   0.0293   0.3096    0.229
    68  -2.1917   3.5437   1.8711   5.0875  -0.0577   1.4569   1.4567  -0.1779   0.0000   0.0303   0.3253    0.229
    69  -2.7353   3.2569   1.8099   4.9193  -0.0694   1.5331   1.5329  -0.1906   0.0000   0.0319   0.3422    0.229
    70  -3.2997   2.9591   1.6859   4.7320  -0.0646   1.6251   1.6248  -0.2235   0.0000   0.0339   0.3622    0.229
    71  -3.8713   2.6576   1.5141   4.5140  -0.0591   1.7290   1.7288  -0.2711   0.0000   0.0369   0.3839    0.229
    72  -4.4357   2.3597   1.3114   4.2505  -0.0580   1.8354   1.8351  -0.3086   0.0000   0.0408   0.4054    0.228
    73  -4.9793   2.0730   1.0945   3.9418  -0.0612   1.9414   1.9411  -0.3695   0.0000   0.0450   0.4261    0.227
    74  -5.4885   1.8043   0.8792   3.5664  -0.0668   2.0213   2.0210  -0.4207   0.0000   0.0498   0.4399    0.225
    75  -5.9508   1.5604   0.6781   3.1188  -0.0720   2.0461   2.0458  -0.4511   0.0000   0.0564   0.4388    0.222
    76  -6.3550   1.3472   0.5000   2.6034  -0.0734   1.9800   1.9797  -0.4560   0.0000   0.0646   0.4143    0.217
    77  -6.6617   1.1853   0.2890   2.0543  -0.0692   1.7759   1.7756  -0.4104   0.0000   0.0717   0.3579    0.210
    78  -6.8736   1.0735   0.1917   1.5037  -0.0598   1.4358   1.4356  -0.3374   0.0000   0.0737   0.2738    0.199
    79  -7.0178   0.9975   0.1087   0.9182  -0.0479   0.9419   0.9417  -0.2021   0.0000   0.0611   0.1674    0.185
    80  -7.0908   0.9589   0.0351   0.3096  -0.0371   0.3302   0.3301  -0.0683   0.0000   0.0249   0.0553    0.175

  Surface # 5     vertical_stabilizer                     
     # Chordwise = 10   # Spanwise = 20     First strip = 81
     Surface area =   26.974527       Ave. chord =    3.612513
     CLsurf  =   0.00000     Clsurf  =  -0.00000
     CYsurf  =  -0.00000     Cmsurf  =  -0.00000
     CDsurf  =  -0.00000     Cnsurf  =   0.00000
     CDisurf =  -0.00000     CDvsurf =   0.00000

  Forces referred to Ssurf, Cave about hinge axis thru LE
     CLsurf  =   0.00000     CDsurf  =  -0.00000
     Deflect =

 Strip Forces referred to Strip Area, Chord
    j      Yle    Chord     Area     c cl      ai      cl_norm  cl       cd       cdv    cm_c/4    cm_LE  C.P.x/c
    81   0.0000   8.1033   0.7081   0.0000  -0.0000   0.0000   0.0000  -0.0000   0.0000   0.0000  -0.0000    0.169
    82   0.0000   7.7953   1.2357   0.0000   0.0000   0.0000   0.0000  -0.0000   0.0000   0.0000  -0.0000    0.195
    83   0.0000   7.3128   1.6577   0.0000  -0.0000   0.0000   0.0000  -0.0000   0.0000   0.0000  -0.0000    0.182
    84   0.0000   6.6651   1.9342   0.0000  -0.0000   0.0000   0.0000  -0.0000   0.0000   0.0000  -0.0000    0.162
    85   0.0000   5.8661   2.0384   0.0000  -0.0000   0.0000   0.0000  -0.0000   0.0000   0.0000  -0.0000    0.165
    86   0.0000   4.9330   1.9589   0.0000  -0.0000   0.0000   0.0000  -0.0000   0.0000   0.0000  -0.0000    0.198
    87   0.0000   4.2949   2.2317   0.0000   0.0000   0.0000   0.0000  -0.0000   0.0000   0.0000  -0.0000    0.126
    88   0.0000   4.0244   2.2380   0.0000  -0.0000   0.0000   0.0000  -0.0000   0.0000   0.0000  -0.0000    0.151
    89   0.0000   3.7387   2.1678   0.0000  -0.0000   0.0000   0.0000  -0.0000   0.0000   0.0000  -0.0000    0.185
    90   0.0000   3.4444   2.0327   0.0000   0.0000   0.0000   0.0000  -0.0000   0.0000   0.0000  -0.0000    0.224
    91   0.0000   3.1483   1.8474   0.0000  -0.0000   0.0000   0.0000  -0.0000   0.0000   0.0000  -0.0000    0.210
    92   0.0000   2.8574   1.6279   0.0000  -0.0000   0.0000   0.0000  -0.0000   0.0000  -0.0000  -0.0000    0.268
    93   0.0000   2.5785   1.3906   0.0000  -0.0000   0.0000   0.0000  -0.0000   0.0000   0.0000  -0.0000    0.249
    94   0.0000   2.3180   1.1503   0.0000  -0.0000   0.0000   0.0000  -0.0000   0.0000   0.0000  -0.0000    0.249
    95   0.0000   2.0821   0.9193   0.0000  -0.0000   0.0000   0.0000  -0.0000   0.0000   0.0000  -0.0000    0.237
    96   0.0000   1.8763   0.7063   0.0000  -0.0000   0.0000   0.0000  -0.0000   0.0000   0.0000  -0.0000    0.240
    97   0.0000   1.7056   0.5158   0.0000  -0.0000   0.0000   0.0000  -0.0000   0.0000   0.0000  -0.0000    0.222
    98   0.0000   1.5739   0.3482   0.0000  -0.0000   0.0000   0.0000  -0.0000   0.0000   0.0000  -0.0000    0.226
    99   0.0000   1.4843   0.2002   0.0000  -0.0000   0.0000   0.0000  -0.0000   0.0000   0.0000  -0.0000    0.218
   100   0.0000   1.4389   0.0652   0.0000  -0.0000   0.0000   0.0000  -0.0000   0.0000   0.0000  -0.0000    0.221

  Surface # 6     fuselage_horizontal                     
     # Chordwise = 10   # Spanwise = 10     First strip =101
     Surface area =  112.392822       Ave. chord =   30.376440
     CLsurf  =  -0.01957     Clsurf  =   0.00000
     CYsurf  =   0.00002     Cmsurf  =  -0.06429
     CDsurf  =  -0.01875     Cnsurf  =  -0.00000
     CDisurf =  -0.01875     CDvsurf =   0.00000

  Forces referred to Ssurf, Cave about hinge axis thru LE
     CLsurf  =  -0.02174     CDsurf  =  -0.02083
     Deflect =

 Strip Forces referred to Strip Area, Chord
    j      Yle    Chord     Area     c cl      ai      cl_norm  cl       cd       cdv    cm_c/4    cm_LE  C.P.x/c
   101  -1.6650  21.5445   7.9715  -0.7680   0.2555  -0.8198  -0.0427   0.0792   0.0000  -0.0043   0.0005    0.149
   102  -1.2950  27.3129  10.1058  -1.4728   0.2495  -0.2795  -0.0630   0.1015   0.0000   0.0014   0.0030    0.273
   103  -0.9250  31.3629  11.6043  -1.1242   0.1965  -0.0915  -0.0410   0.0571   0.0000  -0.0032   0.0016    0.171
   104  -0.5550  34.6182  12.8087  -0.4837  -0.0812  -0.0149  -0.0113  -0.0310   0.0000  -0.0069  -0.0012   -0.357
   105  -0.1850  37.0437  13.7062   0.2829  -0.1637   0.0274   0.0274  -0.2257   0.0000  -0.0110  -0.0078    0.651
   106   0.1850  37.0437  13.7062   0.2829  -0.1637   0.0274   0.0274  -0.2257   0.0000  -0.0110  -0.0078    0.651
   107   0.5550  34.6182  12.8087  -0.4837  -0.0812  -0.0149  -0.0113  -0.0309   0.0000  -0.0069  -0.0012   -0.357
   108   0.9250  31.3629  11.6043  -1.1242   0.1965  -0.0915  -0.0410   0.0571   0.0000  -0.0032   0.0016    0.171
   109   1.2950  27.3129  10.1058  -1.4728   0.2495  -0.2795  -0.0630   0.1015   0.0000   0.0014   0.0030    0.273
   110   1.6650  21.5445   7.9715  -0.7680   0.2555  -0.8198  -0.0427   0.0792   0.0000  -0.0043   0.0005    0.149

  Surface # 7     fuselage_vertical                       
     # Chordwise = 10   # Spanwise = 10     First strip =111
     Surface area =  114.215408       Ave. chord =   30.376440
     CLsurf  =  -0.00000     Clsurf  =   0.00000
     CYsurf  =  -0.00000     Cmsurf  =  -0.00000
     CDsurf  =   0.00000     Cnsurf  =   0.00000
     CDisurf =   0.00000     CDvsurf =   0.00000

  Forces referred to Ssurf, Cave about hinge axis thru LE
     CLsurf  =   0.00000     CDsurf  =   0.00000
     Deflect =

 Strip Forces referred to Strip Area, Chord
    j      Yle    Chord     Area     c cl      ai      cl_norm  cl       cd       cdv    cm_c/4    cm_LE  C.P.x/c
   111   0.0000  21.5445   8.1007   0.0000   0.0000   0.0000   0.0000   0.0000   0.0000   0.0000   0.0000   -0.077
   112   0.0000  27.3129  10.2696   0.0000   0.0000   0.0000   0.0000   0.0000   0.0000   0.0000   0.0000   -0.126
   113   0.0000  31.3629  11.7925   0.0000  -0.0000   0.0000   0.0000   0.0000   0.0000   0.0000   0.0000   -0.539
   114   0.0000  34.6182  13.0164   0.0000  -0.0000   0.0000   0.0000   0.0000   0.0000   0.0000   0.0000   -0.712
   115   0.0000  37.0437  13.9284   0.0000  -0.0000   0.0000   0.0000  -0.0000   0.0000   0.0000   0.0000    0.099
   116   0.0000  37.0437  13.9284   0.0000  -0.0000   0.0000   0.0000  -0.0000   0.0000  -0.0000  -0.0000    0.631
   117   0.0000  34.6182  13.0164   0.0000  -0.0000   0.0000   0.0000   0.0000   0.0000  -0.0000  -0.0000    0.663
   118   0.0000  31.3629  11.7925   0.0000  -0.0000   0.0000   0.0000   0.0000   0.0000  -0.0000  -0.0000    0.637
   119   0.0000  27.3129  10.2696   0.0000   0.0000   0.0000   0.0000   0.0000   0.0000  -0.0000  -0.0000    0.699
   120   0.0000  21.5445   8.1007   0.0000   0.0000   0.0000   0.0000  -0.0000   0.0000  -0.0000  -0.0000    0.707
 ---------------------------------------------------------------
