 ---------------------------------------------------------------
 Surface and Strip Forces by surface

  Forces referred to Sref, Cref, Bref about Xref, Yref, Zref
 Standard axis orientation,  X fwd, Z down         

  Surface # 1     main_wing                               
     # Chordwise = 10   # Spanwise = 20     First strip =  1
     Surface area =   63.790974       Ave. chord =    3.717419
     CLsurf  =  -2.51945     Clsurf  =   0.55762
     CYsurf  =   0.02922     Cmsurf  =   0.43263
     CDsurf  =   0.25056     Cnsurf  =   0.11417
     CDisurf =   0.25056     CDvsurf =   0.00000

  Forces referred to Ssurf, Cave about hinge axis thru LE
     CLsurf  =  -4.93155     CDsurf  =   0.49044
     Deflect =

 Strip Forces referred to Strip Area, Chord
    j      Yle    Chord     Area     c cl      ai      cl_norm  cl       cd       cdv    cm_c/4    cm_LE  C.P.x/c
     1   0.0271   7.7411   0.8376 -22.0567  -0.7650  -4.0360  -4.0356 -33.9217   0.0000   1.2377   1.9181    0.557
     2   0.2428   7.5905   2.4436 -23.2366  -0.6355  -3.1529  -3.1526  -2.5625   0.0000   1.2875   2.0193    0.658
     3   0.6690   7.2932   3.8488 -22.9071  -0.4433  -3.1591  -3.1588  -0.4583   0.0000   1.2579   2.0097    0.648
     4   1.2950   6.8563   4.9402 -21.8514  -0.2046  -3.1811  -3.1808   0.2346   0.0000   1.0970   1.8628    0.595
     5   2.1056   6.2906   5.6339 -20.8757   0.0471  -3.3067  -3.3064   0.4056   0.0000   0.7813   1.5846    0.486
     6   3.0065   5.6619   5.0672 -20.0032   0.1278  -3.5050  -3.5047   0.8705   0.0000   0.4302   1.2920    0.373
     7   3.9586   4.9974   5.0150 -20.3543  -0.0459  -4.0388  -4.0385   1.0582   0.0000   0.2208   1.2187    0.305
     8   5.0073   4.2656   4.6382 -21.2042  -0.2580  -4.9200  -4.9196   1.5590   0.0000   0.0722   1.2935    0.265
     9   6.1989   3.7534   4.8429 -21.8309  -0.4327  -5.7549  -5.7545   1.8715   0.0000  -0.0195   1.4323    0.247
    10   7.5095   3.4937   4.6216 -21.6875  -0.4717  -6.1534  -6.1530   1.6735   0.0000  -0.0270   1.5224    0.246
    11   8.8364   3.2307   4.2738 -20.9538  -0.4599  -6.4368  -6.4364   1.5275   0.0000  -0.0230   1.5958    0.246
    12  10.1470   2.9710   3.8335 -19.8289  -0.4306  -6.6292  -6.6288   1.4124   0.0000  -0.0184   1.6474    0.247
    13  11.4090   2.7210   3.3357 -18.4458  -0.4067  -6.7369  -6.7365   1.3391   0.0000  -0.0183   1.6737    0.247
    14  12.6340   2.4782   3.0105 -16.8572  -0.3970  -6.7613  -6.7609   1.2996   0.0000  -0.0204   1.6774    0.247
    15  13.7866   2.2498   2.4374 -15.0856  -0.4093  -6.6639  -6.6635   1.3125   0.0000  -0.0278   1.6458    0.246
    16  14.7941   2.0502   1.8970 -13.1741  -0.4526  -6.3817  -6.3813   1.3851   0.0000  -0.0439   1.5599    0.243
    17  15.6315   1.8843   1.4027 -11.0693  -0.5323  -5.8262  -5.8259   1.4974   0.0000  -0.0728   1.3936    0.238
    18  16.2783   1.7561   0.9575  -8.6651  -0.6433  -4.8815  -4.8812   1.6059   0.0000  -0.1110   1.1207    0.227
    19  16.8016   1.3043   0.6198  -5.6013  -0.5893  -4.2592  -4.2576   1.1316   0.0000  -0.1691   0.8450    0.210
    20  17.1200   0.8402   0.1342  -1.8877  -0.5383  -2.2372  -2.2364   0.3309   0.0000  -0.1621   0.3732    0.178

  Surface # 2     main_wing (YDUP)                        
     # Chordwise = 10   # Spanwise = 20     First strip = 21
     Surface area =   63.790974       Ave. chord =    3.717419
     CLsurf  =  -2.51945     Clsurf  =  -0.55761
     CYsurf  =  -0.02922     Cmsurf  =   0.43263
     CDsurf  =   0.25056     Cnsurf  =  -0.11417
     CDisurf =   0.25056     CDvsurf =   0.00000

  Forces referred to Ssurf, Cave about hinge axis thru LE
     CLsurf  =  -4.93154     CDsurf  =   0.49043
     Deflect =

 Strip Forces referred to Strip Area, Chord
    j      Yle    Chord     Area     c cl      ai      cl_norm  cl       cd       cdv    cm_c/4    cm_LE  C.P.x/c
    21  -0.0271   7.7411   0.8376 -22.0567  -0.7650  -4.0360  -4.0356 -33.9213   0.0000   1.2377  -1.9181    0.557
    22  -0.2428   7.5905   2.4436 -23.2366  -0.6355  -3.1529  -3.1526  -2.5624   0.0000   1.2875  -2.0193    0.658
    23  -0.6690   7.2932   3.8488 -22.9070  -0.4433  -3.1591  -3.1588  -0.4585   0.0000   1.2579  -2.0097    0.648
    24  -1.2950   6.8563   4.9402 -21.8514  -0.2046  -3.1811  -3.1808   0.2346   0.0000   1.0970  -1.8628    0.595
    25  -2.1056   6.2906   5.6339 -20.8757   0.0471  -3.3067  -3.3064   0.4056   0.0000   0.7813  -1.5846    0.486
    26  -3.0065   5.6619   5.0672 -20.0032   0.1278  -3.5050  -3.5047   0.8705   0.0000   0.4302  -1.2920    0.373
    27  -3.9586   4.9974   5.0150 -20.3542  -0.0459  -4.0388  -4.0385   1.0582   0.0000   0.2208  -1.2187    0.305
    28  -5.0073   4.2656   4.6382 -21.2042  -0.2580  -4.9200  -4.9196   1.5590   0.0000   0.0722  -1.2935    0.265
    29  -6.1989   3.7534   4.8429 -21.8309  -0.4327  -5.7549  -5.7545   1.8715   0.0000  -0.0194  -1.4323    0.247
    30  -7.5095   3.4937   4.6216 -21.6874  -0.4717  -6.1534  -6.1530   1.6735   0.0000  -0.0270  -1.5224    0.246
    31  -8.8364   3.2307   4.2738 -20.9538  -0.4599  -6.4368  -6.4364   1.5275   0.0000  -0.0230  -1.5958    0.246
    32 -10.1470   2.9710   3.8335 -19.8288  -0.4306  -6.6292  -6.6288   1.4124   0.0000  -0.0184  -1.6474    0.247
    33 -11.4090   2.7210   3.3357 -18.4458  -0.4067  -6.7369  -6.7365   1.3391   0.0000  -0.0183  -1.6737    0.247
    34 -12.6340   2.4782   3.0105 -16.8571  -0.3970  -6.7613  -6.7608   1.2996   0.0000  -0.0204  -1.6774    0.247
    35 -13.7866   2.2498   2.4374 -15.0856  -0.4093  -6.6639  -6.6635   1.3125   0.0000  -0.0278  -1.6458    0.246
    36 -14.7941   2.0502   1.8970 -13.1740  -0.4526  -6.3817  -6.3813   1.3850   0.0000  -0.0439  -1.5599    0.243
    37 -15.6315   1.8843   1.4027 -11.0692  -0.5323  -5.8262  -5.8258   1.4973   0.0000  -0.0728  -1.3936    0.238
    38 -16.2783   1.7561   0.9575  -8.6651  -0.6433  -4.8815  -4.8812   1.6058   0.0000  -0.1110  -1.1207    0.227
    39 -16.8016   1.3043   0.6198  -5.6013  -0.5893  -4.2592  -4.2576   1.1316   0.0000  -0.1691  -0.8450    0.210
    40 -17.1200   0.8402   0.1342  -1.8876  -0.5383  -2.2372  -2.2363   0.3309   0.0000  -0.1621  -0.3732    0.178

  Surface # 3     horizontal_stabilizer                   
     # Chordwise = 10   # Spanwise = 20     First strip = 41
     Surface area =   20.072786       Ave. chord =    2.827143
     CLsurf  =   0.13323     Clsurf  =  -0.01202
     CYsurf  =   0.00427     Cmsurf  =  -0.59956
     CDsurf  =  -0.02616     Cnsurf  =  -0.00464
     CDisurf =  -0.02616     CDvsurf =   0.00000

  Forces referred to Ssurf, Cave about hinge axis thru LE
     CLsurf  =   0.82869     CDsurf  =  -0.16272
     Deflect =

 Strip Forces referred to Strip Area, Chord
    j      Yle    Chord     Area     c cl      ai      cl_norm  cl       cd       cdv    cm_c/4    cm_LE  C.P.x/c
    41   0.0103   4.6946   0.1934   2.8786  -0.1175   0.6126   0.6125  -0.0309   0.0000   0.0094  -0.1424    0.235
    42   0.0924   4.6512   0.5701   2.8666  -0.1200   0.6139   0.6138  -0.0825   0.0000   0.0095  -0.1431    0.234
    43   0.2547   4.5656   0.9173   2.8617  -0.1216   0.6242   0.6241  -0.0890   0.0000   0.0100  -0.1452    0.234
    44   0.4930   4.4399   1.2180   2.8517  -0.1203   0.6394   0.6393  -0.0959   0.0000   0.0106  -0.1485    0.233
    45   0.8160   4.2695   1.5847   2.8339  -0.1157   0.6607   0.6606  -0.1031   0.0000   0.0111  -0.1532    0.233
    46   1.2202   4.0563   1.7628   2.8059  -0.1132   0.6884   0.6883  -0.1117   0.0000   0.0117  -0.1596    0.233
    47   1.6825   3.8123   1.8577   2.7663  -0.1223   0.7219   0.7218  -0.1214   0.0000   0.0121  -0.1676    0.233
    48   2.1917   3.5437   1.8711   2.7170  -0.1367   0.7627   0.7625  -0.1335   0.0000   0.0125  -0.1774    0.234
    49   2.7353   3.2569   1.8099   2.6557  -0.1387   0.8110   0.8108  -0.1452   0.0000   0.0133  -0.1886    0.234
    50   3.2997   2.9591   1.6859   2.5905  -0.1326   0.8703   0.8702  -0.1658   0.0000   0.0145  -0.2023    0.233
    51   3.8713   2.6576   1.5141   2.5125  -0.1277   0.9393   0.9391  -0.1957   0.0000   0.0163  -0.2178    0.233
    52   4.4357   2.3597   1.3114   2.4100  -0.1268   1.0143   1.0141  -0.2230   0.0000   0.0184  -0.2345    0.232
    53   4.9793   2.0730   1.0945   2.2726  -0.1294   1.0881   1.0879  -0.2589   0.0000   0.0207  -0.2508    0.231
    54   5.4885   1.8043   0.8792   2.0869  -0.1340   1.1473   1.1471  -0.2928   0.0000   0.0230  -0.2635    0.230
    55   5.9508   1.5604   0.6781   1.8481  -0.1380   1.1745   1.1743  -0.3092   0.0000   0.0259  -0.2675    0.228
    56   6.3550   1.3472   0.5000   1.5606  -0.1383   1.1484   1.1482  -0.3115   0.0000   0.0300  -0.2569    0.224
    57   6.6617   1.1853   0.2890   1.2426  -0.1329   1.0393   1.0392  -0.2806   0.0000   0.0356  -0.2241    0.216
    58   6.8736   1.0735   0.1917   0.9171  -0.1230   0.8469   0.8468  -0.2284   0.0000   0.0391  -0.1727    0.204
    59   7.0178   0.9975   0.1087   0.5641  -0.1112   0.5610   0.5610  -0.1402   0.0000   0.0345  -0.1058    0.188
    60   7.0908   0.9589   0.0351   0.1910  -0.1013   0.1977   0.1977  -0.0465   0.0000   0.0148  -0.0347    0.175

  Surface # 4     horizontal_stabilizer (YDUP)            
     # Chordwise = 10   # Spanwise = 20     First strip = 61
     Surface area =   20.072786       Ave. chord =    2.827143
     CLsurf  =   0.13323     Clsurf  =   0.01202
     CYsurf  =  -0.00427     Cmsurf  =  -0.59956
     CDsurf  =  -0.02616     Cnsurf  =   0.00464
     CDisurf =  -0.02616     CDvsurf =   0.00000

  Forces referred to Ssurf, Cave about hinge axis thru LE
     CLsurf  =   0.82869     CDsurf  =  -0.16272
     Deflect =

 Strip Forces referred to Strip Area, Chord
    j      Yle    Chord     Area     c cl      ai      cl_norm  cl       cd       cdv    cm_c/4    cm_LE  C.P.x/c
    61  -0.0103   4.6946   0.1934   2.8786  -0.1175   0.6126   0.6125  -0.0309   0.0000   0.0094   0.1424    0.235
    62  -0.0924   4.6512   0.5701   2.8666  -0.1200   0.6139   0.6138  -0.0825   0.0000   0.0095   0.1431    0.234
    63  -0.2547   4.5656   0.9173   2.8617  -0.1216   0.6242   0.6241  -0.0890   0.0000   0.0100   0.1452    0.234
    64  -0.4930   4.4399   1.2180   2.8517  -0.1203   0.6394   0.6393  -0.0959   0.0000   0.0106   0.1485    0.233
    65  -0.8160   4.2695   1.5847   2.8339  -0.1157   0.6607   0.6606  -0.1031   0.0000   0.0111   0.1532    0.233
    66  -1.2202   4.0563   1.7628   2.8059  -0.1132   0.6884   0.6883  -0.1117   0.0000   0.0117   0.1596    0.233
    67  -1.6825   3.8123   1.8577   2.7663  -0.1223   0.7219   0.7218  -0.1214   0.0000   0.0121   0.1676    0.233
    68  -2.1917   3.5437   1.8711   2.7170  -0.1367   0.7626   0.7625  -0.1335   0.0000   0.0125   0.1774    0.234
    69  -2.7353   3.2569   1.8099   2.6557  -0.1387   0.8110   0.8108  -0.1452   0.0000   0.0133   0.1886    0.234
    70  -3.2997   2.9591   1.6859   2.5905  -0.1326   0.8703   0.8702  -0.1658   0.0000   0.0145   0.2023    0.233
    71  -3.8713   2.6576   1.5141   2.5125  -0.1277   0.9393   0.9391  -0.1957   0.0000   0.0163   0.2178    0.233
    72  -4.4357   2.3597   1.3114   2.4100  -0.1268   1.0143   1.0141  -0.2230   0.0000   0.0184   0.2345    0.232
    73  -4.9793   2.0730   1.0945   2.2725  -0.1294   1.0881   1.0879  -0.2589   0.0000   0.0207   0.2508    0.231
    74  -5.4885   1.8043   0.8792   2.0869  -0.1340   1.1473   1.1471  -0.2927   0.0000   0.0230   0.2635    0.230
    75  -5.9508   1.5604   0.6781   1.8481  -0.1380   1.1745   1.1743  -0.3092   0.0000   0.0259   0.2675    0.228
    76  -6.3550   1.3472   0.5000   1.5606  -0.1384   1.1484   1.1482  -0.3115   0.0000   0.0300   0.2569    0.224
    77  -6.6617   1.1853   0.2890   1.2426  -0.1330   1.0393   1.0392  -0.2806   0.0000   0.0356   0.2241    0.216
    78  -6.8736   1.0735   0.1917   0.9171  -0.1230   0.8469   0.8468  -0.2284   0.0000   0.0391   0.1727    0.204
    79  -7.0178   0.9975   0.1087   0.5641  -0.1112   0.5610   0.5609  -0.1402   0.0000   0.0345   0.1058    0.188
    80  -7.0908   0.9589   0.0351   0.1910  -0.1013   0.1977   0.1977  -0.0465   0.0000   0.0148   0.0347    0.175

  Surface # 5     vertical_stabilizer                     
     # Chordwise = 10   # Spanwise = 20     First strip = 81
     Surface area =   26.974527       Ave. chord =    3.612513
     CLsurf  =   0.00000     Clsurf  =  -0.00000
     CYsurf  =  -0.00000     Cmsurf  =  -0.00000
     CDsurf  =  -0.00000     Cnsurf  =   0.00000
     CDisurf =  -0.00000     CDvsurf =   0.00000

  Forces referred to Ssurf, Cave about hinge axis thru LE
     CLsurf  =   0.00000     CDsurf  =  -0.00000
     Deflect =

 Strip Forces referred to Strip Area, Chord
    j      Yle    Chord     Area     c cl      ai      cl_norm  cl       cd       cdv    cm_c/4    cm_LE  C.P.x/c
    81   0.0000   8.1033   0.7081   0.0000  -0.0000   0.0000   0.0000   0.0000   0.0000   0.0000   0.0000   -0.076
    82   0.0000   7.7953   1.2357   0.0000   0.0000   0.0000   0.0000  -0.0000   0.0000   0.0000   0.0000   -0.026
    83   0.0000   7.3128   1.6577   0.0000  -0.0000   0.0000   0.0000  -0.0000   0.0000   0.0000   0.0000    0.001
    84   0.0000   6.6651   1.9342   0.0000  -0.0000   0.0000   0.0000  -0.0000   0.0000   0.0000   0.0000   -0.073
    85   0.0000   5.8661   2.0384   0.0000  -0.0000   0.0000   0.0000  -0.0000   0.0000   0.0000   0.0000   -0.031
    86   0.0000   4.9330   1.9589   0.0000  -0.0000   0.0000   0.0000  -0.0000   0.0000   0.0000  -0.0000    0.057
    87   0.0000   4.2949   2.2317   0.0000  -0.0000   0.0000   0.0000  -0.0000   0.0000   0.0000  -0.0000    0.132
    88   0.0000   4.0244   2.2380   0.0000  -0.0000   0.0000   0.0000  -0.0000   0.0000   0.0000  -0.0000    0.147
    89   0.0000   3.7387   2.1678   0.0000  -0.0000   0.0000   0.0000  -0.0000   0.0000   0.0000  -0.0000    0.154
    90   0.0000   3.4444   2.0327   0.0000  -0.0000   0.0000   0.0000  -0.0000   0.0000   0.0000  -0.0000    0.168
    91   0.0000   3.1483   1.8474   0.0000  -0.0000   0.0000   0.0000  -0.0000   0.0000   0.0000  -0.0000    0.191
    92   0.0000   2.8574   1.6279   0.0000  -0.0000   0.0000   0.0000  -0.0000   0.0000   0.0000  -0.0000    0.206
    93   0.0000   2.5785   1.3906   0.0000  -0.0000   0.0000   0.0000  -0.0000   0.0000   0.0000  -0.0000    0.215
    94   0.0000   2.3180   1.1503   0.0000  -0.0000   0.0000   0.0000  -0.0000   0.0000   0.0000  -0.0000    0.212
    95   0.0000   2.0821   0.9193   0.0000  -0.0000   0.0000   0.0000  -0.0000   0.0000   0.0000  -0.0000    0.220
    96   0.0000   1.8763   0.7063   0.0000  -0.0000   0.0000   0.0000  -0.0000   0.0000   0.0000  -0.0000    0.215
    97   0.0000   1.7056   0.5158   0.0000  -0.0000   0.0000   0.0000  -0.0000   0.0000   0.0000  -0.0000    0.199
    98   0.0000   1.5739   0.3482   0.0000  -0.0000   0.0000   0.0000  -0.0000   0.0000   0.0000  -0.0000    0.184
    99   0.0000   1.4843   0.2002   0.0000  -0.0000   0.0000   0.0000  -0.0000   0.0000   0.0000  -0.0000    0.171
   100   0.0000   1.4389   0.0652   0.0000  -0.0000   0.0000   0.0000  -0.0000   0.0000   0.0000  -0.0000    0.167

  Surface # 6     fuselage_horizontal                     
     # Chordwise = 10   # Spanwise = 10     First strip =101
     Surface area =  112.392822       Ave. chord =   30.376440
     CLsurf  =  -0.01828     Clsurf  =  -0.00000
     CYsurf  =  -0.00001     Cmsurf  =  -0.12337
     CDsurf  =  -0.01413     Cnsurf  =   0.00000
     CDisurf =  -0.01413     CDvsurf =   0.00000

  Forces referred to Ssurf, Cave about hinge axis thru LE
     CLsurf  =  -0.02031     CDsurf  =  -0.01569
     Deflect =

 Strip Forces referred to Strip Area, Chord
    j      Yle    Chord     Area     c cl      ai      cl_norm  cl       cd       cdv    cm_c/4    cm_LE  C.P.x/c
   101  -1.6650  21.5445   7.9715  -0.4530   0.0929  -0.4266  -0.0196   0.0404   0.0000  -0.0167  -0.0012   -0.603
   102  -1.2950  27.3129  10.1058  -0.9847   0.0409  -0.1558  -0.0343   0.0496   0.0000  -0.0127  -0.0007   -0.121
   103  -0.9250  31.3629  11.6043  -0.8609  -0.0299  -0.0601  -0.0267   0.0221   0.0000  -0.0143  -0.0020   -0.285
   104  -0.5550  34.6182  12.8087  -0.5590  -0.2035  -0.0224  -0.0170  -0.0253   0.0000  -0.0150  -0.0041   -0.633
   105  -0.1850  37.0437  13.7062  -0.1418  -0.2704  -0.0080  -0.0080  -0.1194   0.0000  -0.0164  -0.0094
   106   0.1850  37.0437  13.7062  -0.1419  -0.2704  -0.0080  -0.0080  -0.1194   0.0000  -0.0164  -0.0094
   107   0.5550  34.6182  12.8087  -0.5590  -0.2035  -0.0225  -0.0170  -0.0254   0.0000  -0.0150  -0.0041   -0.632
   108   0.9250  31.3629  11.6043  -0.8609  -0.0299  -0.0601  -0.0267   0.0221   0.0000  -0.0143  -0.0020   -0.285
   109   1.2950  27.3129  10.1058  -0.9847   0.0409  -0.1558  -0.0343   0.0496   0.0000  -0.0127  -0.0007   -0.121
   110   1.6650  21.5445   7.9715  -0.4530   0.0929  -0.4266  -0.0196   0.0404   0.0000  -0.0167  -0.0012   -0.603

  Surface # 7     fuselage_vertical                       
     # Chordwise = 10   # Spanwise = 10     First strip =111
     Surface area =  114.215408       Ave. chord =   30.376440
     CLsurf  =   0.00000     Clsurf  =  -0.00000
     CYsurf  =  -0.00000     Cmsurf  =  -0.00000
     CDsurf  =  -0.00000     Cnsurf  =   0.00000
     CDisurf =  -0.00000     CDvsurf =   0.00000

  Forces referred to Ssurf, Cave about hinge axis thru LE
     CLsurf  =   0.00000     CDsurf  =  -0.00000
     Deflect =

 Strip Forces referred to Strip Area, Chord
    j      Yle    Chord     Area     c cl      ai      cl_norm  cl       cd       cdv    cm_c/4    cm_LE  C.P.x/c
   111   0.0000  21.5445   8.1007   0.0000   0.0000   0.0000   0.0000  -0.0000   0.0000  -0.0000  -0.0000    0.964
   112   0.0000  27.3129  10.2696   0.0000   0.0000   0.0000   0.0000   0.0000   0.0000  -0.0000  -0.0000    0.592
   113   0.0000  31.3629  11.7925   0.0000  -0.0000   0.0000   0.0000   0.0000   0.0000  -0.0000  -0.0000    0.588
   114   0.0000  34.6182  13.0164   0.0000  -0.0000   0.0000   0.0000  -0.0000   0.0000  -0.0000  -0.0000    0.575
   115   0.0000  37.0437  13.9284   0.0000  -0.0000   0.0000   0.0000  -0.0000   0.0000  -0.0000  -0.0000    0.569
   116   0.0000  37.0437  13.9284   0.0000  -0.0000   0.0000   0.0000  -0.0000   0.0000  -0.0000  -0.0000    0.511
   117   0.0000  34.6182  13.0164   0.0000  -0.0000   0.0000   0.0000  -0.0000   0.0000  -0.0000  -0.0000    0.445
   118   0.0000  31.3629  11.7925   0.0000  -0.0000   0.0000   0.0000   0.0000   0.0000  -0.0000  -0.0000    0.322
   119   0.0000  27.3129  10.2696   0.0000   0.0000   0.0000   0.0000   0.0000   0.0000  -0.0000  -0.0000    0.304
   120   0.0000  21.5445   8.1007   0.0000   0.0000   0.0000   0.0000  -0.0000   0.0000  -0.0000  -0.0000    0.384
 ---------------------------------------------------------------
