 ---------------------------------------------------------------
 Surface and Strip Forces by surface

  Forces referred to Sref, Cref, Bref about Xref, Yref, Zref
 Standard axis orientation,  X fwd, Z down         

  Surface # 1     main_wing                               
     # Chordwise = 10   # Spanwise = 30     First strip =  1
     Surface area =   63.968842       Ave. chord =    3.715026
     CLsurf  =   0.01217     Clsurf  =   0.00182
     CYsurf  =  -0.00013     Cmsurf  =   0.00143
     CDsurf  =   0.00037     Cnsurf  =  -0.00014
     CDisurf =   0.00037     CDvsurf =   0.00000

  Forces referred to Ssurf, Cave about hinge axis thru LE
     CLsurf  =   0.02372     CDsurf  =   0.00072
     Deflect =

 Strip Forces referred to Strip Area, Chord
    j      Yle    Chord     Area     c cl      ai      cl_norm  cl       cd       cdv    cm_c/4    cm_LE  C.P.x/c
     1   0.0114   7.7520   0.3539   0.7444   0.0120   0.1244   0.0967   0.0174   0.0000  -0.0057  -0.0241    0.309
     2   0.1025   7.6885   1.0491   0.7326   0.0113   0.1229   0.0955   0.0045   0.0000  -0.0056  -0.0239    0.309
     3   0.2837   7.5620   1.7073   0.7283   0.0099   0.1242   0.0965   0.0036   0.0000  -0.0053  -0.0239    0.305
     4   0.5530   7.3741   2.3052   0.7180   0.0077   0.1255   0.0975   0.0030   0.0000  -0.0050  -0.0238    0.301
     5   0.9075   7.1267   2.8223   0.6970   0.0053   0.1260   0.0980   0.0026   0.0000  -0.0047  -0.0237    0.298
     6   1.3432   6.8226   3.2414   0.6615   0.0061   0.1249   0.0971   0.0019   0.0000  -0.0046  -0.0235    0.298
     7   1.8554   6.4651   3.5491   0.6081   0.0158   0.1212   0.0942   0.0012   0.0000  -0.0048  -0.0230    0.301
     8   2.4386   6.0582   3.7368   0.5353   0.0232   0.1138   0.0884   0.0007   0.0000  -0.0053  -0.0223    0.310
     9   3.0862   5.6062   3.8005   0.4438   0.0159   0.1019   0.0792   0.0002   0.0000  -0.0062  -0.0211    0.328
    10   3.7613   5.1351   3.4440   0.3428   0.0061   0.0859   0.0668  -0.0001   0.0000  -0.0071  -0.0193    0.356
    11   4.4532   4.6522   3.3149   0.2392  -0.0022   0.0662   0.0514  -0.0004   0.0000  -0.0079  -0.0169    0.404
    12   5.1831   4.1429   3.0930   0.1328  -0.0121   0.0413   0.0321  -0.0004   0.0000  -0.0093  -0.0141    0.539
    13   6.0123   3.7903   3.4706   0.0412  -0.0168   0.0132   0.0109  -0.0002   0.0000  -0.0107  -0.0119    1.231
    14   6.9353   3.6075   3.3775  -0.0196  -0.0127  -0.0066  -0.0054   0.0000   0.0000  -0.0115  -0.0090
    15   7.8737   3.4215   3.2389  -0.0634  -0.0092  -0.0225  -0.0185   0.0002   0.0000  -0.0124  -0.0070   -0.420
    16   8.8172   3.2345   3.0619  -0.0953  -0.0071  -0.0358  -0.0295   0.0002   0.0000  -0.0135  -0.0055   -0.208
    17   9.7556   3.0486   2.8543  -0.1181  -0.0062  -0.0470  -0.0388   0.0003   0.0000  -0.0147  -0.0046   -0.130
    18  10.6786   2.8657   2.6239  -0.1334  -0.0062  -0.0565  -0.0466   0.0003   0.0000  -0.0162  -0.0041   -0.097
    19  11.5760   2.6879   2.3787  -0.1422  -0.0065  -0.0642  -0.0529   0.0003   0.0000  -0.0177  -0.0040   -0.084
    20  12.4328   2.5181   2.1010  -0.1440  -0.0066  -0.0694  -0.0572   0.0003   0.0000  -0.0187  -0.0040   -0.076
    21  13.2400   2.3582   1.8520  -0.1398  -0.0062  -0.0720  -0.0593   0.0002   0.0000  -0.0191  -0.0039   -0.072
    22  13.9941   2.2087   1.6074  -0.1317  -0.0060  -0.0724  -0.0597   0.0002   0.0000  -0.0195  -0.0042   -0.076
    23  14.6868   2.0715   1.3716  -0.1207  -0.0058  -0.0707  -0.0583   0.0001   0.0000  -0.0199  -0.0048   -0.091
    24  15.3105   1.9479   1.1479  -0.1070  -0.0056  -0.0667  -0.0549   0.0000   0.0000  -0.0203  -0.0059   -0.119
    25  15.8583   1.8393   0.9381  -0.0909  -0.0052  -0.0600  -0.0495   0.0000   0.0000  -0.0203  -0.0072   -0.161
    26  16.3244   1.7470   0.7427  -0.0734  -0.0045  -0.0510  -0.0420   0.0000   0.0000  -0.0187  -0.0073   -0.194
    27  16.6722   1.4928   0.4131  -0.0565  -0.0045  -0.1249  -0.0379  -0.0005   0.0000  -0.0144  -0.0025   -0.131
    28  16.9098   1.1466   0.2292  -0.0403  -0.0043  -0.1160  -0.0352  -0.0007   0.0000  -0.0150  -0.0030   -0.177
    29  17.0696   0.9138   0.1104  -0.0240  -0.0036  -0.0867  -0.0263  -0.0010   0.0000  -0.0139  -0.0035   -0.276
    30  17.1499   0.7967   0.0322  -0.0079  -0.0031  -0.0331  -0.0100  -0.0018   0.0000  -0.0066  -0.0020   -0.411

  Surface # 2     main_wing (YDUP)                        
     # Chordwise = 10   # Spanwise = 30     First strip = 31
     Surface area =   63.968842       Ave. chord =    3.715026
     CLsurf  =   0.01217     Clsurf  =  -0.00182
     CYsurf  =   0.00013     Cmsurf  =   0.00143
     CDsurf  =   0.00037     Cnsurf  =   0.00014
     CDisurf =   0.00037     CDvsurf =   0.00000

  Forces referred to Ssurf, Cave about hinge axis thru LE
     CLsurf  =   0.02372     CDsurf  =   0.00072
     Deflect =

 Strip Forces referred to Strip Area, Chord
    j      Yle    Chord     Area     c cl      ai      cl_norm  cl       cd       cdv    cm_c/4    cm_LE  C.P.x/c
    31  -0.0114   7.7520   0.3539   0.7444   0.0120   0.1244   0.0967   0.0174   0.0000  -0.0057   0.0241    0.309
    32  -0.1025   7.6885   1.0491   0.7326   0.0113   0.1229   0.0955   0.0045   0.0000  -0.0056   0.0239    0.309
    33  -0.2837   7.5620   1.7073   0.7283   0.0099   0.1242   0.0965   0.0036   0.0000  -0.0053   0.0239    0.305
    34  -0.5530   7.3741   2.3052   0.7180   0.0077   0.1255   0.0975   0.0030   0.0000  -0.0050   0.0238    0.301
    35  -0.9075   7.1267   2.8223   0.6970   0.0053   0.1260   0.0980   0.0026   0.0000  -0.0047   0.0237    0.298
    36  -1.3432   6.8226   3.2414   0.6615   0.0061   0.1249   0.0971   0.0019   0.0000  -0.0046   0.0235    0.298
    37  -1.8554   6.4651   3.5491   0.6081   0.0158   0.1212   0.0942   0.0012   0.0000  -0.0048   0.0230    0.301
    38  -2.4386   6.0582   3.7368   0.5353   0.0232   0.1138   0.0884   0.0007   0.0000  -0.0053   0.0223    0.310
    39  -3.0862   5.6062   3.8005   0.4438   0.0159   0.1019   0.0792   0.0002   0.0000  -0.0062   0.0211    0.328
    40  -3.7613   5.1351   3.4440   0.3428   0.0061   0.0859   0.0668  -0.0001   0.0000  -0.0071   0.0193    0.356
    41  -4.4532   4.6522   3.3149   0.2392  -0.0022   0.0662   0.0514  -0.0004   0.0000  -0.0079   0.0169    0.404
    42  -5.1831   4.1429   3.0930   0.1328  -0.0121   0.0413   0.0321  -0.0004   0.0000  -0.0093   0.0141    0.539
    43  -6.0123   3.7903   3.4706   0.0412  -0.0168   0.0132   0.0109  -0.0002   0.0000  -0.0107   0.0119    1.231
    44  -6.9353   3.6075   3.3775  -0.0196  -0.0127  -0.0066  -0.0054   0.0000   0.0000  -0.0115   0.0090
    45  -7.8737   3.4215   3.2389  -0.0634  -0.0092  -0.0225  -0.0185   0.0002   0.0000  -0.0124   0.0070   -0.420
    46  -8.8172   3.2345   3.0619  -0.0953  -0.0071  -0.0358  -0.0295   0.0002   0.0000  -0.0135   0.0055   -0.208
    47  -9.7556   3.0486   2.8543  -0.1181  -0.0062  -0.0470  -0.0388   0.0003   0.0000  -0.0147   0.0046   -0.130
    48 -10.6786   2.8657   2.6239  -0.1334  -0.0062  -0.0565  -0.0466   0.0003   0.0000  -0.0162   0.0041   -0.097
    49 -11.5760   2.6879   2.3787  -0.1422  -0.0065  -0.0642  -0.0529   0.0003   0.0000  -0.0177   0.0040   -0.084
    50 -12.4328   2.5181   2.1010  -0.1440  -0.0066  -0.0694  -0.0572   0.0003   0.0000  -0.0187   0.0040   -0.076
    51 -13.2400   2.3582   1.8520  -0.1398  -0.0062  -0.0720  -0.0593   0.0002   0.0000  -0.0191   0.0039   -0.072
    52 -13.9941   2.2087   1.6074  -0.1317  -0.0060  -0.0724  -0.0597   0.0002   0.0000  -0.0195   0.0042   -0.076
    53 -14.6868   2.0715   1.3716  -0.1207  -0.0058  -0.0707  -0.0583   0.0001   0.0000  -0.0199   0.0048   -0.091
    54 -15.3105   1.9479   1.1479  -0.1070  -0.0056  -0.0667  -0.0549   0.0000   0.0000  -0.0203   0.0059   -0.119
    55 -15.8583   1.8393   0.9381  -0.0909  -0.0052  -0.0600  -0.0495   0.0000   0.0000  -0.0203   0.0072   -0.161
    56 -16.3244   1.7470   0.7427  -0.0734  -0.0045  -0.0510  -0.0420   0.0000   0.0000  -0.0187   0.0073   -0.194
    57 -16.6722   1.4928   0.4131  -0.0565  -0.0045  -0.1249  -0.0379  -0.0005   0.0000  -0.0144   0.0025   -0.131
    58 -16.9098   1.1466   0.2292  -0.0403  -0.0043  -0.1160  -0.0352  -0.0007   0.0000  -0.0150   0.0030   -0.177
    59 -17.0696   0.9138   0.1104  -0.0240  -0.0036  -0.0867  -0.0263  -0.0010   0.0000  -0.0139   0.0035   -0.276
    60 -17.1499   0.7967   0.0322  -0.0079  -0.0031  -0.0331  -0.0100  -0.0018   0.0000  -0.0066   0.0020   -0.411

  Surface # 3     horizontal_stabilizer                   
     # Chordwise = 10   # Spanwise = 30     First strip = 61
     Surface area =   20.744604       Ave. chord =    2.848572
     CLsurf  =  -0.02801     Clsurf  =   0.00273
     CYsurf  =   0.00452     Cmsurf  =   0.13434
     CDsurf  =   0.00010     Cnsurf  =  -0.00278
     CDisurf =   0.00010     CDvsurf =   0.00000

  Forces referred to Ssurf, Cave about hinge axis thru LE
     CLsurf  =  -0.17078     CDsurf  =   0.00059
     Deflect =

 Strip Forces referred to Strip Area, Chord
    j      Yle    Chord     Area     c cl      ai      cl_norm  cl       cd       cdv    cm_c/4    cm_LE  C.P.x/c
    61   0.0047   4.2713   0.0803  -0.5769  -0.0203  -0.1709  -0.1333   0.0532   0.0000   0.0080   0.0349    0.310
    62   0.0418   4.2566   0.2392  -0.6516  -0.0208  -0.1961  -0.1530   0.0064   0.0000   0.0075   0.0383    0.299
    63   0.1156   4.2274   0.3930  -0.6574  -0.0212  -0.1994  -0.1555   0.0034   0.0000   0.0070   0.0384    0.295
    64   0.2254   4.1839   0.5386  -0.6591  -0.0215  -0.2020  -0.1575   0.0025   0.0000   0.0062   0.0381    0.289
    65   0.3698   4.1268   0.6730  -0.6592  -0.0215  -0.2048  -0.1598   0.0021   0.0000   0.0052   0.0377    0.282
    66   0.5474   4.0565   0.7936  -0.6586  -0.0212  -0.2082  -0.1624   0.0017   0.0000   0.0041   0.0374    0.275
    67   0.7617   3.9717   0.9441  -0.6564  -0.0205  -0.2120  -0.1653   0.0014   0.0000   0.0031   0.0371    0.269
    68   1.0116   3.8728   1.0344  -0.6528  -0.0191  -0.2162  -0.1686   0.0009   0.0000   0.0022   0.0371    0.263
    69   1.2891   3.7630   1.1046  -0.6462  -0.0171  -0.2203  -0.1718   0.0006   0.0000   0.0014   0.0371    0.258
    70   1.5912   3.6435   1.1542  -0.6369  -0.0147  -0.2243  -0.1749   0.0004   0.0000   0.0008   0.0372    0.254
    71   1.9146   3.5155   1.1831  -0.6246  -0.0122  -0.2279  -0.1778   0.0002   0.0000   0.0003   0.0373    0.252
    72   2.2558   3.3805   1.1921  -0.6091  -0.0103  -0.2312  -0.1803   0.0000   0.0000  -0.0001   0.0375    0.249
    73   2.6109   3.2400   1.1821  -0.5903  -0.0092  -0.2337  -0.1823  -0.0001   0.0000  -0.0004   0.0377    0.248
    74   2.9762   3.0955   1.1548  -0.5683  -0.0088  -0.2356  -0.1837  -0.0001   0.0000  -0.0006   0.0379    0.247
    75   3.3476   2.9485   1.1122  -0.5439  -0.0090  -0.2367  -0.1846  -0.0002   0.0000  -0.0007   0.0379    0.246
    76   3.7210   2.8008   1.0564  -0.5175  -0.0095  -0.2371  -0.1849  -0.0003   0.0000  -0.0009   0.0379    0.245
    77   4.0924   2.6538   0.9900  -0.4892  -0.0101  -0.2365  -0.1845  -0.0003   0.0000  -0.0010   0.0377    0.245
    78   4.4577   2.5093   0.9155  -0.4598  -0.0109  -0.2351  -0.1834  -0.0003   0.0000  -0.0012   0.0373    0.244
    79   4.8128   2.3687   0.8353  -0.4298  -0.0118  -0.2328  -0.1816  -0.0003   0.0000  -0.0014   0.0367    0.242
    80   5.1540   2.2338   0.7518  -0.3995  -0.0128  -0.2295  -0.1789  -0.0002   0.0000  -0.0017   0.0359    0.240
    81   5.4774   2.1058   0.6671  -0.3689  -0.0140  -0.2247  -0.1753  -0.0002   0.0000  -0.0022   0.0347    0.238
    82   5.7795   1.9862   0.5830  -0.3380  -0.0154  -0.2183  -0.1703  -0.0003   0.0000  -0.0028   0.0331    0.233
    83   6.0570   1.8764   0.5012  -0.3064  -0.0170  -0.2095  -0.1634  -0.0002   0.0000  -0.0037   0.0310    0.227
    84   6.3069   1.7776   0.4225  -0.2741  -0.0186  -0.1979  -0.1543  -0.0003   0.0000  -0.0048   0.0282    0.219
    85   6.5264   1.6907   0.3478  -0.2406  -0.0203  -0.1826  -0.1424  -0.0003   0.0000  -0.0060   0.0247    0.208
    86   6.7314   1.6096   0.3326  -0.2037  -0.0220  -0.1624  -0.1267  -0.0004   0.0000  -0.0071   0.0204    0.194
    87   6.9144   1.5372   0.2507  -0.1620  -0.0236  -0.1352  -0.1055  -0.0004   0.0000  -0.0078   0.0154    0.176
    88   7.0535   1.4822   0.1746  -0.1176  -0.0249  -0.1019  -0.0794  -0.0005   0.0000  -0.0075   0.0102    0.156
    89   7.1471   1.4451   0.1029  -0.0714  -0.0258  -0.0634  -0.0495  -0.0005   0.0000  -0.0055   0.0056    0.138
    90   7.1941   1.4265   0.0340  -0.0239  -0.0263  -0.0215  -0.0168  -0.0005   0.0000  -0.0021   0.0018    0.128

  Surface # 4     horizontal_stabilizer (YDUP)            
     # Chordwise = 10   # Spanwise = 30     First strip = 91
     Surface area =   20.744604       Ave. chord =    2.848572
     CLsurf  =  -0.02801     Clsurf  =  -0.00273
     CYsurf  =  -0.00452     Cmsurf  =   0.13434
     CDsurf  =   0.00010     Cnsurf  =   0.00278
     CDisurf =   0.00010     CDvsurf =   0.00000

  Forces referred to Ssurf, Cave about hinge axis thru LE
     CLsurf  =  -0.17078     CDsurf  =   0.00059
     Deflect =

 Strip Forces referred to Strip Area, Chord
    j      Yle    Chord     Area     c cl      ai      cl_norm  cl       cd       cdv    cm_c/4    cm_LE  C.P.x/c
    91  -0.0047   4.2713   0.0803  -0.5769  -0.0203  -0.1709  -0.1333   0.0532   0.0000   0.0080  -0.0349    0.310
    92  -0.0418   4.2566   0.2392  -0.6516  -0.0208  -0.1961  -0.1530   0.0064   0.0000   0.0075  -0.0383    0.299
    93  -0.1156   4.2274   0.3930  -0.6574  -0.0212  -0.1994  -0.1555   0.0034   0.0000   0.0070  -0.0384    0.295
    94  -0.2254   4.1839   0.5386  -0.6591  -0.0215  -0.2020  -0.1575   0.0025   0.0000   0.0062  -0.0381    0.289
    95  -0.3698   4.1268   0.6730  -0.6592  -0.0215  -0.2048  -0.1598   0.0021   0.0000   0.0052  -0.0377    0.282
    96  -0.5474   4.0565   0.7936  -0.6586  -0.0212  -0.2082  -0.1624   0.0017   0.0000   0.0041  -0.0374    0.275
    97  -0.7617   3.9717   0.9441  -0.6564  -0.0205  -0.2120  -0.1653   0.0014   0.0000   0.0031  -0.0371    0.269
    98  -1.0116   3.8728   1.0344  -0.6528  -0.0191  -0.2162  -0.1686   0.0009   0.0000   0.0022  -0.0371    0.263
    99  -1.2891   3.7630   1.1046  -0.6462  -0.0171  -0.2203  -0.1718   0.0006   0.0000   0.0014  -0.0371    0.258
   100  -1.5912   3.6435   1.1542  -0.6369  -0.0147  -0.2243  -0.1749   0.0004   0.0000   0.0008  -0.0372    0.254
   101  -1.9146   3.5155   1.1831  -0.6246  -0.0122  -0.2279  -0.1778   0.0002   0.0000   0.0003  -0.0373    0.252
   102  -2.2558   3.3805   1.1921  -0.6091  -0.0103  -0.2312  -0.1803   0.0000   0.0000  -0.0001  -0.0375    0.249
   103  -2.6109   3.2400   1.1821  -0.5903  -0.0092  -0.2337  -0.1823  -0.0001   0.0000  -0.0004  -0.0377    0.248
   104  -2.9762   3.0955   1.1548  -0.5683  -0.0088  -0.2356  -0.1837  -0.0001   0.0000  -0.0006  -0.0379    0.247
   105  -3.3476   2.9485   1.1122  -0.5439  -0.0090  -0.2367  -0.1846  -0.0002   0.0000  -0.0007  -0.0379    0.246
   106  -3.7210   2.8008   1.0564  -0.5175  -0.0095  -0.2371  -0.1849  -0.0003   0.0000  -0.0009  -0.0379    0.245
   107  -4.0924   2.6538   0.9900  -0.4892  -0.0101  -0.2365  -0.1845  -0.0003   0.0000  -0.0010  -0.0377    0.245
   108  -4.4577   2.5093   0.9155  -0.4598  -0.0109  -0.2351  -0.1834  -0.0003   0.0000  -0.0012  -0.0373    0.244
   109  -4.8128   2.3687   0.8353  -0.4298  -0.0118  -0.2328  -0.1816  -0.0003   0.0000  -0.0014  -0.0367    0.242
   110  -5.1540   2.2338   0.7518  -0.3995  -0.0128  -0.2295  -0.1789  -0.0002   0.0000  -0.0017  -0.0359    0.240
   111  -5.4774   2.1058   0.6671  -0.3689  -0.0140  -0.2247  -0.1753  -0.0002   0.0000  -0.0022  -0.0347    0.238
   112  -5.7795   1.9862   0.5830  -0.3380  -0.0154  -0.2183  -0.1703  -0.0003   0.0000  -0.0028  -0.0331    0.233
   113  -6.0570   1.8764   0.5012  -0.3064  -0.0170  -0.2095  -0.1634  -0.0002   0.0000  -0.0037  -0.0310    0.227
   114  -6.3069   1.7776   0.4225  -0.2741  -0.0186  -0.1979  -0.1543  -0.0003   0.0000  -0.0048  -0.0282    0.219
   115  -6.5264   1.6907   0.3478  -0.2406  -0.0203  -0.1826  -0.1424  -0.0003   0.0000  -0.0060  -0.0247    0.208
   116  -6.7314   1.6096   0.3326  -0.2037  -0.0220  -0.1624  -0.1267  -0.0004   0.0000  -0.0071  -0.0204    0.194
   117  -6.9144   1.5372   0.2507  -0.1620  -0.0236  -0.1352  -0.1055  -0.0004   0.0000  -0.0078  -0.0154    0.176
   118  -7.0535   1.4822   0.1746  -0.1176  -0.0249  -0.1019  -0.0794  -0.0005   0.0000  -0.0075  -0.0102    0.156
   119  -7.1471   1.4451   0.1029  -0.0714  -0.0258  -0.0634  -0.0495  -0.0005   0.0000  -0.0055  -0.0056    0.138
   120  -7.1941   1.4265   0.0340  -0.0239  -0.0263  -0.0215  -0.0168  -0.0005   0.0000  -0.0021  -0.0018    0.128

  Surface # 5     vertical_stabilizer                     
     # Chordwise = 10   # Spanwise = 30     First strip =121
     Surface area =   34.910358       Ave. chord =    4.190919
     CLsurf  =   0.00000     Clsurf  =  -0.00000
     CYsurf  =  -0.00000     Cmsurf  =  -0.00000
     CDsurf  =  -0.00000     Cnsurf  =   0.00000
     CDisurf =  -0.00000     CDvsurf =   0.00000

  Forces referred to Ssurf, Cave about hinge axis thru LE
     CLsurf  =   0.00000     CDsurf  =  -0.00000
     Deflect =

 Strip Forces referred to Strip Area, Chord
    j      Yle    Chord     Area     c cl      ai      cl_norm  cl       cd       cdv    cm_c/4    cm_LE  C.P.x/c
   121   0.0000  10.0347   0.6931   0.0000   0.0000   0.0000   0.0000   0.0000   0.0000  -0.0000  -0.0000    0.944
   122   0.0000   9.8296   1.1101   0.0000  -0.0000   0.0000   0.0000   0.0000   0.0000  -0.0000  -0.0000    0.906
   123   0.0000   9.5266   1.4857   0.0000  -0.0000   0.0000   0.0000   0.0000   0.0000  -0.0000  -0.0000    0.877
   124   0.0000   9.1281   1.8040   0.0000   0.0000   0.0000   0.0000   0.0000   0.0000  -0.0000  -0.0000    0.840
   125   0.0000   8.6377   2.0517   0.0000  -0.0000   0.0000   0.0000  -0.0000   0.0000  -0.0000  -0.0000    0.798
   126   0.0000   8.0598   2.2181   0.0000  -0.0000   0.0000   0.0000   0.0000   0.0000  -0.0000  -0.0000    0.759
   127   0.0000   7.4000   2.2957   0.0000  -0.0000   0.0000   0.0000  -0.0000   0.0000  -0.0000  -0.0000    0.714
   128   0.0000   6.6646   2.2808   0.0000  -0.0000   0.0000   0.0000  -0.0000   0.0000  -0.0000  -0.0000    0.655
   129   0.0000   5.8609   2.1733   0.0000  -0.0000   0.0000   0.0000   0.0000   0.0000  -0.0000  -0.0000    0.589
   130   0.0000   4.9969   1.9773   0.0000  -0.0000   0.0000   0.0000   0.0000   0.0000  -0.0000  -0.0000    0.512
   131   0.0000   4.4389   1.6667   0.0000  -0.0000   0.0000   0.0000   0.0000   0.0000  -0.0000  -0.0000    0.448
   132   0.0000   4.2198   1.6478   0.0000  -0.0000   0.0000   0.0000  -0.0000   0.0000  -0.0000  -0.0000    0.413
   133   0.0000   3.9932   1.6033   0.0000  -0.0000   0.0000   0.0000  -0.0000   0.0000  -0.0000  -0.0000    0.392
   134   0.0000   3.7615   1.5362   0.0000  -0.0000   0.0000   0.0000  -0.0000   0.0000  -0.0000  -0.0000    0.360
   135   0.0000   3.5271   1.4499   0.0000  -0.0000   0.0000   0.0000  -0.0000   0.0000  -0.0000  -0.0000    0.339
   136   0.0000   3.2923   1.3482   0.0000  -0.0000   0.0000   0.0000  -0.0000   0.0000  -0.0000  -0.0000    0.320
   137   0.0000   3.0597   1.2352   0.0000  -0.0000   0.0000   0.0000  -0.0000   0.0000  -0.0000  -0.0000    0.314
   138   0.0000   2.8315   1.1147   0.0000  -0.0000   0.0000   0.0000  -0.0000   0.0000  -0.0000  -0.0000    0.299
   139   0.0000   2.6103   0.9908   0.0000  -0.0000   0.0000   0.0000  -0.0000   0.0000  -0.0000  -0.0000    0.290
   140   0.0000   2.3983   0.8670   0.0000  -0.0000   0.0000   0.0000  -0.0000   0.0000  -0.0000  -0.0000    0.284
   141   0.0000   2.1977   0.7464   0.0000  -0.0000   0.0000   0.0000  -0.0000   0.0000  -0.0000  -0.0000    0.276
   142   0.0000   2.0106   0.6318   0.0000  -0.0000   0.0000   0.0000  -0.0000   0.0000  -0.0000  -0.0000    0.269
   143   0.0000   1.8390   0.5251   0.0000  -0.0000   0.0000   0.0000  -0.0000   0.0000  -0.0000  -0.0000    0.266
   144   0.0000   1.6847   0.4276   0.0000  -0.0000   0.0000   0.0000  -0.0000   0.0000  -0.0000  -0.0000    0.255
   145   0.0000   1.5493   0.3400   0.0000  -0.0000   0.0000   0.0000  -0.0000   0.0000   0.0000  -0.0000    0.246
   146   0.0000   1.4342   0.2622   0.0000  -0.0000   0.0000   0.0000  -0.0000   0.0000   0.0000  -0.0000    0.224
   147   0.0000   1.3407   0.1933   0.0000  -0.0000   0.0000   0.0000  -0.0000   0.0000   0.0000  -0.0000    0.208
   148   0.0000   1.2696   0.1322   0.0000  -0.0000   0.0000   0.0000  -0.0000   0.0000   0.0000  -0.0000    0.181
   149   0.0000   1.2218   0.0769   0.0000  -0.0000   0.0000   0.0000  -0.0000   0.0000   0.0000  -0.0000    0.156
   150   0.0000   1.1978   0.0252   0.0000  -0.0000   0.0000   0.0000  -0.0000   0.0000   0.0000  -0.0000    0.156

  Surface # 6     fuselage_horizontal                     
     # Chordwise = 10   # Spanwise = 10     First strip =151
     Surface area =  123.841202       Ave. chord =   33.112617
     CLsurf  =  -0.00974     Clsurf  =  -0.00000
     CYsurf  =  -0.00000     Cmsurf  =  -0.02389
     CDsurf  =   0.00022     Cnsurf  =   0.00000
     CDisurf =   0.00022     CDvsurf =   0.00000

  Forces referred to Ssurf, Cave about hinge axis thru LE
     CLsurf  =  -0.00982     CDsurf  =   0.00022
     Deflect =

 Strip Forces referred to Strip Area, Chord
    j      Yle    Chord     Area     c cl      ai      cl_norm  cl       cd       cdv    cm_c/4    cm_LE  C.P.x/c
   151  -1.6830  26.5957   9.9468  -0.2434  -0.0595  -0.1138  -0.0092   0.0001   0.0000  -0.0004   0.0003    0.211
   152  -1.3090  31.2096  11.6724  -0.3274  -0.0548  -0.0408  -0.0105   0.0002   0.0000  -0.0008   0.0005    0.174
   153  -0.9350  34.0626  12.7394  -0.3482  -0.0331  -0.0249  -0.0102   0.0002   0.0000  -0.0016   0.0003    0.096
   154  -0.5610  36.1619  13.5246  -0.3533  -0.0216  -0.0164  -0.0098   0.0003   0.0000  -0.0021   0.0002    0.039
   155  -0.1870  37.5332  14.0374  -0.3545  -0.0170  -0.0110  -0.0094   0.0003   0.0000  -0.0023   0.0001    0.011
   156   0.1870  37.5332  14.0374  -0.3545  -0.0170  -0.0110  -0.0094   0.0003   0.0000  -0.0023   0.0001    0.011
   157   0.5610  36.1619  13.5246  -0.3533  -0.0216  -0.0164  -0.0098   0.0003   0.0000  -0.0021   0.0002    0.039
   158   0.9350  34.0626  12.7394  -0.3482  -0.0331  -0.0249  -0.0102   0.0002   0.0000  -0.0016   0.0003    0.096
   159   1.3090  31.2096  11.6724  -0.3274  -0.0548  -0.0408  -0.0105   0.0002   0.0000  -0.0008   0.0005    0.174
   160   1.6830  26.5957   9.9468  -0.2434  -0.0595  -0.1138  -0.0092   0.0001   0.0000  -0.0004   0.0003    0.211

  Surface # 7     fuselage_vertical                       
     # Chordwise = 10   # Spanwise = 10     First strip =161
     Surface area =  123.841202       Ave. chord =   33.112617
     CLsurf  =  -0.00000     Clsurf  =   0.00000
     CYsurf  =   0.00000     Cmsurf  =   0.00000
     CDsurf  =  -0.00000     Cnsurf  =  -0.00000
     CDisurf =  -0.00000     CDvsurf =   0.00000

  Forces referred to Ssurf, Cave about hinge axis thru LE
     CLsurf  =  -0.00000     CDsurf  =  -0.00000
     Deflect =

 Strip Forces referred to Strip Area, Chord
    j      Yle    Chord     Area     c cl      ai      cl_norm  cl       cd       cdv    cm_c/4    cm_LE  C.P.x/c
   161   0.0000  26.5957   9.9468  -0.0000  -0.0000  -0.0000  -0.0000   0.0000   0.0000   0.0000   0.0000    0.871
   162   0.0000  31.2096  11.6724  -0.0000  -0.0000  -0.0000  -0.0000   0.0000   0.0000   0.0000   0.0000    0.804
   163   0.0000  34.0626  12.7394  -0.0000  -0.0000  -0.0000  -0.0000   0.0000   0.0000   0.0000   0.0000    0.793
   164   0.0000  36.1619  13.5246  -0.0000   0.0000  -0.0000  -0.0000  -0.0000   0.0000   0.0000   0.0000    0.778
   165   0.0000  37.5332  14.0374  -0.0000   0.0000  -0.0000  -0.0000  -0.0000   0.0000   0.0000   0.0000    0.761
   166   0.0000  37.5332  14.0374  -0.0000   0.0000  -0.0000  -0.0000  -0.0000   0.0000   0.0000   0.0000    0.731
   167   0.0000  36.1619  13.5246  -0.0000   0.0000  -0.0000  -0.0000  -0.0000   0.0000   0.0000   0.0000    0.702
   168   0.0000  34.0626  12.7394  -0.0000   0.0000  -0.0000  -0.0000   0.0000   0.0000   0.0000   0.0000    0.656
   169   0.0000  31.2096  11.6724  -0.0000   0.0000  -0.0000  -0.0000  -0.0000   0.0000   0.0000   0.0000    0.512
   170   0.0000  26.5957   9.9468  -0.0000  -0.0000  -0.0000  -0.0000  -0.0000   0.0000   0.0000   0.0000    0.336
 ---------------------------------------------------------------
