 ---------------------------------------------------------------
 Surface and Strip Forces by surface

  Forces referred to Sref, Cref, Bref about Xref, Yref, Zref
 Standard axis orientation,  X fwd, Z down         

  Surface # 1     main_wing                               
     # Chordwise = 10   # Spanwise = 20     First strip =  1
     Surface area =   63.790974       Ave. chord =    3.717419
     CLsurf  =  -2.84781     Clsurf  =   0.62835
     CYsurf  =   0.02668     Cmsurf  =   0.48610
     CDsurf  =   0.21201     Cnsurf  =   0.19520
     CDisurf =   0.21201     CDvsurf =   0.00000

  Forces referred to Ssurf, Cave about hinge axis thru LE
     CLsurf  =  -5.57425     CDsurf  =   0.41499
     Deflect =

 Strip Forces referred to Strip Area, Chord
    j      Yle    Chord     Area     c cl      ai      cl_norm  cl       cd       cdv    cm_c/4    cm_LE  C.P.x/c
     1   0.0271   7.7411   0.8376 -23.7731  -0.7568  -0.8430  -0.8429 -63.8582   0.0000   1.3927   2.1252    1.902
     2   0.2428   7.5905   2.4436 -26.1338  -0.6401  -3.2855  -3.2852  -4.5777   0.0000   1.4814   2.3038    0.701
     3   0.6690   7.2932   3.8488 -25.7771  -0.4573  -3.5302  -3.5299  -0.1910   0.0000   1.4580   2.3034    0.663
     4   1.2950   6.8563   4.9402 -24.9145  -0.2215  -3.6559  -3.6556   0.5598   0.0000   1.3129   2.1851    0.609
     5   2.1056   6.2906   5.6339 -23.5043   0.0401  -3.7633  -3.7630   0.6954   0.0000   0.9796   1.8824    0.510
     6   3.0065   5.6619   5.0672 -22.5047   0.1593  -4.0153  -4.0149   1.0799   0.0000   0.5968   1.5645    0.399
     7   3.9586   4.9974   5.0150 -22.2609   0.0179  -4.5159  -4.5155   1.6688   0.0000   0.3048   1.3952    0.317
     8   5.0073   4.2656   4.6382 -23.4141  -0.2072  -5.5584  -5.5579   1.8751   0.0000   0.1243   1.4721    0.272
     9   6.1989   3.7534   4.8429 -24.2085  -0.4435  -6.5390  -6.5386   2.4308   0.0000  -0.0182   1.5917    0.247
    10   7.5095   3.4937   4.6216 -24.2581  -0.5330  -7.0255  -7.0251   2.2174   0.0000  -0.0440   1.6891    0.244
    11   8.8364   3.2307   4.2738 -23.6316  -0.5448  -7.3916  -7.3911   2.0634   0.0000  -0.0452   1.7806    0.244
    12  10.1470   2.9710   3.8335 -22.5098  -0.5220  -7.6489  -7.6485   1.9310   0.0000  -0.0407   1.8504    0.245
    13  11.4090   2.7210   3.3357 -21.0262  -0.4980  -7.7973  -7.7968   1.8501   0.0000  -0.0418   1.8870    0.245
    14  12.6340   2.4782   3.0105 -19.2444  -0.4858  -7.8331  -7.8326   1.7904   0.0000  -0.0457   1.8925    0.244
    15  13.7866   2.2498   2.4374 -17.1900  -0.4933  -7.7077  -7.7072   1.7755   0.0000  -0.0574   1.8497    0.243
    16  14.7941   2.0502   1.8970 -14.9205  -0.5276  -7.3454  -7.3449   1.8015   0.0000  -0.0802   1.7364    0.239
    17  15.6315   1.8843   1.4027 -12.4099  -0.5900  -6.6548  -6.6544   1.8418   0.0000  -0.1161   1.5280    0.233
    18  16.2783   1.7561   0.9575  -9.5911  -0.6727  -5.5303  -5.5299   1.8622   0.0000  -0.1556   1.2078    0.222
    19  16.8016   1.3043   0.6198  -6.1345  -0.5920  -4.7486  -4.7468   1.1645   0.0000  -0.2178   0.8952    0.204
    20  17.1200   0.8402   0.1342  -2.0494  -0.5083  -2.4470  -2.4461   0.1616   0.0000  -0.1878   0.3942    0.173

  Surface # 2     main_wing (YDUP)                        
     # Chordwise = 10   # Spanwise = 20     First strip = 21
     Surface area =   63.790974       Ave. chord =    3.717419
     CLsurf  =  -2.84780     Clsurf  =  -0.62834
     CYsurf  =  -0.02668     Cmsurf  =   0.48610
     CDsurf  =   0.21201     Cnsurf  =  -0.19520
     CDisurf =   0.21201     CDvsurf =   0.00000

  Forces referred to Ssurf, Cave about hinge axis thru LE
     CLsurf  =  -5.57423     CDsurf  =   0.41498
     Deflect =

 Strip Forces referred to Strip Area, Chord
    j      Yle    Chord     Area     c cl      ai      cl_norm  cl       cd       cdv    cm_c/4    cm_LE  C.P.x/c
    21  -0.0271   7.7411   0.8376 -23.7730  -0.7566  -0.8430  -0.8429 -63.8585   0.0000   1.3927  -2.1252    1.902
    22  -0.2428   7.5905   2.4436 -26.1338  -0.6401  -3.2855  -3.2852  -4.5776   0.0000   1.4814  -2.3038    0.701
    23  -0.6690   7.2932   3.8488 -25.7770  -0.4573  -3.5302  -3.5299  -0.1910   0.0000   1.4580  -2.3034    0.663
    24  -1.2950   6.8563   4.9402 -24.9145  -0.2215  -3.6559  -3.6556   0.5598   0.0000   1.3129  -2.1851    0.609
    25  -2.1056   6.2906   5.6339 -23.5043   0.0401  -3.7633  -3.7630   0.6954   0.0000   0.9796  -1.8824    0.510
    26  -3.0065   5.6619   5.0672 -22.5046   0.1593  -4.0152  -4.0149   1.0799   0.0000   0.5968  -1.5645    0.399
    27  -3.9586   4.9974   5.0150 -22.2609   0.0179  -4.5159  -4.5155   1.6688   0.0000   0.3048  -1.3952    0.317
    28  -5.0073   4.2656   4.6382 -23.4141  -0.2072  -5.5584  -5.5579   1.8751   0.0000   0.1243  -1.4721    0.272
    29  -6.1989   3.7534   4.8429 -24.2085  -0.4435  -6.5390  -6.5386   2.4308   0.0000  -0.0182  -1.5917    0.247
    30  -7.5095   3.4937   4.6216 -24.2580  -0.5330  -7.0255  -7.0251   2.2174   0.0000  -0.0440  -1.6891    0.244
    31  -8.8364   3.2307   4.2738 -23.6316  -0.5448  -7.3916  -7.3911   2.0634   0.0000  -0.0452  -1.7806    0.244
    32 -10.1470   2.9710   3.8335 -22.5097  -0.5220  -7.6489  -7.6484   1.9309   0.0000  -0.0407  -1.8504    0.245
    33 -11.4090   2.7210   3.3357 -21.0262  -0.4980  -7.7973  -7.7968   1.8501   0.0000  -0.0418  -1.8870    0.245
    34 -12.6340   2.4782   3.0105 -19.2443  -0.4858  -7.8331  -7.8326   1.7903   0.0000  -0.0457  -1.8925    0.244
    35 -13.7866   2.2498   2.4374 -17.1899  -0.4933  -7.7077  -7.7072   1.7755   0.0000  -0.0574  -1.8497    0.243
    36 -14.7941   2.0502   1.8970 -14.9204  -0.5276  -7.3454  -7.3449   1.8015   0.0000  -0.0802  -1.7364    0.239
    37 -15.6315   1.8843   1.4027 -12.4098  -0.5900  -6.6548  -6.6544   1.8418   0.0000  -0.1161  -1.5280    0.233
    38 -16.2783   1.7561   0.9575  -9.5910  -0.6727  -5.5303  -5.5299   1.8622   0.0000  -0.1556  -1.2078    0.222
    39 -16.8016   1.3043   0.6198  -6.1344  -0.5920  -4.7486  -4.7468   1.1645   0.0000  -0.2178  -0.8952    0.204
    40 -17.1200   0.8402   0.1342  -2.0494  -0.5083  -2.4470  -2.4461   0.1616   0.0000  -0.1878  -0.3942    0.173

  Surface # 3     horizontal_stabilizer                   
     # Chordwise = 10   # Spanwise = 20     First strip = 41
     Surface area =   20.072786       Ave. chord =    2.827143
     CLsurf  =   0.22260     Clsurf  =  -0.01961
     CYsurf  =   0.00207     Cmsurf  =  -0.99214
     CDsurf  =  -0.03831     Cnsurf  =  -0.00552
     CDisurf =  -0.03831     CDvsurf =   0.00000

  Forces referred to Ssurf, Cave about hinge axis thru LE
     CLsurf  =   1.38462     CDsurf  =  -0.23833
     Deflect =

 Strip Forces referred to Strip Area, Chord
    j      Yle    Chord     Area     c cl      ai      cl_norm  cl       cd       cdv    cm_c/4    cm_LE  C.P.x/c
    41   0.0103   4.6946   0.1934   4.9509  -0.0455   1.0516   1.0514   0.1096   0.0000   0.0212  -0.2400    0.230
    42   0.0924   4.6512   0.5701   4.9068  -0.0487   1.0591   1.0589  -0.0951   0.0000   0.0209  -0.2404    0.230
    43   0.2547   4.5656   0.9173   4.8971  -0.0512   1.0774   1.0772  -0.1136   0.0000   0.0218  -0.2438    0.230
    44   0.4930   4.4399   1.2180   4.8804  -0.0509   1.1046   1.1044  -0.1303   0.0000   0.0230  -0.2493    0.229
    45   0.8160   4.2695   1.5847   4.8472  -0.0481   1.1412   1.1411  -0.1449   0.0000   0.0242  -0.2570    0.229
    46   1.2202   4.0563   1.7628   4.7916  -0.0513   1.1878   1.1876  -0.1612   0.0000   0.0255  -0.2671    0.229
    47   1.6825   3.8123   1.8577   4.7105  -0.0723   1.2428   1.2426  -0.1802   0.0000   0.0266  -0.2795    0.229
    48   2.1917   3.5437   1.8711   4.6016  -0.0995   1.3066   1.3064  -0.2020   0.0000   0.0276  -0.2940    0.229
    49   2.7353   3.2569   1.8099   4.4585  -0.1063   1.3776   1.3773  -0.2164   0.0000   0.0292  -0.3099    0.229
    50   3.2997   2.9591   1.6859   4.2984  -0.0992   1.4624   1.4622  -0.2484   0.0000   0.0312  -0.3286    0.229
    51   3.8713   2.6576   1.5141   4.1110  -0.0923   1.5584   1.5581  -0.2935   0.0000   0.0340  -0.3492    0.228
    52   4.4357   2.3597   1.3114   3.8823  -0.0900   1.6580   1.6578  -0.3312   0.0000   0.0378  -0.3698    0.227
    53   4.9793   2.0730   1.0945   3.6096  -0.0922   1.7562   1.7559  -0.3885   0.0000   0.0418  -0.3896    0.226
    54   5.4885   1.8043   0.8792   3.2733  -0.0972   1.8308   1.8305  -0.4369   0.0000   0.0463  -0.4031    0.225
    55   5.9508   1.5604   0.6781   2.8676  -0.1022   1.8554   1.8551  -0.4653   0.0000   0.0524  -0.4030    0.222
    56   6.3550   1.3472   0.5000   2.3968  -0.1040   1.7968   1.7965  -0.4678   0.0000   0.0598  -0.3811    0.217
    57   6.6617   1.1853   0.2890   1.8926  -0.1005   1.6126   1.6124  -0.4214   0.0000   0.0664  -0.3294    0.209
    58   6.8736   1.0735   0.1917   1.3857  -0.0922   1.3039   1.3036  -0.3454   0.0000   0.0682  -0.2520    0.198
    59   7.0178   0.9975   0.1087   0.8464  -0.0815   0.8566   0.8565  -0.2106   0.0000   0.0564  -0.1541    0.184
    60   7.0908   0.9589   0.0351   0.2854  -0.0717   0.3004   0.3004  -0.0717   0.0000   0.0230  -0.0509    0.173

  Surface # 4     horizontal_stabilizer (YDUP)            
     # Chordwise = 10   # Spanwise = 20     First strip = 61
     Surface area =   20.072786       Ave. chord =    2.827143
     CLsurf  =   0.22260     Clsurf  =   0.01961
     CYsurf  =  -0.00207     Cmsurf  =  -0.99214
     CDsurf  =  -0.03831     Cnsurf  =   0.00552
     CDisurf =  -0.03831     CDvsurf =   0.00000

  Forces referred to Ssurf, Cave about hinge axis thru LE
     CLsurf  =   1.38462     CDsurf  =  -0.23833
     Deflect =

 Strip Forces referred to Strip Area, Chord
    j      Yle    Chord     Area     c cl      ai      cl_norm  cl       cd       cdv    cm_c/4    cm_LE  C.P.x/c
    61  -0.0103   4.6946   0.1934   4.9509  -0.0455   1.0516   1.0514   0.1096   0.0000   0.0212   0.2400    0.230
    62  -0.0924   4.6512   0.5701   4.9068  -0.0487   1.0591   1.0589  -0.0951   0.0000   0.0209   0.2404    0.230
    63  -0.2547   4.5656   0.9173   4.8971  -0.0512   1.0774   1.0772  -0.1137   0.0000   0.0218   0.2438    0.230
    64  -0.4930   4.4399   1.2180   4.8804  -0.0509   1.1046   1.1044  -0.1303   0.0000   0.0230   0.2493    0.229
    65  -0.8160   4.2695   1.5847   4.8472  -0.0481   1.1412   1.1411  -0.1449   0.0000   0.0242   0.2570    0.229
    66  -1.2202   4.0563   1.7628   4.7916  -0.0513   1.1878   1.1876  -0.1612   0.0000   0.0255   0.2671    0.229
    67  -1.6825   3.8123   1.8577   4.7105  -0.0723   1.2428   1.2426  -0.1802   0.0000   0.0266   0.2795    0.229
    68  -2.1917   3.5437   1.8711   4.6016  -0.0995   1.3066   1.3064  -0.2020   0.0000   0.0276   0.2940    0.229
    69  -2.7353   3.2569   1.8099   4.4585  -0.1063   1.3776   1.3773  -0.2164   0.0000   0.0292   0.3099    0.229
    70  -3.2997   2.9591   1.6859   4.2984  -0.0992   1.4624   1.4622  -0.2484   0.0000   0.0312   0.3286    0.229
    71  -3.8713   2.6576   1.5141   4.1110  -0.0923   1.5584   1.5581  -0.2935   0.0000   0.0340   0.3492    0.228
    72  -4.4357   2.3597   1.3114   3.8823  -0.0901   1.6580   1.6578  -0.3312   0.0000   0.0378   0.3698    0.227
    73  -4.9793   2.0730   1.0945   3.6096  -0.0922   1.7562   1.7559  -0.3885   0.0000   0.0418   0.3896    0.226
    74  -5.4885   1.8043   0.8792   3.2732  -0.0972   1.8308   1.8305  -0.4369   0.0000   0.0463   0.4031    0.225
    75  -5.9508   1.5604   0.6781   2.8676  -0.1022   1.8554   1.8551  -0.4653   0.0000   0.0524   0.4030    0.222
    76  -6.3550   1.3472   0.5000   2.3967  -0.1040   1.7968   1.7965  -0.4678   0.0000   0.0598   0.3811    0.217
    77  -6.6617   1.1853   0.2890   1.8926  -0.1005   1.6126   1.6124  -0.4214   0.0000   0.0664   0.3294    0.209
    78  -6.8736   1.0735   0.1917   1.3857  -0.0922   1.3038   1.3036  -0.3454   0.0000   0.0682   0.2520    0.198
    79  -7.0178   0.9975   0.1087   0.8464  -0.0815   0.8566   0.8565  -0.2106   0.0000   0.0564   0.1541    0.184
    80  -7.0908   0.9589   0.0351   0.2854  -0.0717   0.3004   0.3004  -0.0717   0.0000   0.0230   0.0509    0.173

  Surface # 5     vertical_stabilizer                     
     # Chordwise = 10   # Spanwise = 20     First strip = 81
     Surface area =   26.974527       Ave. chord =    3.612513
     CLsurf  =   0.00000     Clsurf  =  -0.00000
     CYsurf  =  -0.00000     Cmsurf  =  -0.00000
     CDsurf  =  -0.00000     Cnsurf  =   0.00000
     CDisurf =  -0.00000     CDvsurf =   0.00000

  Forces referred to Ssurf, Cave about hinge axis thru LE
     CLsurf  =   0.00000     CDsurf  =  -0.00000
     Deflect =

 Strip Forces referred to Strip Area, Chord
    j      Yle    Chord     Area     c cl      ai      cl_norm  cl       cd       cdv    cm_c/4    cm_LE  C.P.x/c
    81   0.0000   8.1033   0.7081   0.0000  -0.0000   0.0000   0.0000  -0.0000   0.0000   0.0000  -0.0000    0.090
    82   0.0000   7.7953   1.2357   0.0000   0.0000   0.0000   0.0000  -0.0000   0.0000   0.0000  -0.0000    0.116
    83   0.0000   7.3128   1.6577   0.0000  -0.0000   0.0000   0.0000  -0.0000   0.0000   0.0000  -0.0000    0.107
    84   0.0000   6.6651   1.9342   0.0000  -0.0000   0.0000   0.0000  -0.0000   0.0000   0.0000  -0.0000    0.083
    85   0.0000   5.8661   2.0384   0.0000  -0.0000   0.0000   0.0000  -0.0000   0.0000   0.0000  -0.0000    0.091
    86   0.0000   4.9330   1.9589   0.0000  -0.0000   0.0000   0.0000  -0.0000   0.0000   0.0000  -0.0000    0.129
    87   0.0000   4.2949   2.2317   0.0000   0.0000   0.0000   0.0000  -0.0000   0.0000   0.0000  -0.0000    0.119
    88   0.0000   4.0244   2.2380   0.0000  -0.0000   0.0000   0.0000  -0.0000   0.0000   0.0000  -0.0000    0.141
    89   0.0000   3.7387   2.1678   0.0000   0.0000   0.0000   0.0000  -0.0000   0.0000   0.0000  -0.0000    0.174
    90   0.0000   3.4444   2.0327   0.0000   0.0000   0.0000   0.0000  -0.0000   0.0000   0.0000  -0.0000    0.210
    91   0.0000   3.1483   1.8474   0.0000  -0.0000   0.0000   0.0000  -0.0000   0.0000   0.0000  -0.0000    0.198
    92   0.0000   2.8574   1.6279   0.0000  -0.0000   0.0000   0.0000  -0.0000   0.0000  -0.0000  -0.0000    0.254
    93   0.0000   2.5785   1.3906   0.0000  -0.0000   0.0000   0.0000  -0.0000   0.0000   0.0000  -0.0000    0.235
    94   0.0000   2.3180   1.1503   0.0000  -0.0000   0.0000   0.0000  -0.0000   0.0000   0.0000  -0.0000    0.236
    95   0.0000   2.0821   0.9193   0.0000  -0.0000   0.0000   0.0000  -0.0000   0.0000   0.0000  -0.0000    0.224
    96   0.0000   1.8763   0.7063   0.0000  -0.0000   0.0000   0.0000  -0.0000   0.0000   0.0000  -0.0000    0.227
    97   0.0000   1.7056   0.5158   0.0000  -0.0000   0.0000   0.0000  -0.0000   0.0000   0.0000  -0.0000    0.209
    98   0.0000   1.5739   0.3482   0.0000  -0.0000   0.0000   0.0000  -0.0000   0.0000   0.0000  -0.0000    0.213
    99   0.0000   1.4843   0.2002   0.0000  -0.0000   0.0000   0.0000  -0.0000   0.0000   0.0000  -0.0000    0.205
   100   0.0000   1.4389   0.0652   0.0000  -0.0000   0.0000   0.0000  -0.0000   0.0000   0.0000  -0.0000    0.206

  Surface # 6     fuselage_horizontal                     
     # Chordwise = 10   # Spanwise = 10     First strip =101
     Surface area =  112.392822       Ave. chord =   30.376440
     CLsurf  =  -0.02842     Clsurf  =   0.00000
     CYsurf  =   0.00002     Cmsurf  =  -0.09092
     CDsurf  =  -0.02018     Cnsurf  =  -0.00000
     CDisurf =  -0.02018     CDvsurf =   0.00000

  Forces referred to Ssurf, Cave about hinge axis thru LE
     CLsurf  =  -0.03157     CDsurf  =  -0.02241
     Deflect =

 Strip Forces referred to Strip Area, Chord
    j      Yle    Chord     Area     c cl      ai      cl_norm  cl       cd       cdv    cm_c/4    cm_LE  C.P.x/c
   101  -1.6650  21.5445   7.9715  -0.9489   0.1806  -1.0212  -0.0470   0.0835   0.0000  -0.0065   0.0005    0.111
   102  -1.2950  27.3129  10.1058  -1.7719   0.1599  -0.3105  -0.0684   0.1010   0.0000  -0.0004   0.0032    0.244
   103  -0.9250  31.3629  11.6043  -1.4460   0.1016  -0.1080  -0.0480   0.0532   0.0000  -0.0053   0.0017    0.139
   104  -0.5550  34.6182  12.8087  -0.7745  -0.1556  -0.0278  -0.0211  -0.0357   0.0000  -0.0096  -0.0015   -0.203
   105  -0.1850  37.0437  13.7062   0.0303  -0.2341   0.0087   0.0087  -0.2267   0.0000  -0.0140  -0.0086    1.856
   106   0.1850  37.0437  13.7062   0.0302  -0.2341   0.0087   0.0087  -0.2267   0.0000  -0.0140  -0.0086    1.856
   107   0.5550  34.6182  12.8087  -0.7745  -0.1556  -0.0279  -0.0211  -0.0355   0.0000  -0.0096  -0.0015   -0.203
   108   0.9250  31.3629  11.6043  -1.4460   0.1017  -0.1080  -0.0480   0.0532   0.0000  -0.0053   0.0017    0.139
   109   1.2950  27.3129  10.1058  -1.7719   0.1599  -0.3105  -0.0684   0.1010   0.0000  -0.0004   0.0032    0.244
   110   1.6650  21.5445   7.9715  -0.9489   0.1806  -1.0213  -0.0470   0.0835   0.0000  -0.0065   0.0005    0.111

  Surface # 7     fuselage_vertical                       
     # Chordwise = 10   # Spanwise = 10     First strip =111
     Surface area =  114.215408       Ave. chord =   30.376440
     CLsurf  =  -0.00000     Clsurf  =  -0.00000
     CYsurf  =  -0.00000     Cmsurf  =   0.00000
     CDsurf  =   0.00000     Cnsurf  =   0.00000
     CDisurf =   0.00000     CDvsurf =   0.00000

  Forces referred to Ssurf, Cave about hinge axis thru LE
     CLsurf  =   0.00000     CDsurf  =   0.00000
     Deflect =

 Strip Forces referred to Strip Area, Chord
    j      Yle    Chord     Area     c cl      ai      cl_norm  cl       cd       cdv    cm_c/4    cm_LE  C.P.x/c
   111   0.0000  21.5445   8.1007   0.0000   0.0000   0.0000   0.0000   0.0000   0.0000  -0.0000  -0.0000    0.359
   112   0.0000  27.3129  10.2696   0.0000   0.0000   0.0000   0.0000   0.0000   0.0000  -0.0000  -0.0000    0.303
   113   0.0000  31.3629  11.7925   0.0000  -0.0000   0.0000   0.0000   0.0000   0.0000   0.0000  -0.0000    0.226
   114   0.0000  34.6182  13.0164   0.0000  -0.0000   0.0000   0.0000   0.0000   0.0000   0.0000  -0.0000    0.182
   115   0.0000  37.0437  13.9284   0.0000  -0.0000   0.0000   0.0000  -0.0000   0.0000  -0.0000  -0.0000    0.377
   116   0.0000  37.0437  13.9284   0.0000  -0.0000   0.0000   0.0000  -0.0000   0.0000  -0.0000  -0.0000    0.561
   117   0.0000  34.6182  13.0164   0.0000  -0.0000   0.0000   0.0000   0.0000   0.0000  -0.0000  -0.0000    0.575
   118   0.0000  31.3629  11.7925   0.0000  -0.0000   0.0000   0.0000   0.0000   0.0000  -0.0000  -0.0000    0.499
   119   0.0000  27.3129  10.2696   0.0000   0.0000   0.0000   0.0000   0.0000   0.0000  -0.0000  -0.0000    0.588
   120   0.0000  21.5445   8.1007   0.0000   0.0000   0.0000   0.0000  -0.0000   0.0000  -0.0000  -0.0000    0.599
 ---------------------------------------------------------------
