 ---------------------------------------------------------------
 Surface and Strip Forces by surface

  Forces referred to Sref, Cref, Bref about Xref, Yref, Zref
 Standard axis orientation,  X fwd, Z down         

  Surface # 1     main_wing                               
     # Chordwise = 10   # Spanwise = 30     First strip =  1
     Surface area =   63.793327       Ave. chord =    3.717556
     CLsurf  =   0.51043     Clsurf  =  -0.10095
     CYsurf  =  -0.02227     Cmsurf  =  -0.02676
     CDsurf  =   0.01849     Cnsurf  =  -0.01206
     CDisurf =   0.01849     CDvsurf =   0.00000

  Forces referred to Ssurf, Cave about hinge axis thru LE
     CLsurf  =   0.99910     CDsurf  =   0.03620
     Deflect =

 Strip Forces referred to Strip Area, Chord
    j      Yle    Chord     Area     c cl      ai      cl_norm  cl       cd       cdv    cm_c/4    cm_LE  C.P.x/c
     1   0.0123   7.7514   0.3815   5.5758   0.2303   0.6978   0.6978   0.1852   0.0000  -0.0016  -0.1785    0.252
     2   0.1106   7.6828   1.1303   5.5622   0.2254   0.7219   0.7218   0.0756   0.0000  -0.0016  -0.1796    0.252
     3   0.3062   7.5463   1.8369   5.5509   0.2186   0.7352   0.7351   0.0670   0.0000  -0.0013  -0.1821    0.252
     4   0.5968   7.3435   2.4751   5.5214   0.2104   0.7529   0.7528   0.0602   0.0000  -0.0012  -0.1861    0.252
     5   0.9793   7.0766   3.0215   5.5004   0.1989   0.7784   0.7784   0.0618   0.0000  -0.0007  -0.1919    0.251
     6   1.4496   6.7484   3.4567   5.4077   0.1804   0.8044   0.8043   0.0532   0.0000  -0.0018  -0.1989    0.252
     7   1.9610   6.3915   3.2367   5.3234   0.1555   0.8370   0.8369   0.0501   0.0000  -0.0025  -0.2073    0.253
     8   2.4995   6.0157   3.4229   5.2066   0.1330   0.8713   0.8712   0.0434   0.0000  -0.0034  -0.2162    0.254
     9   3.0975   5.5984   3.5010   5.0860   0.1171   0.9144   0.9143   0.0463   0.0000  -0.0043  -0.2276    0.255
    10   3.7485   5.1441   3.4716   4.8895   0.1035   0.9596   0.9595   0.0322   0.0000  -0.0069  -0.2405    0.257
    11   4.4453   4.6578   3.3395   4.7290   0.0873   1.0262   1.0261   0.0275   0.0000  -0.0085  -0.2580    0.258
    12   5.1804   4.1448   3.1137   4.5019   0.0646   1.1000   1.0999   0.0173   0.0000  -0.0125  -0.2794    0.261
    13   6.0123   3.7903   3.4546   4.3126   0.0507   1.1516   1.1516   0.0215   0.0000  -0.0164  -0.3004    0.264
    14   6.9353   3.6074   3.3620   4.1200   0.0415   1.1555   1.1554   0.0245   0.0000  -0.0183  -0.3033    0.266
    15   7.8737   3.4215   3.2240   3.9236   0.0329   1.1601   1.1600   0.0250   0.0000  -0.0190  -0.3052    0.266
    16   8.8173   3.2345   3.0478   3.7225   0.0294   1.1644   1.1643   0.0246   0.0000  -0.0193  -0.3065    0.267
    17   9.7557   3.0486   2.8411   3.5169   0.0292   1.1673   1.1672   0.0241   0.0000  -0.0193  -0.3072    0.266
    18  10.6786   2.8657   2.6118   3.3076   0.0304   1.1679   1.1678   0.0237   0.0000  -0.0191  -0.3071    0.266
    19  11.5760   2.6879   2.3677   3.0947   0.0321   1.1650   1.1650   0.0236   0.0000  -0.0187  -0.3060    0.266
    20  12.4467   2.5153   2.1582   2.8774   0.0345   1.1575   1.1574   0.0238   0.0000  -0.0181  -0.3036    0.266
    21  13.2645   2.3533   1.8259   2.6576   0.0378   1.1425   1.1424   0.0245   0.0000  -0.0171  -0.2990    0.265
    22  14.0130   2.2050   1.5853   2.4362   0.0424   1.1174   1.1174   0.0258   0.0000  -0.0157  -0.2915    0.264
    23  14.7005   2.0687   1.3533   2.2075   0.0487   1.0787   1.0786   0.0277   0.0000  -0.0136  -0.2799    0.263
    24  15.3195   1.9461   1.1330   1.9665   0.0574   1.0208   1.0208   0.0302   0.0000  -0.0104  -0.2627    0.260
    25  15.8633   1.8383   0.9263   1.7060   0.0688   0.9366   0.9365   0.0330   0.0000  -0.0061  -0.2378    0.257
    26  16.3259   1.7467   0.7336   1.4162   0.0839   0.8169   0.8168   0.0366   0.0000  -0.0006  -0.2029    0.251
    27  16.6722   1.4928   0.4112   1.0889   0.0726   0.7361   0.7358   0.0280   0.0000   0.0073  -0.1636    0.240
    28  16.9098   1.1466   0.2281   0.7705   0.0565   0.6801   0.6799   0.0138   0.0000   0.0145  -0.1434    0.229
    29  17.0696   0.9137   0.1099   0.4602   0.0517   0.5108   0.5107   0.0046   0.0000   0.0178  -0.1010    0.215
    30  17.1499   0.7966   0.0321   0.1537   0.0562   0.1960   0.1960  -0.0005   0.0000   0.0094  -0.0363    0.202

  Surface # 2     main_wing (YDUP)                        
     # Chordwise = 10   # Spanwise = 30     First strip = 31
     Surface area =   63.793327       Ave. chord =    3.717556
     CLsurf  =   0.51042     Clsurf  =   0.10095
     CYsurf  =   0.02227     Cmsurf  =  -0.02676
     CDsurf  =   0.01849     Cnsurf  =   0.01206
     CDisurf =   0.01849     CDvsurf =   0.00000

  Forces referred to Ssurf, Cave about hinge axis thru LE
     CLsurf  =   0.99910     CDsurf  =   0.03620
     Deflect =

 Strip Forces referred to Strip Area, Chord
    j      Yle    Chord     Area     c cl      ai      cl_norm  cl       cd       cdv    cm_c/4    cm_LE  C.P.x/c
    31  -0.0123   7.7514   0.3815   5.5758   0.2305   0.6978   0.6978   0.1853   0.0000  -0.0016   0.1785    0.252
    32  -0.1106   7.6828   1.1303   5.5622   0.2255   0.7219   0.7218   0.0756   0.0000  -0.0016   0.1796    0.252
    33  -0.3062   7.5463   1.8369   5.5509   0.2186   0.7352   0.7351   0.0670   0.0000  -0.0013   0.1821    0.252
    34  -0.5968   7.3435   2.4751   5.5213   0.2104   0.7529   0.7528   0.0602   0.0000  -0.0012   0.1861    0.252
    35  -0.9793   7.0766   3.0215   5.5004   0.1989   0.7784   0.7784   0.0618   0.0000  -0.0007   0.1919    0.251
    36  -1.4496   6.7484   3.4567   5.4077   0.1804   0.8044   0.8043   0.0532   0.0000  -0.0018   0.1989    0.252
    37  -1.9610   6.3915   3.2367   5.3234   0.1555   0.8370   0.8369   0.0501   0.0000  -0.0025   0.2073    0.253
    38  -2.4995   6.0157   3.4229   5.2066   0.1330   0.8713   0.8712   0.0434   0.0000  -0.0034   0.2162    0.254
    39  -3.0975   5.5984   3.5010   5.0860   0.1171   0.9144   0.9143   0.0463   0.0000  -0.0043   0.2276    0.255
    40  -3.7485   5.1441   3.4716   4.8894   0.1035   0.9596   0.9595   0.0322   0.0000  -0.0069   0.2405    0.257
    41  -4.4453   4.6578   3.3395   4.7289   0.0873   1.0262   1.0261   0.0275   0.0000  -0.0085   0.2580    0.258
    42  -5.1804   4.1448   3.1137   4.5019   0.0646   1.1000   1.0999   0.0173   0.0000  -0.0125   0.2794    0.261
    43  -6.0123   3.7903   3.4546   4.3126   0.0507   1.1516   1.1515   0.0215   0.0000  -0.0164   0.3004    0.264
    44  -6.9353   3.6074   3.3620   4.1200   0.0415   1.1555   1.1554   0.0245   0.0000  -0.0183   0.3033    0.266
    45  -7.8737   3.4215   3.2240   3.9236   0.0329   1.1601   1.1600   0.0250   0.0000  -0.0190   0.3052    0.266
    46  -8.8173   3.2345   3.0478   3.7224   0.0294   1.1643   1.1643   0.0246   0.0000  -0.0193   0.3065    0.267
    47  -9.7557   3.0486   2.8411   3.5169   0.0292   1.1672   1.1672   0.0241   0.0000  -0.0193   0.3072    0.267
    48 -10.6786   2.8657   2.6118   3.3076   0.0304   1.1679   1.1678   0.0237   0.0000  -0.0191   0.3071    0.266
    49 -11.5760   2.6879   2.3677   3.0947   0.0321   1.1650   1.1650   0.0236   0.0000  -0.0187   0.3060    0.266
    50 -12.4467   2.5153   2.1582   2.8774   0.0345   1.1575   1.1574   0.0238   0.0000  -0.0181   0.3036    0.266
    51 -13.2645   2.3533   1.8259   2.6576   0.0378   1.1425   1.1424   0.0245   0.0000  -0.0171   0.2990    0.265
    52 -14.0130   2.2050   1.5853   2.4362   0.0423   1.1174   1.1173   0.0258   0.0000  -0.0157   0.2915    0.264
    53 -14.7005   2.0687   1.3533   2.2075   0.0487   1.0787   1.0786   0.0277   0.0000  -0.0136   0.2799    0.263
    54 -15.3195   1.9461   1.1330   1.9665   0.0574   1.0208   1.0207   0.0302   0.0000  -0.0104   0.2626    0.260
    55 -15.8633   1.8383   0.9263   1.7060   0.0688   0.9366   0.9365   0.0330   0.0000  -0.0061   0.2377    0.257
    56 -16.3259   1.7467   0.7336   1.4162   0.0838   0.8169   0.8168   0.0366   0.0000  -0.0006   0.2029    0.251
    57 -16.6722   1.4928   0.4112   1.0889   0.0726   0.7360   0.7358   0.0280   0.0000   0.0073   0.1636    0.240
    58 -16.9098   1.1466   0.2281   0.7705   0.0565   0.6801   0.6799   0.0138   0.0000   0.0145   0.1434    0.229
    59 -17.0696   0.9137   0.1099   0.4602   0.0517   0.5108   0.5106   0.0046   0.0000   0.0178   0.1010    0.215
    60 -17.1499   0.7966   0.0321   0.1537   0.0562   0.1960   0.1960  -0.0005   0.0000   0.0094   0.0363    0.202

  Surface # 3     horizontal_stabilizer                   
     # Chordwise = 10   # Spanwise = 30     First strip = 61
     Surface area =   20.071465       Ave. chord =    2.826957
     CLsurf  =   0.06940     Clsurf  =  -0.00613
     CYsurf  =  -0.00450     Cmsurf  =  -0.30888
     CDsurf  =   0.00711     Cnsurf  =   0.00229
     CDisurf =   0.00711     CDvsurf =   0.00000

  Forces referred to Ssurf, Cave about hinge axis thru LE
     CLsurf  =   0.43180     CDsurf  =   0.04426
     Deflect =

 Strip Forces referred to Strip Area, Chord
    j      Yle    Chord     Area     c cl      ai      cl_norm  cl       cd       cdv    cm_c/4    cm_LE  C.P.x/c
    61   0.0046   4.6976   0.0861   1.6969   0.2088   0.3504   0.3504   0.0931   0.0000   0.0059  -0.0836    0.233
    62   0.0412   4.6783   0.2563   1.6870   0.2080   0.3580   0.3580   0.0464   0.0000   0.0057  -0.0836    0.234
    63   0.1140   4.6399   0.4206   1.6851   0.2067   0.3611   0.3611   0.0437   0.0000   0.0058  -0.0841    0.234
    64   0.2222   4.5828   0.5752   1.6826   0.2051   0.3653   0.3653   0.0428   0.0000   0.0060  -0.0849    0.234
    65   0.3647   4.5076   0.7167   1.6776   0.2030   0.3705   0.3704   0.0424   0.0000   0.0061  -0.0860    0.233
    66   0.5398   4.4152   0.8422   1.6693   0.2000   0.3765   0.3764   0.0426   0.0000   0.0062  -0.0874    0.233
    67   0.7511   4.3037   0.9974   1.6569   0.1958   0.3835   0.3834   0.0426   0.0000   0.0063  -0.0890    0.234
    68   0.9975   4.1737   1.0868   1.6385   0.1894   0.3912   0.3911   0.0427   0.0000   0.0063  -0.0909    0.234
    69   1.2712   4.0293   1.1531   1.6147   0.1800   0.3994   0.3993   0.0430   0.0000   0.0063  -0.0930    0.234
    70   1.5691   3.8721   1.1959   1.5850   0.1665   0.4079   0.4079   0.0441   0.0000   0.0062  -0.0952    0.235
    71   1.8880   3.7039   1.2153   1.5494   0.1497   0.4170   0.4170   0.0443   0.0000   0.0061  -0.0975    0.235
    72   2.2244   3.5264   1.2123   1.5073   0.1337   0.4264   0.4263   0.0438   0.0000   0.0059  -0.0999    0.236
    73   2.5747   3.3416   1.1886   1.4618   0.1222   0.4360   0.4359   0.0470   0.0000   0.0058  -0.1025    0.237
    74   2.9349   3.1516   1.1463   1.4097   0.1149   0.4461   0.4460   0.0462   0.0000   0.0057  -0.1050    0.237
    75   3.3011   2.9584   1.0879   1.3535   0.1102   0.4566   0.4565   0.0457   0.0000   0.0057  -0.1076    0.238
    76   3.6693   2.7641   1.0165   1.2947   0.1067   0.4672   0.4671   0.0480   0.0000   0.0058  -0.1102    0.238
    77   4.0356   2.5709   0.9351   1.2299   0.1036   0.4777   0.4776   0.0463   0.0000   0.0059  -0.1126    0.238
    78   4.3958   2.3808   0.8469   1.1625   0.1009   0.4882   0.4881   0.0439   0.0000   0.0061  -0.1148    0.237
    79   4.7460   2.1961   0.7550   1.0929   0.0985   0.4974   0.4974   0.0454   0.0000   0.0065  -0.1167    0.237
    80   5.0824   2.0186   0.6623   1.0202   0.0966   0.5052   0.5052   0.0458   0.0000   0.0071  -0.1181    0.236
    81   5.4013   1.8503   0.5714   0.9443   0.0952   0.5100   0.5100   0.0468   0.0000   0.0078  -0.1186    0.235
    82   5.6992   1.6931   0.4845   0.8659   0.0944   0.5118   0.5117   0.0433   0.0000   0.0087  -0.1180    0.233
    83   5.9729   1.5487   0.4033   0.7850   0.0944   0.5073   0.5072   0.0422   0.0000   0.0098  -0.1158    0.231
    84   6.2193   1.4187   0.3288   0.7020   0.0952   0.4948   0.4947   0.0439   0.0000   0.0112  -0.1114    0.227
    85   6.4358   1.3045   0.2616   0.6155   0.0968   0.4724   0.4724   0.0381   0.0000   0.0128  -0.1041    0.223
    86   6.6379   1.1979   0.2413   0.5218   0.0994   0.4356   0.4355   0.0383   0.0000   0.0146  -0.0933    0.216
    87   6.8184   1.1027   0.1754   0.4155   0.1029   0.3769   0.3768   0.0328   0.0000   0.0160  -0.0774    0.207
    88   6.9555   1.0303   0.1183   0.3030   0.1068   0.2936   0.2936   0.0284   0.0000   0.0157  -0.0572    0.196
    89   7.0478   0.9816   0.0681   0.1844   0.1106   0.1878   0.1877   0.0170   0.0000   0.0122  -0.0344    0.185
    90   7.0942   0.9572   0.0222   0.0620   0.1135   0.0647   0.0647   0.0063   0.0000   0.0047  -0.0113    0.177

  Surface # 4     horizontal_stabilizer (YDUP)            
     # Chordwise = 10   # Spanwise = 30     First strip = 91
     Surface area =   20.071465       Ave. chord =    2.826957
     CLsurf  =   0.06940     Clsurf  =   0.00613
     CYsurf  =   0.00450     Cmsurf  =  -0.30887
     CDsurf  =   0.00711     Cnsurf  =  -0.00229
     CDisurf =   0.00711     CDvsurf =   0.00000

  Forces referred to Ssurf, Cave about hinge axis thru LE
     CLsurf  =   0.43180     CDsurf  =   0.04426
     Deflect =

 Strip Forces referred to Strip Area, Chord
    j      Yle    Chord     Area     c cl      ai      cl_norm  cl       cd       cdv    cm_c/4    cm_LE  C.P.x/c
    91  -0.0046   4.6976   0.0861   1.6969   0.2089   0.3504   0.3504   0.0932   0.0000   0.0059   0.0836    0.233
    92  -0.0412   4.6783   0.2563   1.6870   0.2080   0.3580   0.3580   0.0464   0.0000   0.0057   0.0836    0.234
    93  -0.1140   4.6399   0.4206   1.6851   0.2067   0.3611   0.3611   0.0437   0.0000   0.0058   0.0841    0.234
    94  -0.2222   4.5828   0.5752   1.6826   0.2051   0.3653   0.3653   0.0428   0.0000   0.0060   0.0849    0.234
    95  -0.3647   4.5076   0.7167   1.6776   0.2030   0.3705   0.3704   0.0424   0.0000   0.0061   0.0860    0.233
    96  -0.5398   4.4152   0.8422   1.6693   0.2000   0.3765   0.3764   0.0426   0.0000   0.0062   0.0874    0.233
    97  -0.7511   4.3037   0.9974   1.6569   0.1958   0.3835   0.3834   0.0426   0.0000   0.0063   0.0890    0.234
    98  -0.9975   4.1737   1.0868   1.6385   0.1894   0.3912   0.3911   0.0427   0.0000   0.0063   0.0909    0.234
    99  -1.2712   4.0293   1.1531   1.6146   0.1800   0.3994   0.3993   0.0430   0.0000   0.0063   0.0930    0.234
   100  -1.5691   3.8721   1.1959   1.5849   0.1665   0.4079   0.4079   0.0441   0.0000   0.0062   0.0952    0.235
   101  -1.8880   3.7039   1.2153   1.5494   0.1497   0.4170   0.4170   0.0443   0.0000   0.0061   0.0975    0.235
   102  -2.2244   3.5264   1.2123   1.5073   0.1337   0.4264   0.4263   0.0438   0.0000   0.0059   0.0999    0.236
   103  -2.5747   3.3416   1.1886   1.4618   0.1222   0.4360   0.4359   0.0470   0.0000   0.0058   0.1025    0.237
   104  -2.9349   3.1516   1.1463   1.4097   0.1149   0.4461   0.4460   0.0462   0.0000   0.0057   0.1050    0.237
   105  -3.3011   2.9584   1.0879   1.3535   0.1102   0.4566   0.4565   0.0457   0.0000   0.0057   0.1076    0.238
   106  -3.6693   2.7641   1.0165   1.2946   0.1067   0.4672   0.4671   0.0480   0.0000   0.0058   0.1102    0.238
   107  -4.0356   2.5709   0.9351   1.2299   0.1036   0.4777   0.4776   0.0463   0.0000   0.0059   0.1126    0.238
   108  -4.3958   2.3808   0.8469   1.1625   0.1009   0.4881   0.4881   0.0439   0.0000   0.0061   0.1148    0.237
   109  -4.7460   2.1961   0.7550   1.0929   0.0985   0.4974   0.4973   0.0454   0.0000   0.0065   0.1167    0.237
   110  -5.0824   2.0186   0.6623   1.0202   0.0966   0.5052   0.5051   0.0457   0.0000   0.0071   0.1181    0.236
   111  -5.4013   1.8503   0.5714   0.9443   0.0952   0.5100   0.5100   0.0468   0.0000   0.0078   0.1186    0.235
   112  -5.6992   1.6931   0.4845   0.8659   0.0944   0.5117   0.5117   0.0433   0.0000   0.0087   0.1180    0.233
   113  -5.9729   1.5487   0.4033   0.7850   0.0944   0.5073   0.5072   0.0422   0.0000   0.0098   0.1158    0.231
   114  -6.2193   1.4187   0.3288   0.7020   0.0952   0.4948   0.4947   0.0439   0.0000   0.0112   0.1114    0.227
   115  -6.4358   1.3045   0.2616   0.6155   0.0968   0.4724   0.4723   0.0381   0.0000   0.0128   0.1041    0.223
   116  -6.6379   1.1979   0.2413   0.5217   0.0994   0.4356   0.4355   0.0383   0.0000   0.0146   0.0933    0.216
   117  -6.8184   1.1027   0.1754   0.4155   0.1029   0.3769   0.3768   0.0328   0.0000   0.0160   0.0774    0.207
   118  -6.9555   1.0303   0.1183   0.3030   0.1068   0.2936   0.2936   0.0284   0.0000   0.0157   0.0572    0.196
   119  -7.0478   0.9816   0.0681   0.1844   0.1106   0.1878   0.1877   0.0170   0.0000   0.0122   0.0344    0.185
   120  -7.0942   0.9572   0.0222   0.0620   0.1135   0.0647   0.0647   0.0063   0.0000   0.0047   0.0113    0.177

  Surface # 5     vertical_stabilizer                     
     # Chordwise = 10   # Spanwise = 30     First strip =121
     Surface area =   27.880133       Ave. chord =    3.584947
     CLsurf  =   0.00000     Clsurf  =   0.00000
     CYsurf  =   0.00000     Cmsurf  =  -0.00000
     CDsurf  =  -0.00000     Cnsurf  =  -0.00000
     CDisurf =  -0.00000     CDvsurf =   0.00000

  Forces referred to Ssurf, Cave about hinge axis thru LE
     CLsurf  =  -0.00000     CDsurf  =  -0.00000
     Deflect =

 Strip Forces referred to Strip Area, Chord
    j      Yle    Chord     Area     c cl      ai      cl_norm  cl       cd       cdv    cm_c/4    cm_LE  C.P.x/c
   121   0.0000   8.1257   0.4979  -0.0000   0.0000  -0.0000  -0.0000   0.0000   0.0000   0.0000   0.0000    0.472
   122   0.0000   7.9240   0.7939  -0.0000   0.0000  -0.0000  -0.0000   0.0000   0.0000   0.0000   0.0000    0.477
   123   0.0000   7.6259   1.0550  -0.0000  -0.0000  -0.0000  -0.0000   0.0000   0.0000   0.0000   0.0000    0.481
   124   0.0000   7.2338   1.2682  -0.0000   0.0000  -0.0000  -0.0000   0.0000   0.0000   0.0000   0.0000    0.481
   125   0.0000   6.7513   1.4226  -0.0000   0.0000  -0.0000  -0.0000  -0.0000   0.0000   0.0000   0.0000    0.480
   126   0.0000   6.1827   1.5094  -0.0000   0.0000  -0.0000  -0.0000  -0.0000   0.0000   0.0000   0.0000    0.479
   127   0.0000   5.5336   1.5228  -0.0000   0.0000  -0.0000  -0.0000  -0.0000   0.0000   0.0000   0.0000    0.474
   128   0.0000   4.8100   1.4602  -0.0000   0.0000  -0.0000  -0.0000  -0.0000   0.0000   0.0000   0.0000    0.462
   129   0.0000   4.3478   1.3898  -0.0000   0.0000  -0.0000  -0.0000  -0.0000   0.0000   0.0000   0.0000    0.334
   130   0.0000   4.1900   1.4293  -0.0000   0.0000  -0.0000  -0.0000  -0.0000   0.0000   0.0000   0.0000    0.325
   131   0.0000   4.0228   1.4447  -0.0000   0.0000  -0.0000  -0.0000  -0.0000   0.0000   0.0000   0.0000    0.318
   132   0.0000   3.8479   1.4371  -0.0000   0.0000  -0.0000  -0.0000  -0.0000   0.0000   0.0000   0.0000    0.313
   133   0.0000   3.6670   1.4082  -0.0000   0.0000  -0.0000  -0.0000  -0.0000   0.0000   0.0000   0.0000    0.308
   134   0.0000   3.4821   1.3602  -0.0000   0.0000  -0.0000  -0.0000  -0.0000   0.0000   0.0000   0.0000    0.303
   135   0.0000   3.2949   1.2955  -0.0000   0.0000  -0.0000  -0.0000  -0.0000   0.0000   0.0000   0.0000    0.299
   136   0.0000   3.1075   1.2172  -0.0000   0.0000  -0.0000  -0.0000  -0.0000   0.0000   0.0000   0.0000    0.296
   137   0.0000   2.9218   1.1282  -0.0000   0.0000  -0.0000  -0.0000  -0.0000   0.0000   0.0000   0.0000    0.290
   138   0.0000   2.7397   1.0316  -0.0000   0.0000  -0.0000  -0.0000  -0.0000   0.0000   0.0000   0.0000    0.292
   139   0.0000   2.5631   0.9305  -0.0000   0.0000  -0.0000  -0.0000  -0.0000   0.0000   0.0000   0.0000    0.292
   140   0.0000   2.3939   0.8277  -0.0000   0.0000  -0.0000  -0.0000  -0.0000   0.0000   0.0000   0.0000    0.290
   141   0.0000   2.2338   0.7257  -0.0000   0.0000  -0.0000  -0.0000  -0.0000   0.0000   0.0000   0.0000    0.289
   142   0.0000   2.0845   0.6265  -0.0000   0.0000  -0.0000  -0.0000  -0.0000   0.0000   0.0000   0.0000    0.286
   143   0.0000   1.9475   0.5319  -0.0000   0.0000  -0.0000  -0.0000  -0.0000   0.0000   0.0000   0.0000    0.284
   144   0.0000   1.8243   0.4429  -0.0000   0.0000  -0.0000  -0.0000  -0.0000   0.0000   0.0000   0.0000    0.278
   145   0.0000   1.7162   0.3603  -0.0000   0.0000  -0.0000  -0.0000  -0.0000   0.0000   0.0000   0.0000    0.276
   146   0.0000   1.6244   0.2840  -0.0000   0.0000  -0.0000  -0.0000  -0.0000   0.0000   0.0000   0.0000    0.268
   147   0.0000   1.5497   0.2138  -0.0000   0.0000  -0.0000  -0.0000  -0.0000   0.0000   0.0000   0.0000    0.263
   148   0.0000   1.4930   0.1487  -0.0000   0.0000  -0.0000  -0.0000  -0.0000   0.0000   0.0000   0.0000    0.255
   149   0.0000   1.4548   0.0875  -0.0000   0.0000  -0.0000  -0.0000  -0.0000   0.0000  -0.0000   0.0000    0.247
   150   0.0000   1.4357   0.0289  -0.0000   0.0000  -0.0000  -0.0000  -0.0000   0.0000  -0.0000   0.0000    0.244

  Surface # 6     fuselage_horizontal                     
     # Chordwise = 10   # Spanwise = 10     First strip =151
     Surface area =  123.841209       Ave. chord =   33.112621
     CLsurf  =   0.01629     Clsurf  =   0.00000
     CYsurf  =   0.00000     Cmsurf  =   0.11417
     CDsurf  =  -0.00121     Cnsurf  =  -0.00000
     CDisurf =  -0.00121     CDvsurf =   0.00000

  Forces referred to Ssurf, Cave about hinge axis thru LE
     CLsurf  =   0.01642     CDsurf  =  -0.00122
     Deflect =

 Strip Forces referred to Strip Area, Chord
    j      Yle    Chord     Area     c cl      ai      cl_norm  cl       cd       cdv    cm_c/4    cm_LE  C.P.x/c
   151  -1.6830  26.5957   9.9468   0.4438   0.3074   0.1688   0.0181  -0.0064   0.0000   0.0070   0.0004   -0.136
   152  -1.3090  31.2096  11.6724   0.5347   0.2810   0.0643   0.0179  -0.0029   0.0000   0.0104   0.0015   -0.330
   153  -0.9350  34.0626  12.7394   0.5392   0.2334   0.0381   0.0163  -0.0012   0.0000   0.0130   0.0030   -0.546
   154  -0.5610  36.1619  13.5246   0.5563   0.2274   0.0257   0.0156   0.0002   0.0000   0.0138   0.0045   -0.637
   155  -0.1870  37.5333  14.0374   0.5688   0.2306   0.0173   0.0149   0.0025   0.0000   0.0140   0.0070   -0.685
   156   0.1870  37.5333  14.0374   0.5688   0.2306   0.0173   0.0149   0.0025   0.0000   0.0140   0.0070   -0.685
   157   0.5610  36.1619  13.5246   0.5563   0.2274   0.0257   0.0156   0.0002   0.0000   0.0138   0.0045   -0.637
   158   0.9350  34.0626  12.7394   0.5392   0.2334   0.0381   0.0163  -0.0012   0.0000   0.0130   0.0030   -0.546
   159   1.3090  31.2096  11.6724   0.5347   0.2810   0.0643   0.0179  -0.0029   0.0000   0.0104   0.0015   -0.330
   160   1.6830  26.5957   9.9468   0.4439   0.3074   0.1688   0.0181  -0.0064   0.0000   0.0070   0.0004   -0.136

  Surface # 7     fuselage_vertical                       
     # Chordwise = 10   # Spanwise = 10     First strip =161
     Surface area =  123.841209       Ave. chord =   33.112621
     CLsurf  =  -0.00000     Clsurf  =  -0.00000
     CYsurf  =   0.00000     Cmsurf  =   0.00000
     CDsurf  =   0.00000     Cnsurf  =   0.00000
     CDisurf =   0.00000     CDvsurf =   0.00000

  Forces referred to Ssurf, Cave about hinge axis thru LE
     CLsurf  =  -0.00000     CDsurf  =   0.00000
     Deflect =

 Strip Forces referred to Strip Area, Chord
    j      Yle    Chord     Area     c cl      ai      cl_norm  cl       cd       cdv    cm_c/4    cm_LE  C.P.x/c
   161   0.0000  26.5957   9.9468   0.0000  -0.0000   0.0000   0.0000  -0.0000   0.0000  -0.0000  -0.0000
   162   0.0000  31.2096  11.6724   0.0000   0.0000   0.0000   0.0000  -0.0000   0.0000  -0.0000  -0.0000
   163   0.0000  34.0626  12.7394  -0.0000  -0.0000  -0.0000  -0.0000   0.0000   0.0000  -0.0000  -0.0000
   164   0.0000  36.1619  13.5246  -0.0000   0.0000  -0.0000  -0.0000   0.0000   0.0000  -0.0000  -0.0000
   165   0.0000  37.5333  14.0374  -0.0000   0.0000  -0.0000  -0.0000  -0.0000   0.0000  -0.0000  -0.0000
   166   0.0000  37.5333  14.0374  -0.0000  -0.0000  -0.0000  -0.0000  -0.0000   0.0000  -0.0000   0.0000    0.021
   167   0.0000  36.1619  13.5246  -0.0000  -0.0000  -0.0000  -0.0000   0.0000   0.0000   0.0000   0.0000    0.339
   168   0.0000  34.0626  12.7394  -0.0000  -0.0000  -0.0000  -0.0000   0.0000   0.0000   0.0000   0.0000    0.516
   169   0.0000  31.2096  11.6724  -0.0000   0.0000  -0.0000  -0.0000   0.0000   0.0000   0.0000   0.0000    0.645
   170   0.0000  26.5957   9.9468  -0.0000   0.0000  -0.0000  -0.0000  -0.0000   0.0000   0.0000   0.0000    0.747
 ---------------------------------------------------------------
