 ---------------------------------------------------------------
 Surface and Strip Forces by surface

  Forces referred to Sref, Cref, Bref about Xref, Yref, Zref
 Standard axis orientation,  X fwd, Z down         

  Surface # 1     main_wing                               
     # Chordwise = 10   # Spanwise = 30     First strip =  1
     Surface area =   63.793327       Ave. chord =    3.717556
     CLsurf  =  -3.54333     Clsurf  =   0.77110
     CYsurf  =   0.05554     Cmsurf  =   0.45800
     CDsurf  =   0.17790     Cnsurf  =   0.30833
     CDisurf =   0.17790     CDvsurf =   0.00000

  Forces referred to Ssurf, Cave about hinge axis thru LE
     CLsurf  =  -6.93545     CDsurf  =   0.34819
     Deflect =

 Strip Forces referred to Strip Area, Chord
    j      Yle    Chord     Area     c cl      ai      cl_norm  cl       cd       cdv    cm_c/4    cm_LE  C.P.x/c
     1   0.0123   7.7514   0.3815 -22.5843  -0.8142  17.8458  17.8442 ********   0.0000   1.1073   1.8057    0.188
     2   0.1106   7.6828   1.1303 -31.7400  -0.7618  -2.2917  -2.2915 -21.2097   0.0000   1.3792   2.3726    0.852
     3   0.3062   7.5463   1.8369 -32.3029  -0.6562  -4.0091  -4.0087  -3.2946   0.0000   1.3950   2.4249    0.598
     4   0.5968   7.3435   2.4751 -32.1986  -0.5105  -4.5662  -4.5658   1.8795   0.0000   1.3342   2.3906    0.542
     5   0.9793   7.0766   3.0215 -32.1267  -0.3152  -4.7361  -4.7356   2.0392   0.0000   1.2813   2.3768    0.521
     6   1.4496   6.7484   3.4567 -31.3462  -0.0774  -4.8147  -4.8143   1.7322   0.0000   1.0614   2.1864    0.470
     7   1.9610   6.3915   3.2367 -28.9582   0.0452  -4.7484  -4.7479   2.2848   0.0000   0.8341   1.9347    0.426
     8   2.4995   6.0157   3.4229 -29.5813   0.0207  -5.0381  -5.0376   1.1605   0.0000   0.6987   1.8966    0.389
     9   3.0975   5.5984   3.5010 -28.9925  -0.0046  -5.3520  -5.3515   1.7486   0.0000   0.5400   1.8047    0.351
    10   3.7485   5.1441   3.4716 -28.9498  -0.0498  -5.8000  -5.7995   1.7170   0.0000   0.3888   1.7665    0.317
    11   4.4453   4.6578   3.3395 -29.1372  -0.1345  -6.4407  -6.4401   1.8357   0.0000   0.2217   1.7565    0.284
    12   5.1804   4.1448   3.1137 -29.4964  -0.2634  -7.3886  -7.3879   2.7914   0.0000   0.0854   1.8341    0.262
    13   6.0123   3.7903   3.4546 -29.7144  -0.4483  -8.1562  -8.1557   3.2720   0.0000  -0.0192   1.9376    0.248
    14   6.9353   3.6074   3.3620 -29.7624  -0.5686  -8.5584  -8.5579   3.1560   0.0000  -0.0662   1.9931    0.242
    15   7.8737   3.4215   3.2240 -29.4554  -0.6365  -8.9086  -8.9081   3.0437   0.0000  -0.0866   2.0623    0.240
    16   8.8173   3.2345   3.0478 -28.8376  -0.6563  -9.2080  -9.2074   2.9471   0.0000  -0.0952   2.1303    0.240
    17   9.7557   3.0486   2.8411 -27.9374  -0.6494  -9.4496  -9.4490   2.8569   0.0000  -0.0984   2.1891    0.240
    18  10.6786   2.8657   2.6118 -26.7917  -0.6331  -9.6279  -9.6273   2.7720   0.0000  -0.1003   2.2334    0.240
    19  11.5760   2.6879   2.3677 -25.4339  -0.6170  -9.7358  -9.7351   2.7041   0.0000  -0.1038   2.2582    0.239
    20  12.4467   2.5153   2.1582 -23.8846  -0.6059  -9.7630  -9.7624   2.6354   0.0000  -0.1098   2.2604    0.239
    21  13.2645   2.3533   1.8259 -22.1790  -0.6017  -9.6870  -9.6864   2.5800   0.0000  -0.1205   2.2321    0.238
    22  14.0130   2.2050   1.5853 -20.3492  -0.6062  -9.4862  -9.4856   2.5332   0.0000  -0.1366   2.1671    0.236
    23  14.7005   2.0687   1.3533 -18.3733  -0.6199  -9.1340  -9.1334   2.4927   0.0000  -0.1584   2.0587    0.233
    24  15.3195   1.9461   1.1330 -16.2377  -0.6433  -8.5908  -8.5903   2.4531   0.0000  -0.1852   1.8977    0.228
    25  15.8633   1.8383   0.9263 -13.9115  -0.6752  -7.8077  -7.8072   2.4102   0.0000  -0.2118   1.6774    0.223
    26  16.3259   1.7467   0.7336 -11.4076  -0.7137  -6.7663  -6.7659   2.3990   0.0000  -0.2338   1.3968    0.215
    27  16.6722   1.4928   0.4112  -8.7433  -0.6412  -6.0213  -6.0191   1.5969   0.0000  -0.2675   1.1184    0.206
    28  16.9098   1.1466   0.2281  -6.1793  -0.5279  -5.4539  -5.4518   0.4826   0.0000  -0.3160   0.9637    0.192
    29  17.0696   0.9137   0.1099  -3.6770  -0.4605  -4.0124  -4.0109  -0.3264   0.0000  -0.2939   0.6655    0.177
    30  17.1499   0.7966   0.0321  -1.2211  -0.4397  -1.4841  -1.4836  -0.6291   0.0000  -0.1299   0.2367    0.162

  Surface # 2     main_wing (YDUP)                        
     # Chordwise = 10   # Spanwise = 30     First strip = 31
     Surface area =   63.793327       Ave. chord =    3.717556
     CLsurf  =  -3.54329     Clsurf  =  -0.77109
     CYsurf  =  -0.05553     Cmsurf  =   0.45800
     CDsurf  =   0.17785     Cnsurf  =  -0.30832
     CDisurf =   0.17785     CDvsurf =   0.00000

  Forces referred to Ssurf, Cave about hinge axis thru LE
     CLsurf  =  -6.93538     CDsurf  =   0.34811
     Deflect =

 Strip Forces referred to Strip Area, Chord
    j      Yle    Chord     Area     c cl      ai      cl_norm  cl       cd       cdv    cm_c/4    cm_LE  C.P.x/c
    31  -0.0123   7.7514   0.3815 -22.5842  -0.8133  17.8458  17.8442 ********   0.0000   1.1072  -1.8057    0.188
    32  -0.1106   7.6828   1.1303 -31.7398  -0.7614  -2.2916  -2.2914 -21.2106   0.0000   1.3791  -2.3726    0.852
    33  -0.3062   7.5463   1.8369 -32.3027  -0.6561  -4.0090  -4.0087  -3.2950   0.0000   1.3950  -2.4249    0.598
    34  -0.5968   7.3435   2.4751 -32.1984  -0.5105  -4.5662  -4.5658   1.8794   0.0000   1.3342  -2.3906    0.542
    35  -0.9793   7.0766   3.0215 -32.1266  -0.3152  -4.7360  -4.7356   2.0393   0.0000   1.2813  -2.3768    0.521
    36  -1.4496   6.7484   3.4567 -31.3461  -0.0774  -4.8147  -4.8142   1.7321   0.0000   1.0614  -2.1863    0.470
    37  -1.9610   6.3915   3.2367 -28.9580   0.0452  -4.7483  -4.7479   2.2847   0.0000   0.8341  -1.9347    0.426
    38  -2.4995   6.0157   3.4229 -29.5811   0.0207  -5.0381  -5.0376   1.1605   0.0000   0.6987  -1.8965    0.389
    39  -3.0975   5.5984   3.5010 -28.9923  -0.0046  -5.3519  -5.3514   1.7485   0.0000   0.5400  -1.8047    0.351
    40  -3.7485   5.1441   3.4716 -28.9496  -0.0498  -5.8000  -5.7994   1.7170   0.0000   0.3888  -1.7665    0.317
    41  -4.4453   4.6578   3.3395 -29.1369  -0.1345  -6.4406  -6.4400   1.8356   0.0000   0.2217  -1.7565    0.284
    42  -5.1804   4.1448   3.1137 -29.4961  -0.2634  -7.3886  -7.3879   2.7914   0.0000   0.0854  -1.8341    0.262
    43  -6.0123   3.7903   3.4546 -29.7142  -0.4483  -8.1562  -8.1557   3.2720   0.0000  -0.0192  -1.9376    0.248
    44  -6.9353   3.6074   3.3620 -29.7622  -0.5686  -8.5584  -8.5578   3.1560   0.0000  -0.0662  -1.9931    0.242
    45  -7.8737   3.4215   3.2240 -29.4551  -0.6365  -8.9086  -8.9080   3.0437   0.0000  -0.0866  -2.0623    0.240
    46  -8.8173   3.2345   3.0478 -28.8374  -0.6563  -9.2079  -9.2073   2.9470   0.0000  -0.0952  -2.1303    0.240
    47  -9.7557   3.0486   2.8411 -27.9371  -0.6494  -9.4495  -9.4489   2.8568   0.0000  -0.0984  -2.1890    0.240
    48 -10.6786   2.8657   2.6118 -26.7914  -0.6331  -9.6278  -9.6272   2.7719   0.0000  -0.1003  -2.2334    0.240
    49 -11.5760   2.6879   2.3677 -25.4336  -0.6170  -9.7356  -9.7350   2.7040   0.0000  -0.1038  -2.2582    0.239
    50 -12.4467   2.5153   2.1582 -23.8842  -0.6059  -9.7629  -9.7623   2.6353   0.0000  -0.1098  -2.2604    0.239
    51 -13.2645   2.3533   1.8259 -22.1787  -0.6017  -9.6869  -9.6863   2.5799   0.0000  -0.1205  -2.2320    0.238
    52 -14.0130   2.2050   1.5853 -20.3489  -0.6061  -9.4861  -9.4855   2.5330   0.0000  -0.1366  -2.1671    0.236
    53 -14.7005   2.0687   1.3533 -18.3730  -0.6199  -9.1338  -9.1332   2.4926   0.0000  -0.1584  -2.0586    0.233
    54 -15.3195   1.9461   1.1330 -16.2375  -0.6433  -8.5907  -8.5901   2.4530   0.0000  -0.1852  -1.8976    0.228
    55 -15.8633   1.8383   0.9263 -13.9113  -0.6752  -7.8076  -7.8071   2.4101   0.0000  -0.2118  -1.6773    0.223
    56 -16.3259   1.7467   0.7336 -11.4074  -0.7136  -6.7662  -6.7658   2.3989   0.0000  -0.2338  -1.3967    0.215
    57 -16.6722   1.4928   0.4112  -8.7432  -0.6412  -6.0213  -6.0190   1.5969   0.0000  -0.2675  -1.1184    0.206
    58 -16.9098   1.1466   0.2281  -6.1792  -0.5279  -5.4538  -5.4518   0.4826   0.0000  -0.3160  -0.9637    0.192
    59 -17.0696   0.9137   0.1099  -3.6769  -0.4605  -4.0124  -4.0109  -0.3264   0.0000  -0.2939  -0.6655    0.177
    60 -17.1499   0.7966   0.0321  -1.2210  -0.4397  -1.4841  -1.4835  -0.6291   0.0000  -0.1299  -0.2367    0.162

  Surface # 3     horizontal_stabilizer                   
     # Chordwise = 10   # Spanwise = 30     First strip = 61
     Surface area =   20.071465       Ave. chord =    2.826957
     CLsurf  =   0.37416     Clsurf  =  -0.03254
     CYsurf  =  -0.00194     Cmsurf  =  -1.65192
     CDsurf  =  -0.06457     Cnsurf  =  -0.00805
     CDisurf =  -0.06457     CDvsurf =   0.00000

  Forces referred to Ssurf, Cave about hinge axis thru LE
     CLsurf  =   2.32764     CDsurf  =  -0.40171
     Deflect =

 Strip Forces referred to Strip Area, Chord
    j      Yle    Chord     Area     c cl      ai      cl_norm  cl       cd       cdv    cm_c/4    cm_LE  C.P.x/c
    61   0.0046   4.6976   0.0861   8.5875  -0.0338   1.6534   1.6531   2.0798   0.0000   0.0582  -0.3948    0.215
    62   0.0412   4.6783   0.2563   8.1908  -0.0351   1.7530   1.7527   0.0548   0.0000   0.0503  -0.3835    0.221
    63   0.1140   4.6399   0.4206   8.1537  -0.0374   1.7719   1.7717  -0.0872   0.0000   0.0504  -0.3850    0.222
    64   0.2222   4.5828   0.5752   8.1446  -0.0392   1.7955   1.7952  -0.1277   0.0000   0.0518  -0.3886    0.221
    65   0.3647   4.5076   0.7167   8.1299  -0.0393   1.8239   1.8236  -0.1500   0.0000   0.0535  -0.3934    0.221
    66   0.5398   4.4152   0.8422   8.1196  -0.0371   1.8613   1.8610  -0.1713   0.0000   0.0557  -0.4000    0.220
    67   0.7511   4.3037   0.9974   8.0940  -0.0323   1.9054   1.9051  -0.1967   0.0000   0.0580  -0.4080    0.220
    68   0.9975   4.1737   1.0868   8.0499  -0.0259   1.9552   1.9549  -0.2151   0.0000   0.0603  -0.4176    0.219
    69   1.2712   4.0293   1.1531   8.0015  -0.0220   2.0159   2.0156  -0.2533   0.0000   0.0633  -0.4289    0.219
    70   1.5691   3.8721   1.1959   7.9328  -0.0267   2.0795   2.0792  -0.2594   0.0000   0.0661  -0.4416    0.218
    71   1.8880   3.7039   1.2153   7.8390  -0.0417   2.1511   2.1507  -0.2998   0.0000   0.0691  -0.4553    0.218
    72   2.2244   3.5264   1.2123   7.7279  -0.0581   2.2310   2.2307  -0.3527   0.0000   0.0724  -0.4707    0.218
    73   2.5747   3.3416   1.1886   7.6084  -0.0660   2.3165   2.3162  -0.3502   0.0000   0.0765  -0.4878    0.217
    74   2.9349   3.1516   1.1463   7.4331  -0.0648   2.4031   2.4027  -0.4022   0.0000   0.0794  -0.5051    0.217
    75   3.3011   2.9584   1.0879   7.2473  -0.0595   2.4987   2.4983  -0.4482   0.0000   0.0835  -0.5236    0.217
    76   3.6693   2.7641   1.0165   7.0460  -0.0538   2.6015   2.6011  -0.4829   0.0000   0.0886  -0.5431    0.216
    77   4.0356   2.5709   0.9351   6.7696  -0.0497   2.6953   2.6949  -0.5899   0.0000   0.0918  -0.5608    0.216
    78   4.3958   2.3808   0.8469   6.4842  -0.0476   2.7958   2.7953  -0.7019   0.0000   0.0966  -0.5785    0.215
    79   4.7460   2.1961   0.7550   6.1877  -0.0477   2.8886   2.8881  -0.6827   0.0000   0.1026  -0.5958    0.214
    80   5.0824   2.0186   0.6623   5.8365  -0.0498   2.9668   2.9663  -0.7304   0.0000   0.1082  -0.6085    0.214
    81   5.4013   1.8503   0.5714   5.4431  -0.0535   3.0191   3.0187  -0.7505   0.0000   0.1132  -0.6160    0.212
    82   5.6992   1.6931   0.4845   5.0083  -0.0581   3.0438   3.0433  -0.8457   0.0000   0.1186  -0.6147    0.211
    83   5.9729   1.5487   0.4033   4.5525  -0.0628   3.0271   3.0266  -0.8674   0.0000   0.1246  -0.6042    0.209
    84   6.2193   1.4187   0.3288   4.0697  -0.0667   2.9511   2.9507  -0.8133   0.0000   0.1312  -0.5801    0.206
    85   6.4358   1.3045   0.2616   3.5476  -0.0691   2.8063   2.8059  -0.8696   0.0000   0.1349  -0.5395    0.202
    86   6.6379   1.1979   0.2413   2.9956  -0.0694   2.5777   2.5772  -0.7657   0.0000   0.1386  -0.4817    0.196
    87   6.8184   1.1027   0.1754   2.3715  -0.0674   2.2173   2.2169  -0.6624   0.0000   0.1357  -0.3980    0.189
    88   6.9555   1.0303   0.1183   1.7145  -0.0630   1.7139   1.7136  -0.4941   0.0000   0.1191  -0.2939    0.180
    89   7.0478   0.9816   0.0681   1.0369  -0.0568   1.0904   1.0902  -0.3420   0.0000   0.0844  -0.1779    0.173
    90   7.0942   0.9572   0.0222   0.3473  -0.0513   0.3763   0.3763  -0.1372   0.0000   0.0308  -0.0593    0.168

  Surface # 4     horizontal_stabilizer (YDUP)            
     # Chordwise = 10   # Spanwise = 30     First strip = 91
     Surface area =   20.071465       Ave. chord =    2.826957
     CLsurf  =   0.37415     Clsurf  =   0.03253
     CYsurf  =   0.00194     Cmsurf  =  -1.65187
     CDsurf  =  -0.06458     Cnsurf  =   0.00805
     CDisurf =  -0.06458     CDvsurf =   0.00000

  Forces referred to Ssurf, Cave about hinge axis thru LE
     CLsurf  =   2.32756     CDsurf  =  -0.40171
     Deflect =

 Strip Forces referred to Strip Area, Chord
    j      Yle    Chord     Area     c cl      ai      cl_norm  cl       cd       cdv    cm_c/4    cm_LE  C.P.x/c
    91  -0.0046   4.6976   0.0861   8.5875  -0.0337   1.6533   1.6531   2.0799   0.0000   0.0582   0.3948    0.215
    92  -0.0412   4.6783   0.2563   8.1908  -0.0350   1.7530   1.7527   0.0548   0.0000   0.0503   0.3835    0.221
    93  -0.1140   4.6399   0.4206   8.1537  -0.0374   1.7719   1.7717  -0.0872   0.0000   0.0504   0.3850    0.222
    94  -0.2222   4.5828   0.5752   8.1445  -0.0392   1.7955   1.7952  -0.1277   0.0000   0.0518   0.3886    0.221
    95  -0.3647   4.5076   0.7167   8.1299  -0.0393   1.8239   1.8236  -0.1500   0.0000   0.0535   0.3934    0.221
    96  -0.5398   4.4152   0.8422   8.1195  -0.0371   1.8613   1.8610  -0.1713   0.0000   0.0557   0.4000    0.220
    97  -0.7511   4.3037   0.9974   8.0939  -0.0323   1.9054   1.9051  -0.1967   0.0000   0.0580   0.4080    0.220
    98  -0.9975   4.1737   1.0868   8.0498  -0.0259   1.9552   1.9549  -0.2152   0.0000   0.0603   0.4176    0.219
    99  -1.2712   4.0293   1.1531   8.0014  -0.0220   2.0158   2.0155  -0.2533   0.0000   0.0632   0.4288    0.219
   100  -1.5691   3.8721   1.1959   7.9326  -0.0267   2.0795   2.0791  -0.2594   0.0000   0.0661   0.4416    0.218
   101  -1.8880   3.7039   1.2153   7.8387  -0.0417   2.1510   2.1507  -0.2998   0.0000   0.0691   0.4553    0.218
   102  -2.2244   3.5264   1.2123   7.7277  -0.0582   2.2310   2.2306  -0.3527   0.0000   0.0724   0.4707    0.218
   103  -2.5747   3.3416   1.1886   7.6081  -0.0660   2.3165   2.3161  -0.3502   0.0000   0.0765   0.4878    0.217
   104  -2.9349   3.1516   1.1463   7.4329  -0.0648   2.4030   2.4026  -0.4022   0.0000   0.0794   0.5050    0.217
   105  -3.3011   2.9584   1.0879   7.2470  -0.0595   2.4986   2.4982  -0.4482   0.0000   0.0835   0.5236    0.217
   106  -3.6693   2.7641   1.0165   7.0457  -0.0539   2.6014   2.6010  -0.4828   0.0000   0.0886   0.5431    0.216
   107  -4.0356   2.5709   0.9351   6.7693  -0.0497   2.6952   2.6948  -0.5899   0.0000   0.0918   0.5608    0.216
   108  -4.3958   2.3808   0.8469   6.4839  -0.0477   2.7956   2.7952  -0.7018   0.0000   0.0966   0.5784    0.215
   109  -4.7460   2.1961   0.7550   6.1874  -0.0477   2.8885   2.8880  -0.6826   0.0000   0.1026   0.5958    0.214
   110  -5.0824   2.0186   0.6623   5.8362  -0.0498   2.9667   2.9662  -0.7304   0.0000   0.1082   0.6084    0.214
   111  -5.4013   1.8503   0.5714   5.4429  -0.0535   3.0190   3.0185  -0.7505   0.0000   0.1132   0.6159    0.212
   112  -5.6992   1.6931   0.4845   5.0080  -0.0581   3.0436   3.0431  -0.8457   0.0000   0.1186   0.6146    0.211
   113  -5.9729   1.5487   0.4033   4.5523  -0.0628   3.0269   3.0264  -0.8673   0.0000   0.1246   0.6042    0.209
   114  -6.2193   1.4187   0.3288   4.0695  -0.0667   2.9510   2.9505  -0.8133   0.0000   0.1312   0.5800    0.206
   115  -6.4358   1.3045   0.2616   3.5475  -0.0691   2.8062   2.8058  -0.8695   0.0000   0.1349   0.5394    0.202
   116  -6.6379   1.1979   0.2413   2.9954  -0.0695   2.5775   2.5771  -0.7657   0.0000   0.1386   0.4817    0.196
   117  -6.8184   1.1027   0.1754   2.3714  -0.0675   2.2172   2.2168  -0.6623   0.0000   0.1357   0.3979    0.189
   118  -6.9555   1.0303   0.1183   1.7144  -0.0630   1.7138   1.7135  -0.4941   0.0000   0.1191   0.2939    0.180
   119  -7.0478   0.9816   0.0681   1.0368  -0.0568   1.0903   1.0902  -0.3420   0.0000   0.0844   0.1779    0.173
   120  -7.0942   0.9572   0.0222   0.3473  -0.0513   0.3763   0.3762  -0.1372   0.0000   0.0308   0.0593    0.168

  Surface # 5     vertical_stabilizer                     
     # Chordwise = 10   # Spanwise = 30     First strip =121
     Surface area =   27.880133       Ave. chord =    3.584947
     CLsurf  =   0.00000     Clsurf  =  -0.00000
     CYsurf  =  -0.00000     Cmsurf  =  -0.00000
     CDsurf  =  -0.00000     Cnsurf  =   0.00000
     CDisurf =  -0.00000     CDvsurf =   0.00000

  Forces referred to Ssurf, Cave about hinge axis thru LE
     CLsurf  =   0.00000     CDsurf  =  -0.00000
     Deflect =

 Strip Forces referred to Strip Area, Chord
    j      Yle    Chord     Area     c cl      ai      cl_norm  cl       cd       cdv    cm_c/4    cm_LE  C.P.x/c
   121   0.0000   8.1257   0.4979  -0.0000   0.0000  -0.0000  -0.0000  -0.0000   0.0000   0.0000   0.0000    1.115
   122   0.0000   7.9240   0.7939  -0.0000   0.0000  -0.0000  -0.0000  -0.0000   0.0000   0.0000   0.0000    1.081
   123   0.0000   7.6259   1.0550  -0.0000   0.0000  -0.0000  -0.0000  -0.0000   0.0000   0.0000   0.0000    1.054
   124   0.0000   7.2338   1.2682  -0.0000  -0.0000  -0.0000  -0.0000  -0.0000   0.0000   0.0000   0.0000    1.049
   125   0.0000   6.7513   1.4226  -0.0000  -0.0000  -0.0000  -0.0000   0.0000   0.0000   0.0000   0.0000    1.067
   126   0.0000   6.1827   1.5094  -0.0000   0.0000  -0.0000  -0.0000  -0.0000   0.0000   0.0000   0.0000    1.130
   127   0.0000   5.5336   1.5228  -0.0000   0.0000  -0.0000  -0.0000  -0.0000   0.0000   0.0000   0.0000    1.258
   128   0.0000   4.8100   1.4602  -0.0000   0.0000  -0.0000  -0.0000  -0.0000   0.0000   0.0000   0.0000    1.569
   129   0.0000   4.3478   1.3898  -0.0000   0.0000  -0.0000  -0.0000  -0.0000   0.0000   0.0000   0.0000
   130   0.0000   4.1900   1.4293   0.0000   0.0000   0.0000   0.0000  -0.0000   0.0000   0.0000   0.0000
   131   0.0000   4.0228   1.4447   0.0000   0.0000   0.0000   0.0000  -0.0000   0.0000   0.0000   0.0000
   132   0.0000   3.8479   1.4371   0.0000   0.0000   0.0000   0.0000  -0.0000   0.0000   0.0000   0.0000   -0.758
   133   0.0000   3.6670   1.4082   0.0000   0.0000   0.0000   0.0000  -0.0000   0.0000   0.0000   0.0000   -0.359
   134   0.0000   3.4821   1.3602   0.0000   0.0000   0.0000   0.0000  -0.0000   0.0000   0.0000   0.0000   -0.164
   135   0.0000   3.2949   1.2955   0.0000   0.0000   0.0000   0.0000  -0.0000   0.0000   0.0000   0.0000   -0.058
   136   0.0000   3.1075   1.2172   0.0000   0.0000   0.0000   0.0000  -0.0000   0.0000   0.0000  -0.0000    0.020
   137   0.0000   2.9218   1.1282   0.0000   0.0000   0.0000   0.0000  -0.0000   0.0000   0.0000  -0.0000    0.071
   138   0.0000   2.7397   1.0316   0.0000   0.0000   0.0000   0.0000  -0.0000   0.0000   0.0000  -0.0000    0.104
   139   0.0000   2.5631   0.9305   0.0000   0.0000   0.0000   0.0000  -0.0000   0.0000   0.0000  -0.0000    0.128
   140   0.0000   2.3939   0.8277   0.0000   0.0000   0.0000   0.0000  -0.0000   0.0000   0.0000  -0.0000    0.157
   141   0.0000   2.2338   0.7257   0.0000   0.0000   0.0000   0.0000  -0.0000   0.0000   0.0000  -0.0000    0.176
   142   0.0000   2.0845   0.6265   0.0000   0.0000   0.0000   0.0000  -0.0000   0.0000   0.0000  -0.0000    0.173
   143   0.0000   1.9475   0.5319   0.0000   0.0000   0.0000   0.0000  -0.0000   0.0000   0.0000  -0.0000    0.175
   144   0.0000   1.8243   0.4429   0.0000   0.0000   0.0000   0.0000  -0.0000   0.0000   0.0000  -0.0000    0.170
   145   0.0000   1.7162   0.3603   0.0000   0.0000   0.0000   0.0000  -0.0000   0.0000   0.0000  -0.0000    0.174
   146   0.0000   1.6244   0.2840   0.0000   0.0000   0.0000   0.0000  -0.0000   0.0000   0.0000  -0.0000    0.174
   147   0.0000   1.5497   0.2138   0.0000   0.0000   0.0000   0.0000  -0.0000   0.0000   0.0000  -0.0000    0.171
   148   0.0000   1.4930   0.1487   0.0000   0.0000   0.0000   0.0000  -0.0000   0.0000   0.0000  -0.0000    0.164
   149   0.0000   1.4548   0.0875   0.0000   0.0000   0.0000   0.0000  -0.0000   0.0000   0.0000  -0.0000    0.162
   150   0.0000   1.4357   0.0289   0.0000   0.0000   0.0000   0.0000  -0.0000   0.0000   0.0000  -0.0000    0.159

  Surface # 6     fuselage_horizontal                     
     # Chordwise = 10   # Spanwise = 10     First strip =151
     Surface area =  123.841209       Ave. chord =   33.112621
     CLsurf  =   0.02417     Clsurf  =  -0.00000
     CYsurf  =  -0.00000     Cmsurf  =  -0.06527
     CDsurf  =  -0.04321     Cnsurf  =   0.00000
     CDisurf =  -0.04321     CDvsurf =   0.00000

  Forces referred to Ssurf, Cave about hinge axis thru LE
     CLsurf  =   0.02437     CDsurf  =  -0.04357
     Deflect =

 Strip Forces referred to Strip Area, Chord
    j      Yle    Chord     Area     c cl      ai      cl_norm  cl       cd       cdv    cm_c/4    cm_LE  C.P.x/c
   151  -1.6830  26.5957   9.9468  -0.1400   0.4847  -0.1082  -0.0093   0.0463   0.0000  -0.0068  -0.0007   -0.477
   152  -1.3090  31.2096  11.6724   0.5381   0.2167   0.0621   0.0163   0.0120   0.0000  -0.0137  -0.0045    1.091
   153  -0.9350  34.0626  12.7394   0.7937  -0.1079   0.0601   0.0249  -0.0167   0.0000  -0.0121  -0.0060    0.738
   154  -0.5610  36.1619  13.5246   1.0853  -0.1953   0.0596   0.0356  -0.0631   0.0000  -0.0123  -0.0088    0.594
   155  -0.1870  37.5333  14.0374   1.1135  -0.2192   0.0507   0.0437  -0.1590   0.0000  -0.0090  -0.0113    0.455
   156   0.1870  37.5333  14.0374   1.1135  -0.2192   0.0507   0.0437  -0.1590   0.0000  -0.0090  -0.0113    0.455
   157   0.5610  36.1619  13.5246   1.0853  -0.1953   0.0596   0.0356  -0.0631   0.0000  -0.0123  -0.0088    0.594
   158   0.9350  34.0626  12.7394   0.7937  -0.1078   0.0601   0.0249  -0.0167   0.0000  -0.0121  -0.0060    0.738
   159   1.3090  31.2096  11.6724   0.5381   0.2167   0.0621   0.0163   0.0120   0.0000  -0.0137  -0.0045    1.091
   160   1.6830  26.5957   9.9468  -0.1400   0.4848  -0.1082  -0.0093   0.0463   0.0000  -0.0068  -0.0007   -0.477

  Surface # 7     fuselage_vertical                       
     # Chordwise = 10   # Spanwise = 10     First strip =161
     Surface area =  123.841209       Ave. chord =   33.112621
     CLsurf  =  -0.00000     Clsurf  =   0.00000
     CYsurf  =  -0.00000     Cmsurf  =   0.00000
     CDsurf  =  -0.00000     Cnsurf  =   0.00000
     CDisurf =  -0.00000     CDvsurf =   0.00000

  Forces referred to Ssurf, Cave about hinge axis thru LE
     CLsurf  =   0.00000     CDsurf  =  -0.00000
     Deflect =

 Strip Forces referred to Strip Area, Chord
    j      Yle    Chord     Area     c cl      ai      cl_norm  cl       cd       cdv    cm_c/4    cm_LE  C.P.x/c
   161   0.0000  26.5957   9.9468  -0.0000   0.0000  -0.0000  -0.0000  -0.0000   0.0000   0.0000   0.0000
   162   0.0000  31.2096  11.6724   0.0000   0.0003   0.0000   0.0000  -0.0000   0.0000  -0.0000  -0.0000    0.298
   163   0.0000  34.0626  12.7394   0.0000  -0.0000   0.0000   0.0000   0.0000   0.0000  -0.0000  -0.0000    0.540
   164   0.0000  36.1619  13.5246   0.0000  -0.0000   0.0000   0.0000   0.0000   0.0000  -0.0000  -0.0000    0.624
   165   0.0000  37.5333  14.0374   0.0000  -0.0000   0.0000   0.0000  -0.0000   0.0000  -0.0000  -0.0000    0.692
   166   0.0000  37.5333  14.0374   0.0000  -0.0000   0.0000   0.0000  -0.0000   0.0000  -0.0000  -0.0000    0.778
   167   0.0000  36.1619  13.5246   0.0001  -0.0000   0.0000   0.0000   0.0000   0.0000  -0.0000  -0.0000    0.798
   168   0.0000  34.0626  12.7394   0.0001  -0.0000   0.0000   0.0000   0.0000   0.0000  -0.0000  -0.0000    0.809
   169   0.0000  31.2096  11.6724   0.0000   0.0000   0.0000   0.0000  -0.0000   0.0000  -0.0000  -0.0000    0.766
   170   0.0000  26.5957   9.9468   0.0000   0.0000   0.0000   0.0000  -0.0000   0.0000  -0.0000  -0.0000    0.773
 ---------------------------------------------------------------
