 ---------------------------------------------------------------
 Surface and Strip Forces by surface

  Forces referred to Sref, Cref, Bref about Xref, Yref, Zref
 Standard axis orientation,  X fwd, Z down         

  Surface # 1     main_wing                               
     # Chordwise = 10   # Spanwise = 30     First strip =  1
     Surface area =   63.968842       Ave. chord =    3.715026
     CLsurf  =  -0.03907     Clsurf  =   0.00864
     CYsurf  =   0.00323     Cmsurf  =   0.03242
     CDsurf  =   0.00012     Cnsurf  =  -0.00072
     CDisurf =   0.00012     CDvsurf =   0.00000

  Forces referred to Ssurf, Cave about hinge axis thru LE
     CLsurf  =  -0.07651     CDsurf  =   0.00024
     Deflect =

 Strip Forces referred to Strip Area, Chord
    j      Yle    Chord     Area     c cl      ai      cl_norm  cl       cd       cdv    cm_c/4    cm_LE  C.P.x/c
     1   0.0114   7.7520   0.3539  -0.3053  -0.0206  -0.0505  -0.0392   0.0047   0.0000  -0.0058   0.0033    0.102
     2   0.1025   7.6885   1.0492  -0.3091  -0.0209  -0.0517  -0.0402   0.0007   0.0000  -0.0059   0.0033    0.103
     3   0.2837   7.5620   1.7073  -0.3100  -0.0214  -0.0528  -0.0410   0.0005   0.0000  -0.0062   0.0032    0.098
     4   0.5530   7.3741   2.3052  -0.3119  -0.0219  -0.0544  -0.0423   0.0004   0.0000  -0.0067   0.0031    0.092
     5   0.9075   7.1267   2.8223  -0.3150  -0.0217  -0.0569  -0.0442   0.0004   0.0000  -0.0071   0.0031    0.088
     6   1.3432   6.8226   3.2414  -0.3193  -0.0197  -0.0602  -0.0468   0.0004   0.0000  -0.0076   0.0033    0.088
     7   1.8554   6.4651   3.5491  -0.3249  -0.0149  -0.0647  -0.0503   0.0004   0.0000  -0.0079   0.0037    0.092
     8   2.4386   6.0582   3.7368  -0.3312  -0.0101  -0.0704  -0.0547   0.0003   0.0000  -0.0082   0.0044    0.100
     9   3.0862   5.6062   3.8005  -0.3377  -0.0090  -0.0775  -0.0603   0.0003   0.0000  -0.0084   0.0053    0.110
    10   3.7613   5.1351   3.4440  -0.3424  -0.0092  -0.0858  -0.0667   0.0003   0.0000  -0.0091   0.0061    0.113
    11   4.4532   4.6522   3.3149  -0.3443  -0.0089  -0.0953  -0.0740   0.0003   0.0000  -0.0105   0.0065    0.108
    12   5.1831   4.1429   3.0930  -0.3445  -0.0086  -0.1071  -0.0832   0.0003   0.0000  -0.0126   0.0066    0.099
    13   6.0123   3.7903   3.4706  -0.3418  -0.0075  -0.1095  -0.0902   0.0003   0.0000  -0.0146   0.0070    0.089
    14   6.9353   3.6075   3.3775  -0.3355  -0.0053  -0.1129  -0.0931   0.0002   0.0000  -0.0149   0.0073    0.090
    15   7.8737   3.4215   3.2389  -0.3270  -0.0034  -0.1161  -0.0956   0.0002   0.0000  -0.0150   0.0078    0.093
    16   8.8172   3.2345   3.0619  -0.3167  -0.0023  -0.1189  -0.0980   0.0001   0.0000  -0.0150   0.0083    0.097
    17   9.7556   3.0486   2.8543  -0.3047  -0.0019  -0.1214  -0.1000   0.0001   0.0000  -0.0150   0.0087    0.100
    18  10.6786   2.8657   2.6240  -0.2913  -0.0020  -0.1235  -0.1017   0.0001   0.0000  -0.0151   0.0090    0.102
    19  11.5760   2.6879   2.3787  -0.2768  -0.0023  -0.1251  -0.1031   0.0000   0.0000  -0.0151   0.0093    0.103
    20  12.4328   2.5181   2.1010  -0.2615  -0.0027  -0.1261  -0.1039  -0.0000   0.0000  -0.0152   0.0094    0.104
    21  13.2400   2.3582   1.8520  -0.2453  -0.0033  -0.1263  -0.1041  -0.0000   0.0000  -0.0153   0.0093    0.103
    22  13.9941   2.2087   1.6074  -0.2280  -0.0040  -0.1254  -0.1033  -0.0001   0.0000  -0.0155   0.0090    0.100
    23  14.6868   2.0715   1.3716  -0.2092  -0.0049  -0.1227  -0.1011  -0.0001   0.0000  -0.0159   0.0082    0.093
    24  15.3105   1.9479   1.1479  -0.1881  -0.0060  -0.1173  -0.0967  -0.0001   0.0000  -0.0163   0.0069    0.082
    25  15.8583   1.8393   0.9381  -0.1638  -0.0069  -0.1082  -0.0891  -0.0001   0.0000  -0.0164   0.0051    0.066
    26  16.3244   1.7470   0.7427  -0.1359  -0.0078  -0.0945  -0.0778   0.0001   0.0000  -0.0150   0.0038    0.057
    27  16.6722   1.4928   0.4131  -0.1056  -0.0079  -0.2332  -0.0708  -0.0008   0.0000  -0.0118   0.0025    0.083
    28  16.9098   1.1466   0.2292  -0.0748  -0.0064  -0.2152  -0.0653  -0.0014   0.0000  -0.0146   0.0006    0.026
    29  17.0696   0.9138   0.1104  -0.0440  -0.0039  -0.1591  -0.0483  -0.0020   0.0000  -0.0154  -0.0017   -0.068
    30  17.1499   0.7967   0.0322  -0.0145  -0.0023  -0.0601  -0.0183  -0.0027   0.0000  -0.0078  -0.0016   -0.177

  Surface # 2     main_wing (YDUP)                        
     # Chordwise = 10   # Spanwise = 30     First strip = 31
     Surface area =   63.968842       Ave. chord =    3.715026
     CLsurf  =  -0.03907     Clsurf  =  -0.00864
     CYsurf  =  -0.00323     Cmsurf  =   0.03242
     CDsurf  =   0.00012     Cnsurf  =   0.00072
     CDisurf =   0.00012     CDvsurf =   0.00000

  Forces referred to Ssurf, Cave about hinge axis thru LE
     CLsurf  =  -0.07651     CDsurf  =   0.00024
     Deflect =

 Strip Forces referred to Strip Area, Chord
    j      Yle    Chord     Area     c cl      ai      cl_norm  cl       cd       cdv    cm_c/4    cm_LE  C.P.x/c
    31  -0.0114   7.7520   0.3539  -0.3053  -0.0207  -0.0505  -0.0392   0.0047   0.0000  -0.0058  -0.0033    0.102
    32  -0.1025   7.6885   1.0492  -0.3091  -0.0209  -0.0517  -0.0402   0.0007   0.0000  -0.0059  -0.0033    0.103
    33  -0.2837   7.5620   1.7073  -0.3100  -0.0214  -0.0528  -0.0410   0.0005   0.0000  -0.0062  -0.0032    0.098
    34  -0.5530   7.3741   2.3052  -0.3119  -0.0219  -0.0544  -0.0423   0.0004   0.0000  -0.0067  -0.0031    0.092
    35  -0.9075   7.1267   2.8223  -0.3150  -0.0217  -0.0569  -0.0442   0.0004   0.0000  -0.0071  -0.0031    0.088
    36  -1.3432   6.8226   3.2414  -0.3193  -0.0197  -0.0602  -0.0468   0.0004   0.0000  -0.0076  -0.0033    0.088
    37  -1.8554   6.4651   3.5491  -0.3249  -0.0149  -0.0647  -0.0503   0.0004   0.0000  -0.0079  -0.0037    0.093
    38  -2.4386   6.0582   3.7368  -0.3312  -0.0101  -0.0704  -0.0547   0.0003   0.0000  -0.0082  -0.0044    0.100
    39  -3.0862   5.6062   3.8005  -0.3377  -0.0090  -0.0775  -0.0603   0.0003   0.0000  -0.0084  -0.0053    0.110
    40  -3.7613   5.1351   3.4440  -0.3424  -0.0092  -0.0858  -0.0667   0.0003   0.0000  -0.0091  -0.0061    0.113
    41  -4.4532   4.6522   3.3149  -0.3443  -0.0089  -0.0953  -0.0740   0.0003   0.0000  -0.0105  -0.0065    0.108
    42  -5.1831   4.1429   3.0930  -0.3445  -0.0086  -0.1071  -0.0832   0.0003   0.0000  -0.0126  -0.0066    0.099
    43  -6.0123   3.7903   3.4706  -0.3418  -0.0075  -0.1095  -0.0902   0.0003   0.0000  -0.0146  -0.0070    0.089
    44  -6.9353   3.6075   3.3775  -0.3355  -0.0053  -0.1129  -0.0931   0.0002   0.0000  -0.0149  -0.0073    0.090
    45  -7.8737   3.4215   3.2389  -0.3270  -0.0034  -0.1161  -0.0956   0.0002   0.0000  -0.0150  -0.0078    0.093
    46  -8.8172   3.2345   3.0619  -0.3167  -0.0023  -0.1189  -0.0980   0.0001   0.0000  -0.0150  -0.0083    0.097
    47  -9.7556   3.0486   2.8543  -0.3047  -0.0019  -0.1214  -0.1000   0.0001   0.0000  -0.0150  -0.0087    0.100
    48 -10.6786   2.8657   2.6240  -0.2913  -0.0020  -0.1235  -0.1017   0.0001   0.0000  -0.0151  -0.0090    0.102
    49 -11.5760   2.6879   2.3787  -0.2768  -0.0023  -0.1251  -0.1031   0.0000   0.0000  -0.0151  -0.0093    0.103
    50 -12.4328   2.5181   2.1010  -0.2615  -0.0027  -0.1261  -0.1039  -0.0000   0.0000  -0.0152  -0.0094    0.104
    51 -13.2400   2.3582   1.8520  -0.2453  -0.0033  -0.1263  -0.1041  -0.0000   0.0000  -0.0153  -0.0093    0.103
    52 -13.9941   2.2087   1.6074  -0.2280  -0.0040  -0.1254  -0.1033  -0.0001   0.0000  -0.0155  -0.0090    0.100
    53 -14.6868   2.0715   1.3716  -0.2092  -0.0049  -0.1227  -0.1011  -0.0001   0.0000  -0.0159  -0.0082    0.093
    54 -15.3105   1.9479   1.1479  -0.1881  -0.0060  -0.1173  -0.0967  -0.0001   0.0000  -0.0163  -0.0069    0.082
    55 -15.8583   1.8393   0.9381  -0.1638  -0.0069  -0.1082  -0.0891  -0.0001   0.0000  -0.0164  -0.0051    0.066
    56 -16.3244   1.7470   0.7427  -0.1359  -0.0078  -0.0945  -0.0778   0.0001   0.0000  -0.0150  -0.0038    0.057
    57 -16.6722   1.4928   0.4131  -0.1056  -0.0079  -0.2332  -0.0708  -0.0008   0.0000  -0.0118  -0.0025    0.083
    58 -16.9098   1.1466   0.2292  -0.0748  -0.0064  -0.2152  -0.0653  -0.0014   0.0000  -0.0146  -0.0006    0.026
    59 -17.0696   0.9138   0.1104  -0.0440  -0.0039  -0.1591  -0.0483  -0.0020   0.0000  -0.0154   0.0017   -0.068
    60 -17.1499   0.7967   0.0322  -0.0145  -0.0023  -0.0601  -0.0183  -0.0027   0.0000  -0.0078   0.0016   -0.177

  Surface # 3     horizontal_stabilizer                   
     # Chordwise = 10   # Spanwise = 30     First strip = 61
     Surface area =   20.301460       Ave. chord =    2.826985
     CLsurf  =  -0.01806     Clsurf  =   0.00176
     CYsurf  =   0.00286     Cmsurf  =   0.09006
     CDsurf  =   0.00023     Cnsurf  =  -0.00183
     CDisurf =   0.00023     CDvsurf =   0.00000

  Forces referred to Ssurf, Cave about hinge axis thru LE
     CLsurf  =  -0.11245     CDsurf  =   0.00141
     Deflect =

 Strip Forces referred to Strip Area, Chord
    j      Yle    Chord     Area     c cl      ai      cl_norm  cl       cd       cdv    cm_c/4    cm_LE  C.P.x/c
    61   0.0046   4.6976   0.0871  -0.3709  -0.0282  -0.1265  -0.0782   0.0245   0.0000   0.0068   0.0193    0.337
    62   0.0412   4.6783   0.2592  -0.4020  -0.0287  -0.1389  -0.0859   0.0039   0.0000   0.0068   0.0206    0.330
    63   0.1140   4.6399   0.4254  -0.4047  -0.0292  -0.1411  -0.0872   0.0026   0.0000   0.0065   0.0206    0.325
    64   0.2222   4.5828   0.5818  -0.4057  -0.0295  -0.1432  -0.0885   0.0023   0.0000   0.0060   0.0204    0.317
    65   0.3647   4.5076   0.7249  -0.4063  -0.0296  -0.1458  -0.0901   0.0022   0.0000   0.0052   0.0202    0.308
    66   0.5398   4.4152   0.8518  -0.4065  -0.0294  -0.1489  -0.0921   0.0020   0.0000   0.0044   0.0199    0.298
    67   0.7511   4.3037   1.0088  -0.4062  -0.0287  -0.1527  -0.0944   0.0019   0.0000   0.0037   0.0198    0.289
    68   0.9975   4.1737   1.0993  -0.4049  -0.0273  -0.1570  -0.0970   0.0018   0.0000   0.0030   0.0198    0.281
    69   1.2712   4.0294   1.1663  -0.4025  -0.0252  -0.1616  -0.0999   0.0017   0.0000   0.0024   0.0198    0.274
    70   1.5691   3.8722   1.2096  -0.3986  -0.0224  -0.1665  -0.1029   0.0015   0.0000   0.0019   0.0200    0.269
    71   1.8880   3.7039   1.2292  -0.3932  -0.0196  -0.1718  -0.1062   0.0015   0.0000   0.0015   0.0203    0.265
    72   2.2244   3.5264   1.2262  -0.3861  -0.0173  -0.1772  -0.1095   0.0014   0.0000   0.0012   0.0207    0.261
    73   2.5747   3.3417   1.2022  -0.3774  -0.0158  -0.1828  -0.1130   0.0013   0.0000   0.0010   0.0212    0.259
    74   2.9349   3.1516   1.1594  -0.3670  -0.0151  -0.1885  -0.1165   0.0012   0.0000   0.0008   0.0217    0.257
    75   3.3011   2.9584   1.1004  -0.3551  -0.0147  -0.1943  -0.1201   0.0011   0.0000   0.0007   0.0222    0.256
    76   3.6693   2.7641   1.0281  -0.3416  -0.0146  -0.2000  -0.1236   0.0011   0.0000   0.0006   0.0228    0.255
    77   4.0356   2.5709   0.9458  -0.3270  -0.0146  -0.2059  -0.1273   0.0010   0.0000   0.0005   0.0234    0.254
    78   4.3958   2.3809   0.8566  -0.3112  -0.0147  -0.2116  -0.1308   0.0009   0.0000   0.0004   0.0239    0.253
    79   4.7460   2.1961   0.7636  -0.2945  -0.0148  -0.2170  -0.1341   0.0008   0.0000   0.0003   0.0244    0.252
    80   5.0824   2.0186   0.6699  -0.2770  -0.0150  -0.2221  -0.1373   0.0007   0.0000   0.0001   0.0249    0.251
    81   5.4013   1.8503   0.5780  -0.2588  -0.0155  -0.2264  -0.1399   0.0005   0.0000  -0.0002   0.0251    0.249
    82   5.6992   1.6932   0.4901  -0.2398  -0.0162  -0.2293  -0.1417   0.0004   0.0000  -0.0006   0.0252    0.246
    83   5.9729   1.5488   0.4079  -0.2203  -0.0172  -0.2302  -0.1423   0.0003   0.0000  -0.0013   0.0248    0.241
    84   6.2193   1.4188   0.3326  -0.1997  -0.0187  -0.2279  -0.1409   0.0001   0.0000  -0.0022   0.0238    0.234
    85   6.4358   1.3046   0.2646  -0.1777  -0.0204  -0.2205  -0.1363  -0.0001   0.0000  -0.0036   0.0220    0.224
    86   6.6379   1.1979   0.2441  -0.1527  -0.0224  -0.2064  -0.1276  -0.0003   0.0000  -0.0053   0.0192    0.209
    87   6.8184   1.1027   0.1774  -0.1230  -0.0244  -0.1807  -0.1117  -0.0006   0.0000  -0.0073   0.0148    0.185
    88   6.9555   1.0303   0.1197  -0.0904  -0.0259  -0.1420  -0.0878  -0.0008   0.0000  -0.0083   0.0097    0.155
    89   7.0478   0.9816   0.0689  -0.0552  -0.0269  -0.0911  -0.0563  -0.0009   0.0000  -0.0070   0.0050    0.126
    90   7.0942   0.9572   0.0225  -0.0186  -0.0275  -0.0315  -0.0195  -0.0007   0.0000  -0.0028   0.0014    0.106

  Surface # 4     horizontal_stabilizer (YDUP)            
     # Chordwise = 10   # Spanwise = 30     First strip = 91
     Surface area =   20.301460       Ave. chord =    2.826985
     CLsurf  =  -0.01806     Clsurf  =  -0.00176
     CYsurf  =  -0.00286     Cmsurf  =   0.09006
     CDsurf  =   0.00023     Cnsurf  =   0.00183
     CDisurf =   0.00023     CDvsurf =   0.00000

  Forces referred to Ssurf, Cave about hinge axis thru LE
     CLsurf  =  -0.11245     CDsurf  =   0.00140
     Deflect =

 Strip Forces referred to Strip Area, Chord
    j      Yle    Chord     Area     c cl      ai      cl_norm  cl       cd       cdv    cm_c/4    cm_LE  C.P.x/c
    91  -0.0046   4.6976   0.0871  -0.3709  -0.0282  -0.1265  -0.0782   0.0245   0.0000   0.0068  -0.0193    0.337
    92  -0.0412   4.6783   0.2592  -0.4020  -0.0287  -0.1389  -0.0859   0.0039   0.0000   0.0068  -0.0206    0.330
    93  -0.1140   4.6399   0.4254  -0.4047  -0.0292  -0.1411  -0.0872   0.0026   0.0000   0.0065  -0.0206    0.325
    94  -0.2222   4.5828   0.5818  -0.4057  -0.0295  -0.1432  -0.0885   0.0023   0.0000   0.0060  -0.0204    0.317
    95  -0.3647   4.5076   0.7249  -0.4063  -0.0296  -0.1458  -0.0901   0.0022   0.0000   0.0052  -0.0202    0.308
    96  -0.5398   4.4152   0.8518  -0.4065  -0.0294  -0.1489  -0.0921   0.0020   0.0000   0.0044  -0.0199    0.298
    97  -0.7511   4.3037   1.0088  -0.4062  -0.0287  -0.1527  -0.0944   0.0019   0.0000   0.0037  -0.0198    0.289
    98  -0.9975   4.1737   1.0993  -0.4049  -0.0273  -0.1570  -0.0970   0.0018   0.0000   0.0030  -0.0198    0.281
    99  -1.2712   4.0294   1.1663  -0.4025  -0.0252  -0.1616  -0.0999   0.0017   0.0000   0.0024  -0.0198    0.274
   100  -1.5691   3.8722   1.2096  -0.3986  -0.0224  -0.1665  -0.1029   0.0015   0.0000   0.0019  -0.0200    0.269
   101  -1.8880   3.7039   1.2292  -0.3932  -0.0196  -0.1718  -0.1062   0.0015   0.0000   0.0015  -0.0203    0.265
   102  -2.2244   3.5264   1.2262  -0.3861  -0.0173  -0.1772  -0.1095   0.0014   0.0000   0.0012  -0.0207    0.261
   103  -2.5747   3.3417   1.2022  -0.3774  -0.0158  -0.1828  -0.1130   0.0013   0.0000   0.0010  -0.0212    0.259
   104  -2.9349   3.1516   1.1594  -0.3670  -0.0151  -0.1885  -0.1165   0.0012   0.0000   0.0008  -0.0217    0.257
   105  -3.3011   2.9584   1.1004  -0.3551  -0.0147  -0.1943  -0.1201   0.0011   0.0000   0.0007  -0.0222    0.256
   106  -3.6693   2.7641   1.0281  -0.3416  -0.0146  -0.2000  -0.1236   0.0011   0.0000   0.0006  -0.0228    0.255
   107  -4.0356   2.5709   0.9458  -0.3270  -0.0146  -0.2059  -0.1272   0.0010   0.0000   0.0005  -0.0234    0.254
   108  -4.3958   2.3809   0.8566  -0.3112  -0.0147  -0.2116  -0.1308   0.0009   0.0000   0.0004  -0.0239    0.253
   109  -4.7460   2.1961   0.7636  -0.2945  -0.0148  -0.2170  -0.1341   0.0008   0.0000   0.0003  -0.0244    0.252
   110  -5.0824   2.0186   0.6699  -0.2770  -0.0150  -0.2221  -0.1373   0.0007   0.0000   0.0001  -0.0249    0.251
   111  -5.4013   1.8503   0.5780  -0.2588  -0.0155  -0.2264  -0.1399   0.0005   0.0000  -0.0002  -0.0251    0.249
   112  -5.6992   1.6932   0.4901  -0.2398  -0.0162  -0.2293  -0.1417   0.0004   0.0000  -0.0006  -0.0252    0.246
   113  -5.9729   1.5488   0.4079  -0.2203  -0.0172  -0.2302  -0.1423   0.0003   0.0000  -0.0013  -0.0248    0.241
   114  -6.2193   1.4188   0.3326  -0.1997  -0.0187  -0.2279  -0.1409   0.0001   0.0000  -0.0022  -0.0238    0.234
   115  -6.4358   1.3046   0.2646  -0.1777  -0.0204  -0.2205  -0.1363  -0.0001   0.0000  -0.0036  -0.0220    0.224
   116  -6.6379   1.1979   0.2441  -0.1527  -0.0224  -0.2064  -0.1276  -0.0003   0.0000  -0.0053  -0.0192    0.209
   117  -6.8184   1.1027   0.1774  -0.1230  -0.0244  -0.1807  -0.1117  -0.0006   0.0000  -0.0073  -0.0148    0.185
   118  -6.9555   1.0303   0.1197  -0.0904  -0.0259  -0.1420  -0.0878  -0.0008   0.0000  -0.0083  -0.0097    0.155
   119  -7.0478   0.9816   0.0689  -0.0552  -0.0269  -0.0911  -0.0563  -0.0009   0.0000  -0.0070  -0.0050    0.126
   120  -7.0942   0.9572   0.0225  -0.0186  -0.0275  -0.0315  -0.0195  -0.0007   0.0000  -0.0028  -0.0014    0.106

  Surface # 5     vertical_stabilizer                     
     # Chordwise = 10   # Spanwise = 30     First strip =121
     Surface area =   27.879847       Ave. chord =    3.584910
     CLsurf  =   0.00000     Clsurf  =  -0.00000
     CYsurf  =  -0.00000     Cmsurf  =  -0.00000
     CDsurf  =  -0.00000     Cnsurf  =   0.00000
     CDisurf =  -0.00000     CDvsurf =   0.00000

  Forces referred to Ssurf, Cave about hinge axis thru LE
     CLsurf  =   0.00000     CDsurf  =  -0.00000
     Deflect =

 Strip Forces referred to Strip Area, Chord
    j      Yle    Chord     Area     c cl      ai      cl_norm  cl       cd       cdv    cm_c/4    cm_LE  C.P.x/c
   121   0.0000   8.1257   0.4979   0.0000  -0.0000   0.0000   0.0000   0.0000   0.0000  -0.0000  -0.0000    0.576
   122   0.0000   7.9240   0.7938   0.0000  -0.0000   0.0000   0.0000   0.0000   0.0000  -0.0000  -0.0000    0.575
   123   0.0000   7.6259   1.0549   0.0000  -0.0000   0.0000   0.0000   0.0000   0.0000  -0.0000  -0.0000    0.576
   124   0.0000   7.2338   1.2682   0.0000  -0.0000   0.0000   0.0000   0.0000   0.0000  -0.0000  -0.0000    0.562
   125   0.0000   6.7513   1.4225   0.0000  -0.0000   0.0000   0.0000   0.0000   0.0000  -0.0000  -0.0000    0.547
   126   0.0000   6.1827   1.5094   0.0000  -0.0000   0.0000   0.0000   0.0000   0.0000  -0.0000  -0.0000    0.526
   127   0.0000   5.5336   1.5228   0.0000  -0.0000   0.0000   0.0000   0.0000   0.0000  -0.0000  -0.0000    0.492
   128   0.0000   4.8100   1.4602   0.0000  -0.0000   0.0000   0.0000   0.0000   0.0000  -0.0000  -0.0000    0.440
   129   0.0000   4.3477   1.3899   0.0000  -0.0000   0.0000   0.0000   0.0000   0.0000  -0.0000  -0.0000    0.399
   130   0.0000   4.1900   1.4293   0.0000  -0.0000   0.0000   0.0000   0.0000   0.0000  -0.0000  -0.0000    0.381
   131   0.0000   4.0228   1.4447   0.0000  -0.0000   0.0000   0.0000  -0.0000   0.0000  -0.0000  -0.0000    0.365
   132   0.0000   3.8479   1.4371   0.0000  -0.0000   0.0000   0.0000  -0.0000   0.0000  -0.0000  -0.0000    0.347
   133   0.0000   3.6670   1.4082   0.0000  -0.0000   0.0000   0.0000  -0.0000   0.0000  -0.0000  -0.0000    0.332
   134   0.0000   3.4821   1.3602   0.0000  -0.0000   0.0000   0.0000  -0.0000   0.0000  -0.0000  -0.0000    0.317
   135   0.0000   3.2949   1.2955   0.0000  -0.0000   0.0000   0.0000  -0.0000   0.0000  -0.0000  -0.0000    0.306
   136   0.0000   3.1075   1.2172   0.0000  -0.0000   0.0000   0.0000  -0.0000   0.0000  -0.0000  -0.0000    0.303
   137   0.0000   2.9218   1.1282   0.0000  -0.0000   0.0000   0.0000  -0.0000   0.0000  -0.0000  -0.0000    0.293
   138   0.0000   2.7397   1.0316   0.0000  -0.0000   0.0000   0.0000  -0.0000   0.0000  -0.0000  -0.0000    0.284
   139   0.0000   2.5631   0.9305   0.0000  -0.0000   0.0000   0.0000  -0.0000   0.0000  -0.0000  -0.0000    0.276
   140   0.0000   2.3939   0.8277   0.0000  -0.0000   0.0000   0.0000  -0.0000   0.0000  -0.0000  -0.0000    0.265
   141   0.0000   2.2337   0.7257   0.0000  -0.0000   0.0000   0.0000  -0.0000   0.0000  -0.0000  -0.0000    0.262
   142   0.0000   2.0844   0.6265   0.0000  -0.0000   0.0000   0.0000  -0.0000   0.0000  -0.0000  -0.0000    0.254
   143   0.0000   1.9474   0.5319   0.0000  -0.0000   0.0000   0.0000  -0.0000   0.0000   0.0000  -0.0000    0.248
   144   0.0000   1.8243   0.4429   0.0000  -0.0000   0.0000   0.0000  -0.0000   0.0000   0.0000  -0.0000    0.236
   145   0.0000   1.7162   0.3603   0.0000  -0.0000   0.0000   0.0000  -0.0000   0.0000   0.0000  -0.0000    0.222
   146   0.0000   1.6243   0.2840   0.0000  -0.0000   0.0000   0.0000  -0.0000   0.0000   0.0000  -0.0000    0.209
   147   0.0000   1.5496   0.2138   0.0000  -0.0000   0.0000   0.0000  -0.0000   0.0000   0.0000  -0.0000    0.192
   148   0.0000   1.4929   0.1487   0.0000  -0.0000   0.0000   0.0000  -0.0000   0.0000   0.0000  -0.0000    0.174
   149   0.0000   1.4548   0.0875   0.0000  -0.0000   0.0000   0.0000  -0.0000   0.0000   0.0000  -0.0000    0.156
   150   0.0000   1.4356   0.0289   0.0000  -0.0000   0.0000   0.0000  -0.0000   0.0000   0.0000  -0.0000    0.147

  Surface # 6     fuselage_horizontal                     
     # Chordwise = 10   # Spanwise = 10     First strip =151
     Surface area =  123.841202       Ave. chord =   33.112617
     CLsurf  =  -0.00585     Clsurf  =  -0.00000
     CYsurf  =  -0.00000     Cmsurf  =  -0.02121
     CDsurf  =   0.00007     Cnsurf  =  -0.00000
     CDisurf =   0.00007     CDvsurf =   0.00000

  Forces referred to Ssurf, Cave about hinge axis thru LE
     CLsurf  =  -0.00590     CDsurf  =   0.00007
     Deflect =

 Strip Forces referred to Strip Area, Chord
    j      Yle    Chord     Area     c cl      ai      cl_norm  cl       cd       cdv    cm_c/4    cm_LE  C.P.x/c
   151  -1.6830  26.5957   9.9468  -0.1431  -0.0550  -0.0670  -0.0054  -0.0001   0.0000  -0.0010   0.0001    0.072
   152  -1.3090  31.2096  11.6724  -0.1965  -0.0562  -0.0245  -0.0063   0.0000   0.0000  -0.0013   0.0001    0.044
   153  -0.9350  34.0626  12.7394  -0.2098  -0.0438  -0.0150  -0.0062   0.0001   0.0000  -0.0018  -0.0001   -0.047
   154  -0.5610  36.1619  13.5246  -0.2130  -0.0372  -0.0099  -0.0059   0.0001   0.0000  -0.0022  -0.0003   -0.115
   155  -0.1870  37.5332  14.0374  -0.2140  -0.0349  -0.0066  -0.0057   0.0002   0.0000  -0.0023  -0.0006   -0.149
   156   0.1870  37.5332  14.0374  -0.2140  -0.0349  -0.0066  -0.0057   0.0002   0.0000  -0.0023  -0.0006   -0.149
   157   0.5610  36.1619  13.5246  -0.2130  -0.0372  -0.0099  -0.0059   0.0001   0.0000  -0.0022  -0.0003   -0.115
   158   0.9350  34.0626  12.7394  -0.2098  -0.0438  -0.0150  -0.0062   0.0001   0.0000  -0.0018  -0.0001   -0.047
   159   1.3090  31.2096  11.6724  -0.1965  -0.0562  -0.0245  -0.0063   0.0000   0.0000  -0.0013   0.0001    0.044
   160   1.6830  26.5957   9.9468  -0.1431  -0.0550  -0.0670  -0.0054  -0.0001   0.0000  -0.0010   0.0001    0.072

  Surface # 7     fuselage_vertical                       
     # Chordwise = 10   # Spanwise = 10     First strip =161
     Surface area =  123.841202       Ave. chord =   33.112617
     CLsurf  =  -0.00000     Clsurf  =  -0.00000
     CYsurf  =   0.00000     Cmsurf  =   0.00000
     CDsurf  =  -0.00000     Cnsurf  =  -0.00000
     CDisurf =  -0.00000     CDvsurf =   0.00000

  Forces referred to Ssurf, Cave about hinge axis thru LE
     CLsurf  =  -0.00000     CDsurf  =  -0.00000
     Deflect =

 Strip Forces referred to Strip Area, Chord
    j      Yle    Chord     Area     c cl      ai      cl_norm  cl       cd       cdv    cm_c/4    cm_LE  C.P.x/c
   161   0.0000  26.5957   9.9468   0.0000  -0.0000   0.0000   0.0000  -0.0000   0.0000  -0.0000  -0.0000    0.309
   162   0.0000  31.2096  11.6724   0.0000  -0.0000   0.0000   0.0000  -0.0000   0.0000   0.0000   0.0000
   163   0.0000  34.0626  12.7394  -0.0000   0.0000  -0.0000  -0.0000   0.0000   0.0000   0.0000   0.0000
   164   0.0000  36.1619  13.5246  -0.0000   0.0000  -0.0000  -0.0000  -0.0000   0.0000   0.0000   0.0000    1.852
   165   0.0000  37.5332  14.0374  -0.0000   0.0000  -0.0000  -0.0000  -0.0000   0.0000   0.0000   0.0000    1.623
   166   0.0000  37.5332  14.0374  -0.0000   0.0000  -0.0000  -0.0000  -0.0000   0.0000   0.0000   0.0000    1.840
   167   0.0000  36.1619  13.5246  -0.0000   0.0000  -0.0000  -0.0000   0.0000   0.0000   0.0000   0.0000
   168   0.0000  34.0626  12.7394   0.0000   0.0000   0.0000   0.0000   0.0000   0.0000   0.0000   0.0000   -0.381
   169   0.0000  31.2096  11.6724   0.0000  -0.0000   0.0000   0.0000   0.0000   0.0000   0.0000  -0.0000    0.211
   170   0.0000  26.5957   9.9468   0.0000  -0.0000   0.0000   0.0000   0.0000   0.0000   0.0000   0.0000    0.173
 ---------------------------------------------------------------
