 ---------------------------------------------------------------
 Surface and Strip Forces by surface

  Forces referred to Sref, Cref, Bref about Xref, Yref, Zref
 Standard axis orientation,  X fwd, Z down         

  Surface # 1     main_wing                               
     # Chordwise = 10   # Spanwise = 20     First strip =  1
     Surface area =   63.790974       Ave. chord =    3.717419
     CLsurf  =  -1.97707     Clsurf  =   0.43527
     CYsurf  =   0.08448     Cmsurf  =   0.33197
     CDsurf  =   0.09941     Cnsurf  =   0.16073
     CDisurf =   0.09941     CDvsurf =   0.00000

  Forces referred to Ssurf, Cave about hinge axis thru LE
     CLsurf  =  -3.87004     CDsurf  =   0.19459
     Deflect =

 Strip Forces referred to Strip Area, Chord
    j      Yle    Chord     Area     c cl      ai      cl_norm  cl       cd       cdv    cm_c/4    cm_LE  C.P.x/c
     1   0.0271   7.7411   0.8376 -15.7486  -0.4945   3.4053   3.4050 -31.0271   0.0000   1.2029   1.6835   -0.103
     2   0.2428   7.5905   2.4436 -16.8548  -0.3736  -1.8408  -1.8406  -2.3487   0.0000   1.2499   1.7755    0.929
     3   0.6690   7.2932   3.8488 -16.4889  -0.1966  -2.2306  -2.2304  -0.3710   0.0000   1.2193   1.7554    0.797
     4   1.2950   6.8563   4.9402 -15.7483   0.0095  -2.3422  -2.3420   0.0545   0.0000   1.0719   1.6192    0.708
     5   2.1056   6.2906   5.6339 -14.6898   0.2043  -2.4055  -2.4052   0.1929   0.0000   0.7544   1.3163    0.564
     6   3.0065   5.6619   5.0672 -14.1023   0.2477  -2.6258  -2.6256   0.5468   0.0000   0.4168   1.0226    0.409
     7   3.9586   4.9974   5.0150 -14.7320   0.0547  -3.1095  -3.1092   0.6568   0.0000   0.2162   0.9377    0.320
     8   5.0073   4.2656   4.6382 -15.7928  -0.1822  -3.9551  -3.9547   1.1074   0.0000   0.0703   0.9797    0.268
     9   6.1989   3.7534   4.8429 -16.8038  -0.3765  -4.7794  -4.7791   1.3217   0.0000  -0.0150   1.1025    0.247
    10   7.5095   3.4937   4.6216 -16.9343  -0.4305  -5.1295  -5.1292   1.1757   0.0000  -0.0229   1.1870    0.246
    11   8.8364   3.2307   4.2738 -16.5046  -0.4254  -5.3767  -5.3763   1.0715   0.0000  -0.0191   1.2561    0.246
    12  10.1470   2.9710   3.8335 -15.7056  -0.3955  -5.5424  -5.5420   0.9883   0.0000  -0.0145   1.3050    0.247
    13  11.4090   2.7210   3.3357 -14.6643  -0.3690  -5.6375  -5.6371   0.9336   0.0000  -0.0138   1.3314    0.248
    14  12.6340   2.4782   3.0105 -13.4364  -0.3551  -5.6649  -5.6646   0.9026   0.0000  -0.0150   1.3383    0.247
    15  13.7866   2.2498   2.4374 -12.0504  -0.3607  -5.5987  -5.5983   0.9049   0.0000  -0.0206   1.3163    0.246
    16  14.7941   2.0502   1.8970 -10.5398  -0.3930  -5.3875  -5.3872   0.9472   0.0000  -0.0332   1.2500    0.244
    17  15.6315   1.8843   1.4027  -8.8678  -0.4563  -4.9584  -4.9581   1.0164   0.0000  -0.0562   1.1186    0.239
    18  16.2783   1.7561   0.9575  -6.9496  -0.5456  -4.2092  -4.2089   1.0801   0.0000  -0.0870   0.9010    0.229
    19  16.8016   1.3043   0.6198  -4.5016  -0.5043  -3.6427  -3.6414   0.7760   0.0000  -0.1315   0.6836    0.214
    20  17.1200   0.8402   0.1342  -1.5180  -0.4623  -1.8777  -1.8771   0.2414   0.0000  -0.1272   0.3033    0.182

  Surface # 2     main_wing (YDUP)                        
     # Chordwise = 10   # Spanwise = 20     First strip = 21
     Surface area =   63.790974       Ave. chord =    3.717419
     CLsurf  =  -1.97707     Clsurf  =  -0.43527
     CYsurf  =  -0.08448     Cmsurf  =   0.33197
     CDsurf  =   0.09941     Cnsurf  =  -0.16073
     CDisurf =   0.09941     CDvsurf =   0.00000

  Forces referred to Ssurf, Cave about hinge axis thru LE
     CLsurf  =  -3.87003     CDsurf  =   0.19458
     Deflect =

 Strip Forces referred to Strip Area, Chord
    j      Yle    Chord     Area     c cl      ai      cl_norm  cl       cd       cdv    cm_c/4    cm_LE  C.P.x/c
    21  -0.0271   7.7411   0.8376 -15.7485  -0.4944   3.4052   3.4049 -31.0270   0.0000   1.2029  -1.6835   -0.103
    22  -0.2428   7.5905   2.4436 -16.8548  -0.3736  -1.8408  -1.8407  -2.3486   0.0000   1.2499  -1.7755    0.929
    23  -0.6690   7.2932   3.8488 -16.4889  -0.1965  -2.2305  -2.2303  -0.3710   0.0000   1.2193  -1.7554    0.797
    24  -1.2950   6.8563   4.9402 -15.7483   0.0095  -2.3422  -2.3420   0.0545   0.0000   1.0719  -1.6192    0.708
    25  -2.1056   6.2906   5.6339 -14.6898   0.2043  -2.4055  -2.4052   0.1929   0.0000   0.7544  -1.3163    0.564
    26  -3.0065   5.6619   5.0672 -14.1022   0.2477  -2.6258  -2.6255   0.5468   0.0000   0.4168  -1.0226    0.409
    27  -3.9586   4.9974   5.0150 -14.7320   0.0547  -3.1095  -3.1092   0.6568   0.0000   0.2162  -0.9377    0.320
    28  -5.0073   4.2656   4.6382 -15.7928  -0.1822  -3.9551  -3.9547   1.1074   0.0000   0.0703  -0.9796    0.268
    29  -6.1989   3.7534   4.8429 -16.8038  -0.3765  -4.7794  -4.7791   1.3217   0.0000  -0.0150  -1.1025    0.247
    30  -7.5095   3.4937   4.6216 -16.9343  -0.4305  -5.1295  -5.1292   1.1757   0.0000  -0.0229  -1.1870    0.246
    31  -8.8364   3.2307   4.2738 -16.5045  -0.4254  -5.3767  -5.3763   1.0715   0.0000  -0.0191  -1.2561    0.246
    32 -10.1470   2.9710   3.8335 -15.7056  -0.3955  -5.5424  -5.5420   0.9883   0.0000  -0.0145  -1.3050    0.247
    33 -11.4090   2.7210   3.3357 -14.6643  -0.3690  -5.6375  -5.6371   0.9336   0.0000  -0.0138  -1.3314    0.248
    34 -12.6340   2.4782   3.0105 -13.4363  -0.3551  -5.6649  -5.6645   0.9026   0.0000  -0.0150  -1.3383    0.247
    35 -13.7866   2.2498   2.4374 -12.0504  -0.3607  -5.5987  -5.5983   0.9049   0.0000  -0.0206  -1.3163    0.246
    36 -14.7941   2.0502   1.8970 -10.5397  -0.3930  -5.3875  -5.3871   0.9472   0.0000  -0.0332  -1.2500    0.244
    37 -15.6315   1.8843   1.4027  -8.8678  -0.4563  -4.9584  -4.9580   1.0164   0.0000  -0.0562  -1.1186    0.239
    38 -16.2783   1.7561   0.9575  -6.9496  -0.5456  -4.2092  -4.2089   1.0800   0.0000  -0.0870  -0.9010    0.229
    39 -16.8016   1.3043   0.6198  -4.5016  -0.5043  -3.6427  -3.6413   0.7760   0.0000  -0.1315  -0.6836    0.214
    40 -17.1200   0.8402   0.1342  -1.5180  -0.4623  -1.8777  -1.8770   0.2414   0.0000  -0.1272  -0.3033    0.182

  Surface # 3     horizontal_stabilizer                   
     # Chordwise = 10   # Spanwise = 20     First strip = 41
     Surface area =   20.072786       Ave. chord =    2.827143
     CLsurf  =   0.22077     Clsurf  =  -0.01945
     CYsurf  =  -0.00896     Cmsurf  =  -0.96715
     CDsurf  =  -0.01718     Cnsurf  =   0.00041
     CDisurf =  -0.01718     CDvsurf =   0.00000

  Forces referred to Ssurf, Cave about hinge axis thru LE
     CLsurf  =   1.37344     CDsurf  =  -0.10684
     Deflect =

 Strip Forces referred to Strip Area, Chord
    j      Yle    Chord     Area     c cl      ai      cl_norm  cl       cd       cdv    cm_c/4    cm_LE  C.P.x/c
    41   0.0103   4.6946   0.1934   4.8597   0.1352   1.0252   1.0250   0.1483   0.0000   0.0152  -0.2411    0.235
    42   0.0924   4.6512   0.5701   4.8258   0.1304   1.0529   1.0527   0.0045   0.0000   0.0151  -0.2418    0.236
    43   0.2547   4.5656   0.9173   4.8152   0.1256   1.0730   1.0729  -0.0110   0.0000   0.0159  -0.2453    0.235
    44   0.4930   4.4399   1.2180   4.7938   0.1218   1.1011   1.1009  -0.0257   0.0000   0.0167  -0.2507    0.235
    45   0.8160   4.2695   1.5847   4.7527   0.1170   1.1369   1.1367  -0.0361   0.0000   0.0175  -0.2582    0.235
    46   1.2202   4.0563   1.7628   4.6861   0.1002   1.1815   1.1813  -0.0463   0.0000   0.0181  -0.2681    0.235
    47   1.6825   3.8123   1.8577   4.5909   0.0595   1.2333   1.2331  -0.0582   0.0000   0.0185  -0.2797    0.235
    48   2.1917   3.5437   1.8711   4.4727   0.0115   1.2954   1.2952  -0.0771   0.0000   0.0188  -0.2938    0.235
    49   2.7353   3.2569   1.8099   4.3199  -0.0104   1.3617   1.3615  -0.0832   0.0000   0.0197  -0.3088    0.236
    50   3.2997   2.9591   1.6859   4.1555  -0.0132   1.4457   1.4454  -0.1102   0.0000   0.0209  -0.3269    0.236
    51   3.8713   2.6576   1.5141   3.9621  -0.0139   1.5397   1.5395  -0.1452   0.0000   0.0230  -0.3462    0.235
    52   4.4357   2.3597   1.3114   3.7361  -0.0175   1.6390   1.6387  -0.1762   0.0000   0.0254  -0.3667    0.234
    53   4.9793   2.0730   1.0945   3.4674  -0.0238   1.7387   1.7384  -0.2269   0.0000   0.0283  -0.3860    0.234
    54   5.4885   1.8043   0.8792   3.1408  -0.0306   1.8154   1.8151  -0.2698   0.0000   0.0314  -0.3998    0.233
    55   5.9508   1.5604   0.6781   2.7526  -0.0349   1.8420   1.8417  -0.2861   0.0000   0.0356  -0.4014    0.231
    56   6.3550   1.3472   0.5000   2.3073  -0.0326   1.7911   1.7908  -0.2930   0.0000   0.0420  -0.3823    0.227
    57   6.6617   1.1853   0.2890   1.8318  -0.0219   1.6159   1.6157  -0.2633   0.0000   0.0505  -0.3326    0.219
    58   6.8736   1.0735   0.1917   1.3495  -0.0049   1.3134   1.3132  -0.2082   0.0000   0.0557  -0.2560    0.208
    59   7.0178   0.9975   0.1087   0.8298   0.0143   0.8655   0.8654  -0.1172   0.0000   0.0495  -0.1569    0.193
    60   7.0908   0.9589   0.0351   0.2808   0.0301   0.3032   0.3032  -0.0333   0.0000   0.0214  -0.0513    0.180

  Surface # 4     horizontal_stabilizer (YDUP)            
     # Chordwise = 10   # Spanwise = 20     First strip = 61
     Surface area =   20.072786       Ave. chord =    2.827143
     CLsurf  =   0.22077     Clsurf  =   0.01945
     CYsurf  =   0.00896     Cmsurf  =  -0.96715
     CDsurf  =  -0.01718     Cnsurf  =  -0.00041
     CDisurf =  -0.01718     CDvsurf =   0.00000

  Forces referred to Ssurf, Cave about hinge axis thru LE
     CLsurf  =   1.37344     CDsurf  =  -0.10684
     Deflect =

 Strip Forces referred to Strip Area, Chord
    j      Yle    Chord     Area     c cl      ai      cl_norm  cl       cd       cdv    cm_c/4    cm_LE  C.P.x/c
    61  -0.0103   4.6946   0.1934   4.8597   0.1352   1.0252   1.0250   0.1483   0.0000   0.0152   0.2411    0.235
    62  -0.0924   4.6512   0.5701   4.8258   0.1304   1.0529   1.0527   0.0045   0.0000   0.0151   0.2418    0.236
    63  -0.2547   4.5656   0.9173   4.8152   0.1256   1.0730   1.0729  -0.0110   0.0000   0.0159   0.2453    0.235
    64  -0.4930   4.4399   1.2180   4.7938   0.1218   1.1011   1.1009  -0.0257   0.0000   0.0167   0.2507    0.235
    65  -0.8160   4.2695   1.5847   4.7527   0.1170   1.1369   1.1367  -0.0361   0.0000   0.0175   0.2582    0.235
    66  -1.2202   4.0563   1.7628   4.6861   0.1002   1.1815   1.1813  -0.0463   0.0000   0.0181   0.2681    0.235
    67  -1.6825   3.8123   1.8577   4.5909   0.0595   1.2333   1.2331  -0.0582   0.0000   0.0185   0.2797    0.235
    68  -2.1917   3.5437   1.8711   4.4727   0.0115   1.2954   1.2952  -0.0771   0.0000   0.0188   0.2938    0.235
    69  -2.7353   3.2569   1.8099   4.3199  -0.0104   1.3617   1.3615  -0.0832   0.0000   0.0197   0.3088    0.236
    70  -3.2997   2.9591   1.6859   4.1555  -0.0132   1.4457   1.4454  -0.1102   0.0000   0.0209   0.3269    0.236
    71  -3.8713   2.6576   1.5141   3.9621  -0.0139   1.5397   1.5395  -0.1452   0.0000   0.0230   0.3462    0.235
    72  -4.4357   2.3597   1.3114   3.7361  -0.0175   1.6390   1.6387  -0.1762   0.0000   0.0254   0.3667    0.234
    73  -4.9793   2.0730   1.0945   3.4673  -0.0238   1.7387   1.7384  -0.2269   0.0000   0.0283   0.3860    0.234
    74  -5.4885   1.8043   0.8792   3.1408  -0.0306   1.8154   1.8151  -0.2698   0.0000   0.0314   0.3998    0.233
    75  -5.9508   1.5604   0.6781   2.7525  -0.0349   1.8420   1.8417  -0.2861   0.0000   0.0356   0.4014    0.231
    76  -6.3550   1.3472   0.5000   2.3073  -0.0326   1.7910   1.7908  -0.2930   0.0000   0.0420   0.3823    0.227
    77  -6.6617   1.1853   0.2890   1.8318  -0.0219   1.6159   1.6157  -0.2633   0.0000   0.0505   0.3326    0.219
    78  -6.8736   1.0735   0.1917   1.3495  -0.0049   1.3134   1.3132  -0.2082   0.0000   0.0557   0.2560    0.208
    79  -7.0178   0.9975   0.1087   0.8297   0.0143   0.8655   0.8654  -0.1172   0.0000   0.0495   0.1569    0.193
    80  -7.0908   0.9589   0.0351   0.2808   0.0301   0.3032   0.3032  -0.0333   0.0000   0.0214   0.0513    0.180

  Surface # 5     vertical_stabilizer                     
     # Chordwise = 10   # Spanwise = 20     First strip = 81
     Surface area =   26.974527       Ave. chord =    3.612513
     CLsurf  =   0.00000     Clsurf  =  -0.00000
     CYsurf  =  -0.00000     Cmsurf  =  -0.00000
     CDsurf  =  -0.00000     Cnsurf  =   0.00000
     CDisurf =  -0.00000     CDvsurf =   0.00000

  Forces referred to Ssurf, Cave about hinge axis thru LE
     CLsurf  =   0.00000     CDsurf  =  -0.00000
     Deflect =

 Strip Forces referred to Strip Area, Chord
    j      Yle    Chord     Area     c cl      ai      cl_norm  cl       cd       cdv    cm_c/4    cm_LE  C.P.x/c
    81   0.0000   8.1033   0.7081   0.0000  -0.0000   0.0000   0.0000  -0.0000   0.0000  -0.0000  -0.0000    0.337
    82   0.0000   7.7953   1.2357   0.0000   0.0000   0.0000   0.0000  -0.0000   0.0000  -0.0000  -0.0000    0.314
    83   0.0000   7.3128   1.6577   0.0000  -0.0000   0.0000   0.0000  -0.0000   0.0000  -0.0000  -0.0000    0.325
    84   0.0000   6.6651   1.9342   0.0000  -0.0000   0.0000   0.0000  -0.0000   0.0000  -0.0000  -0.0000    0.373
    85   0.0000   5.8661   2.0384   0.0000  -0.0000   0.0000   0.0000  -0.0000   0.0000  -0.0000  -0.0000    0.347
    86   0.0000   4.9330   1.9589   0.0000  -0.0000   0.0000   0.0000  -0.0000   0.0000  -0.0000  -0.0000    0.374
    87   0.0000   4.2949   2.2317   0.0000  -0.0000   0.0000   0.0000  -0.0000   0.0000   0.0000  -0.0000    0.200
    88   0.0000   4.0244   2.2380   0.0000  -0.0000   0.0000   0.0000  -0.0000   0.0000   0.0000  -0.0000    0.221
    89   0.0000   3.7387   2.1678   0.0000   0.0000   0.0000   0.0000  -0.0000   0.0000  -0.0000  -0.0000    0.263
    90   0.0000   3.4444   2.0327   0.0000  -0.0000   0.0000   0.0000  -0.0000   0.0000  -0.0000  -0.0000    0.258
    91   0.0000   3.1483   1.8474   0.0000  -0.0000   0.0000   0.0000  -0.0000   0.0000  -0.0000  -0.0000    0.273
    92   0.0000   2.8574   1.6279   0.0000  -0.0000   0.0000   0.0000  -0.0000   0.0000  -0.0000  -0.0000    0.256
    93   0.0000   2.5785   1.3906   0.0000  -0.0000   0.0000   0.0000  -0.0000   0.0000  -0.0000  -0.0000    0.270
    94   0.0000   2.3180   1.1503   0.0000  -0.0000   0.0000   0.0000  -0.0000   0.0000  -0.0000  -0.0000    0.280
    95   0.0000   2.0821   0.9193   0.0000  -0.0000   0.0000   0.0000  -0.0000   0.0000  -0.0000  -0.0000    0.292
    96   0.0000   1.8763   0.7063   0.0000  -0.0000   0.0000   0.0000  -0.0000   0.0000  -0.0000  -0.0000    0.265
    97   0.0000   1.7056   0.5158   0.0000  -0.0000   0.0000   0.0000  -0.0000   0.0000  -0.0000  -0.0000    0.275
    98   0.0000   1.5739   0.3482   0.0000  -0.0000   0.0000   0.0000  -0.0000   0.0000  -0.0000  -0.0000    0.265
    99   0.0000   1.4843   0.2002   0.0000  -0.0000   0.0000   0.0000  -0.0000   0.0000   0.0000  -0.0000    0.244
   100   0.0000   1.4389   0.0652   0.0000  -0.0000   0.0000   0.0000  -0.0000   0.0000   0.0000  -0.0000    0.238

  Surface # 6     fuselage_horizontal                     
     # Chordwise = 10   # Spanwise = 10     First strip =101
     Surface area =  112.392822       Ave. chord =   30.376440
     CLsurf  =   0.01586     Clsurf  =   0.00000
     CYsurf  =   0.00001     Cmsurf  =  -0.01387
     CDsurf  =  -0.00716     Cnsurf  =  -0.00000
     CDisurf =  -0.00716     CDvsurf =   0.00000

  Forces referred to Ssurf, Cave about hinge axis thru LE
     CLsurf  =   0.01762     CDsurf  =  -0.00796
     Deflect =

 Strip Forces referred to Strip Area, Chord
    j      Yle    Chord     Area     c cl      ai      cl_norm  cl       cd       cdv    cm_c/4    cm_LE  C.P.x/c
   101  -1.6650  21.5445   7.9715   0.2320   0.3787   0.0623   0.0046   0.0360   0.0000  -0.0072  -0.0011    1.821
   102  -1.2950  27.3129  10.1058   0.1577   0.3855  -0.0132  -0.0032   0.0515   0.0000  -0.0045  -0.0012
   103  -0.9250  31.3629  11.6043   0.4135   0.3317   0.0169   0.0078   0.0317   0.0000  -0.0052  -0.0023    0.917
   104  -0.5550  34.6182  12.8087   0.6544   0.0856   0.0278   0.0213  -0.0120   0.0000  -0.0039  -0.0032    0.435
   105  -0.1850  37.0437  13.7062   0.9677  -0.0012   0.0454   0.0454  -0.1072   0.0000  -0.0042  -0.0065    0.343
   106   0.1850  37.0437  13.7062   0.9677  -0.0012   0.0454   0.0454  -0.1072   0.0000  -0.0042  -0.0065    0.343
   107   0.5550  34.6182  12.8087   0.6544   0.0856   0.0278   0.0213  -0.0119   0.0000  -0.0039  -0.0032    0.435
   108   0.9250  31.3629  11.6043   0.4135   0.3317   0.0169   0.0078   0.0317   0.0000  -0.0052  -0.0023    0.917
   109   1.2950  27.3129  10.1058   0.1577   0.3855  -0.0132  -0.0032   0.0515   0.0000  -0.0045  -0.0012
   110   1.6650  21.5445   7.9715   0.2320   0.3787   0.0623   0.0046   0.0360   0.0000  -0.0072  -0.0011    1.821

  Surface # 7     fuselage_vertical                       
     # Chordwise = 10   # Spanwise = 10     First strip =111
     Surface area =  114.215408       Ave. chord =   30.376440
     CLsurf  =  -0.00000     Clsurf  =   0.00000
     CYsurf  =  -0.00000     Cmsurf  =   0.00000
     CDsurf  =  -0.00000     Cnsurf  =   0.00000
     CDisurf =  -0.00000     CDvsurf =   0.00000

  Forces referred to Ssurf, Cave about hinge axis thru LE
     CLsurf  =   0.00000     CDsurf  =  -0.00000
     Deflect =

 Strip Forces referred to Strip Area, Chord
    j      Yle    Chord     Area     c cl      ai      cl_norm  cl       cd       cdv    cm_c/4    cm_LE  C.P.x/c
   111   0.0000  21.5445   8.1007  -0.0000   0.0000  -0.0000  -0.0000   0.0000   0.0000   0.0000   0.0000    1.594
   112   0.0000  27.3129  10.2696  -0.0000   0.0000  -0.0000  -0.0000   0.0000   0.0000   0.0000   0.0000
   113   0.0000  31.3629  11.7925  -0.0000  -0.0000  -0.0000  -0.0000   0.0000   0.0000   0.0000   0.0000
   114   0.0000  34.6182  13.0164  -0.0000  -0.0000  -0.0000  -0.0000  -0.0000   0.0000   0.0000   0.0000
   115   0.0000  37.0437  13.9284   0.0000  -0.0000   0.0000   0.0000  -0.0000   0.0000   0.0000   0.0000
   116   0.0000  37.0437  13.9284   0.0000  -0.0000   0.0000   0.0000  -0.0000   0.0000  -0.0000  -0.0000    0.716
   117   0.0000  34.6182  13.0164   0.0000  -0.0000   0.0000   0.0000  -0.0000   0.0000  -0.0000  -0.0000    0.767
   118   0.0000  31.3629  11.7925   0.0000  -0.0000   0.0000   0.0000  -0.0000   0.0000  -0.0000  -0.0000    0.788
   119   0.0000  27.3129  10.2696   0.0000   0.0000   0.0000   0.0000  -0.0000   0.0000  -0.0000  -0.0000    0.794
   120   0.0000  21.5445   8.1007   0.0000   0.0000   0.0002   0.0000  -0.0000   0.0000  -0.0000  -0.0000    0.812
 ---------------------------------------------------------------
