 ---------------------------------------------------------------
 Surface and Strip Forces by surface

  Forces referred to Sref, Cref, Bref about Xref, Yref, Zref
 Standard axis orientation,  X fwd, Z down         

  Surface # 1     main_wing                               
     # Chordwise = 10   # Spanwise = 30     First strip =  1
     Surface area =   63.793327       Ave. chord =    3.717556
     CLsurf  =  -2.64662     Clsurf  =   0.58040
     CYsurf  =   0.07221     Cmsurf  =   0.35128
     CDsurf  =   0.32218     Cnsurf  =   0.11403
     CDisurf =   0.32218     CDvsurf =   0.00000

  Forces referred to Ssurf, Cave about hinge axis thru LE
     CLsurf  =  -5.18037     CDsurf  =   0.63060
     Deflect =

 Strip Forces referred to Strip Area, Chord
    j      Yle    Chord     Area     c cl      ai      cl_norm  cl       cd       cdv    cm_c/4    cm_LE  C.P.x/c
     1   0.0123   7.7514   0.3815 -22.1956  -0.8438  -5.1580  -5.1575 -65.6429   0.0000   1.0130   1.7006    0.446
     2   0.1106   7.6828   1.1303 -24.6524  -0.7703  -3.4234  -3.4231  -6.0805   0.0000   1.0915   1.8627    0.569
     3   0.3062   7.5463   1.8369 -24.6374  -0.6505  -3.3098  -3.3095  -1.2221   0.0000   1.0842   1.8693    0.578
     4   0.5968   7.3435   2.4751 -24.4785  -0.4888  -3.3425  -3.3422  -0.1952   0.0000   1.0375   1.8403    0.560
     5   0.9793   7.0766   3.0215 -22.9410  -0.2846  -3.2025  -3.2022   1.1912   0.0000   0.8841   1.6668    0.526
     6   1.4496   6.7484   3.4567 -23.1717  -0.0446  -3.4158  -3.4155   0.5801   0.0000   0.7203   1.5529    0.461
     7   1.9610   6.3915   3.2367 -22.2547   0.0726  -3.4507  -3.4504   0.9631   0.0000   0.4983   1.3464    0.394
     8   2.4995   6.0157   3.4229 -22.2533   0.0246  -3.6739  -3.6735   0.7993   0.0000   0.3689   1.2725    0.350
     9   3.0975   5.5984   3.5010 -21.8001  -0.0425  -3.8559  -3.8555   1.1700   0.0000   0.2556   1.2090    0.316
    10   3.7485   5.1441   3.4716 -22.4710  -0.1262  -4.3381  -4.3377   0.9525   0.0000   0.1930   1.2640    0.294
    11   4.4453   4.6578   3.3395 -22.1556  -0.2218  -4.7146  -4.7142   1.3010   0.0000   0.0983   1.2664    0.271
    12   5.1804   4.1448   3.1137 -22.9854  -0.3217  -5.4924  -5.4919   1.6351   0.0000   0.0216   1.3850    0.254
    13   6.0123   3.7903   3.4546 -23.0012  -0.4184  -6.0090  -6.0086   1.8171   0.0000  -0.0196   1.4951    0.247
    14   6.9353   3.6074   3.3620 -22.8501  -0.4557  -6.2791  -6.2787   1.6974   0.0000  -0.0265   1.5545    0.246
    15   7.8737   3.4215   3.2240 -22.3928  -0.4639  -6.4935  -6.4931   1.5920   0.0000  -0.0252   1.6084    0.246
    16   8.8173   3.2345   3.0478 -21.7130  -0.4521  -6.6649  -6.6645   1.5015   0.0000  -0.0220   1.6535    0.247
    17   9.7557   3.0486   2.8411 -20.8575  -0.4319  -6.7965  -6.7961   1.4249   0.0000  -0.0193   1.6883    0.247
    18  10.6786   2.8657   2.6118 -19.8693  -0.4119  -6.8906  -6.8901   1.3624   0.0000  -0.0178   1.7128    0.247
    19  11.5760   2.6879   2.3677 -18.7801  -0.3973  -6.9456  -6.9452   1.3177   0.0000  -0.0177   1.7263    0.247
    20  12.4467   2.5153   2.1582 -17.6057  -0.3898  -6.9589  -6.9585   1.2917   0.0000  -0.0193   1.7277    0.247
    21  13.2645   2.3533   1.8259 -16.3734  -0.3927  -6.9173  -6.9168   1.2900   0.0000  -0.0234   1.7132    0.247
    22  14.0130   2.2050   1.5853 -15.0934  -0.4079  -6.8037  -6.8033   1.3179   0.0000  -0.0303   1.6782    0.246
    23  14.7005   2.0687   1.3533 -13.7500  -0.4378  -6.6031  -6.6027   1.3707   0.0000  -0.0419   1.6171    0.244
    24  15.3195   1.9461   1.1330 -12.3082  -0.4853  -6.2782  -6.2778   1.4487   0.0000  -0.0594   1.5193    0.241
    25  15.8633   1.8383   0.9263 -10.7184  -0.5516  -5.7805  -5.7801   1.5454   0.0000  -0.0826   1.3728    0.236
    26  16.3259   1.7467   0.7336  -8.9335  -0.6366  -5.0596  -5.0593   1.6718   0.0000  -0.1099   1.1668    0.228
    27  16.6722   1.4928   0.4112  -6.9214  -0.5987  -4.5941  -4.5924   1.3446   0.0000  -0.1458   0.9467    0.218
    28  16.9098   1.1466   0.2281  -4.9290  -0.5164  -4.2759  -4.2743   0.7723   0.0000  -0.1850   0.8311    0.207
    29  17.0696   0.9137   0.1099  -2.9550  -0.4892  -3.2242  -3.2230   0.3720   0.0000  -0.1884   0.5793    0.192
    30  17.1499   0.7966   0.0321  -0.9867  -0.4997  -1.2378  -1.2373   0.0549   0.0000  -0.0911   0.2041    0.176

  Surface # 2     main_wing (YDUP)                        
     # Chordwise = 10   # Spanwise = 30     First strip = 31
     Surface area =   63.793327       Ave. chord =    3.717556
     CLsurf  =  -2.64660     Clsurf  =  -0.58039
     CYsurf  =  -0.07221     Cmsurf  =   0.35128
     CDsurf  =   0.32216     Cnsurf  =  -0.11403
     CDisurf =   0.32216     CDvsurf =   0.00000

  Forces referred to Ssurf, Cave about hinge axis thru LE
     CLsurf  =  -5.18033     CDsurf  =   0.63057
     Deflect =

 Strip Forces referred to Strip Area, Chord
    j      Yle    Chord     Area     c cl      ai      cl_norm  cl       cd       cdv    cm_c/4    cm_LE  C.P.x/c
    31  -0.0123   7.7514   0.3815 -22.1956  -0.8435  -5.1579  -5.1575 -65.6429   0.0000   1.0130  -1.7006    0.446
    32  -0.1106   7.6828   1.1303 -24.6524  -0.7703  -3.4234  -3.4231  -6.0806   0.0000   1.0915  -1.8627    0.569
    33  -0.3062   7.5463   1.8369 -24.6374  -0.6505  -3.3098  -3.3095  -1.2219   0.0000   1.0842  -1.8693    0.578
    34  -0.5968   7.3435   2.4751 -24.4784  -0.4887  -3.3425  -3.3422  -0.1954   0.0000   1.0375  -1.8403    0.560
    35  -0.9793   7.0766   3.0215 -22.9409  -0.2846  -3.2025  -3.2022   1.1912   0.0000   0.8841  -1.6668    0.526
    36  -1.4496   6.7484   3.4567 -23.1715  -0.0446  -3.4158  -3.4155   0.5801   0.0000   0.7203  -1.5529    0.461
    37  -1.9610   6.3915   3.2367 -22.2545   0.0726  -3.4507  -3.4504   0.9631   0.0000   0.4983  -1.3464    0.394
    38  -2.4995   6.0157   3.4229 -22.2531   0.0246  -3.6738  -3.6735   0.7993   0.0000   0.3689  -1.2725    0.350
    39  -3.0975   5.5984   3.5010 -21.8000  -0.0425  -3.8558  -3.8555   1.1699   0.0000   0.2556  -1.2090    0.316
    40  -3.7485   5.1441   3.4716 -22.4708  -0.1262  -4.3381  -4.3377   0.9525   0.0000   0.1930  -1.2640    0.294
    41  -4.4453   4.6578   3.3395 -22.1554  -0.2218  -4.7145  -4.7141   1.3010   0.0000   0.0983  -1.2664    0.271
    42  -5.1804   4.1448   3.1137 -22.9852  -0.3217  -5.4924  -5.4919   1.6350   0.0000   0.0216  -1.3850    0.254
    43  -6.0123   3.7903   3.4546 -23.0011  -0.4184  -6.0090  -6.0086   1.8170   0.0000  -0.0196  -1.4951    0.247
    44  -6.9353   3.6074   3.3620 -22.8500  -0.4557  -6.2791  -6.2787   1.6974   0.0000  -0.0265  -1.5545    0.246
    45  -7.8737   3.4215   3.2240 -22.3927  -0.4639  -6.4935  -6.4931   1.5919   0.0000  -0.0252  -1.6084    0.246
    46  -8.8173   3.2345   3.0478 -21.7129  -0.4521  -6.6649  -6.6645   1.5015   0.0000  -0.0220  -1.6535    0.247
    47  -9.7557   3.0486   2.8411 -20.8573  -0.4319  -6.7965  -6.7961   1.4248   0.0000  -0.0193  -1.6883    0.247
    48 -10.6786   2.8657   2.6118 -19.8691  -0.4119  -6.8905  -6.8901   1.3624   0.0000  -0.0178  -1.7128    0.247
    49 -11.5760   2.6879   2.3677 -18.7799  -0.3973  -6.9456  -6.9451   1.3177   0.0000  -0.0177  -1.7262    0.247
    50 -12.4467   2.5153   2.1582 -17.6055  -0.3898  -6.9588  -6.9584   1.2917   0.0000  -0.0193  -1.7276    0.247
    51 -13.2645   2.3533   1.8259 -16.3732  -0.3927  -6.9172  -6.9168   1.2900   0.0000  -0.0234  -1.7132    0.247
    52 -14.0130   2.2050   1.5853 -15.0932  -0.4079  -6.8036  -6.8032   1.3178   0.0000  -0.0303  -1.6782    0.246
    53 -14.7005   2.0687   1.3533 -13.7498  -0.4378  -6.6030  -6.6026   1.3707   0.0000  -0.0419  -1.6170    0.244
    54 -15.3195   1.9461   1.1330 -12.3080  -0.4853  -6.2781  -6.2778   1.4486   0.0000  -0.0594  -1.5193    0.241
    55 -15.8633   1.8383   0.9263 -10.7183  -0.5516  -5.7804  -5.7800   1.5454   0.0000  -0.0826  -1.3727    0.236
    56 -16.3259   1.7467   0.7336  -8.9334  -0.6366  -5.0596  -5.0593   1.6718   0.0000  -0.1099  -1.1668    0.228
    57 -16.6722   1.4928   0.4112  -6.9213  -0.5987  -4.5941  -4.5924   1.3446   0.0000  -0.1458  -0.9467    0.218
    58 -16.9098   1.1466   0.2281  -4.9290  -0.5164  -4.2759  -4.2743   0.7723   0.0000  -0.1850  -0.8311    0.207
    59 -17.0696   0.9137   0.1099  -2.9550  -0.4892  -3.2241  -3.2229   0.3720   0.0000  -0.1884  -0.5793    0.192
    60 -17.1499   0.7966   0.0321  -0.9866  -0.4997  -1.2378  -1.2373   0.0549   0.0000  -0.0911  -0.2041    0.176

  Surface # 3     horizontal_stabilizer                   
     # Chordwise = 10   # Spanwise = 30     First strip = 61
     Surface area =   20.071465       Ave. chord =    2.826957
     CLsurf  =   0.15060     Clsurf  =  -0.01350
     CYsurf  =   0.00517     Cmsurf  =  -0.67919
     CDsurf  =  -0.03231     Cnsurf  =  -0.00570
     CDisurf =  -0.03231     CDvsurf =   0.00000

  Forces referred to Ssurf, Cave about hinge axis thru LE
     CLsurf  =   0.93677     CDsurf  =  -0.20099
     Deflect =

 Strip Forces referred to Strip Area, Chord
    j      Yle    Chord     Area     c cl      ai      cl_norm  cl       cd       cdv    cm_c/4    cm_LE  C.P.x/c
    61   0.0046   4.6976   0.0861   3.2720  -0.1465   0.6993   0.6992   0.0642   0.0000   0.0100  -0.1624    0.236
    62   0.0412   4.6783   0.2563   3.2398  -0.1481   0.6899   0.6898  -0.0898   0.0000   0.0096  -0.1619    0.236
    63   0.1140   4.6399   0.4206   3.2350  -0.1501   0.6943   0.6942  -0.0998   0.0000   0.0098  -0.1628    0.236
    64   0.2222   4.5828   0.5752   3.2330  -0.1514   0.7023   0.7022  -0.1072   0.0000   0.0102  -0.1644    0.235
    65   0.3647   4.5076   0.7167   3.2272  -0.1515   0.7126   0.7125  -0.1123   0.0000   0.0106  -0.1666    0.235
    66   0.5398   4.4152   0.8422   3.2204  -0.1498   0.7259   0.7257  -0.1169   0.0000   0.0111  -0.1695    0.235
    67   0.7511   4.3037   0.9974   3.2109  -0.1457   0.7423   0.7422  -0.1234   0.0000   0.0117  -0.1731    0.234
    68   0.9975   4.1737   1.0868   3.1960  -0.1400   0.7618   0.7617  -0.1295   0.0000   0.0122  -0.1774    0.234
    69   1.2712   4.0293   1.1531   3.1789  -0.1350   0.7847   0.7846  -0.1384   0.0000   0.0128  -0.1825    0.234
    70   1.5691   3.8721   1.1959   3.1574  -0.1342   0.8110   0.8109  -0.1438   0.0000   0.0134  -0.1885    0.233
    71   1.8880   3.7039   1.2153   3.1334  -0.1388   0.8411   0.8410  -0.1564   0.0000   0.0141  -0.1953    0.233
    72   2.2244   3.5264   1.2123   3.1017  -0.1447   0.8743   0.8741  -0.1705   0.0000   0.0148  -0.2030    0.233
    73   2.5747   3.3416   1.1886   3.0692  -0.1468   0.9131   0.9130  -0.1739   0.0000   0.0158  -0.2117    0.233
    74   2.9349   3.1516   1.1463   3.0279  -0.1450   0.9547   0.9545  -0.1954   0.0000   0.0168  -0.2212    0.232
    75   3.3011   2.9584   1.0879   2.9761  -0.1418   0.9993   0.9992  -0.2139   0.0000   0.0178  -0.2314    0.232
    76   3.6693   2.7641   1.0165   2.9195  -0.1391   1.0490   1.0489  -0.2298   0.0000   0.0191  -0.2424    0.232
    77   4.0356   2.5709   0.9351   2.8417  -0.1375   1.0971   1.0969  -0.2606   0.0000   0.0201  -0.2536    0.232
    78   4.3958   2.3808   0.8469   2.7489  -0.1372   1.1449   1.1448  -0.3009   0.0000   0.0212  -0.2647    0.231
    79   4.7460   2.1961   0.7550   2.6474  -0.1381   1.1957   1.1955  -0.3076   0.0000   0.0227  -0.2758    0.231
    80   5.0824   2.0186   0.6623   2.5187  -0.1400   1.2372   1.2370  -0.3295   0.0000   0.0239  -0.2851    0.231
    81   5.4013   1.8503   0.5714   2.3707  -0.1426   1.2703   1.2701  -0.3415   0.0000   0.0252  -0.2921    0.230
    82   5.6992   1.6931   0.4845   2.2025  -0.1451   1.2891   1.2889  -0.3636   0.0000   0.0266  -0.2956    0.229
    83   5.9729   1.5487   0.4033   2.0148  -0.1469   1.2887   1.2885  -0.3783   0.0000   0.0283  -0.2939    0.228
    84   6.2193   1.4187   0.3288   1.8144  -0.1471   1.2672   1.2670  -0.3615   0.0000   0.0308  -0.2860    0.226
    85   6.4358   1.3045   0.2616   1.5978  -0.1452   1.2131   1.2130  -0.3604   0.0000   0.0338  -0.2696    0.222
    86   6.6379   1.1979   0.2413   1.3606  -0.1404   1.1256   1.1254  -0.3187   0.0000   0.0380  -0.2435    0.216
    87   6.8184   1.1027   0.1754   1.0851  -0.1327   0.9751   0.9750  -0.2782   0.0000   0.0411  -0.2028    0.208
    88   6.9555   1.0303   0.1183   0.7934  -0.1232   0.7636   0.7635  -0.2013   0.0000   0.0408  -0.1502    0.197
    89   7.0478   0.9816   0.0681   0.4829  -0.1135   0.4878   0.4877  -0.1295   0.0000   0.0318  -0.0902    0.185
    90   7.0942   0.9572   0.0222   0.1624  -0.1061   0.1684   0.1683  -0.0415   0.0000   0.0125  -0.0297    0.176

  Surface # 4     horizontal_stabilizer (YDUP)            
     # Chordwise = 10   # Spanwise = 30     First strip = 91
     Surface area =   20.071465       Ave. chord =    2.826957
     CLsurf  =   0.15060     Clsurf  =   0.01350
     CYsurf  =  -0.00517     Cmsurf  =  -0.67917
     CDsurf  =  -0.03231     Cnsurf  =   0.00570
     CDisurf =  -0.03231     CDvsurf =   0.00000

  Forces referred to Ssurf, Cave about hinge axis thru LE
     CLsurf  =   0.93675     CDsurf  =  -0.20099
     Deflect =

 Strip Forces referred to Strip Area, Chord
    j      Yle    Chord     Area     c cl      ai      cl_norm  cl       cd       cdv    cm_c/4    cm_LE  C.P.x/c
    91  -0.0046   4.6976   0.0861   3.2720  -0.1465   0.6993   0.6992   0.0642   0.0000   0.0100   0.1624    0.236
    92  -0.0412   4.6783   0.2563   3.2397  -0.1480   0.6899   0.6898  -0.0898   0.0000   0.0096   0.1619    0.236
    93  -0.1140   4.6399   0.4206   3.2350  -0.1501   0.6943   0.6942  -0.0998   0.0000   0.0098   0.1628    0.236
    94  -0.2222   4.5828   0.5752   3.2330  -0.1514   0.7023   0.7022  -0.1072   0.0000   0.0102   0.1644    0.235
    95  -0.3647   4.5076   0.7167   3.2272  -0.1515   0.7126   0.7125  -0.1123   0.0000   0.0106   0.1666    0.235
    96  -0.5398   4.4152   0.8422   3.2204  -0.1498   0.7259   0.7257  -0.1169   0.0000   0.0111   0.1695    0.235
    97  -0.7511   4.3037   0.9974   3.2108  -0.1457   0.7423   0.7422  -0.1234   0.0000   0.0117   0.1731    0.234
    98  -0.9975   4.1737   1.0868   3.1960  -0.1400   0.7618   0.7617  -0.1295   0.0000   0.0122   0.1774    0.234
    99  -1.2712   4.0293   1.1531   3.1789  -0.1350   0.7847   0.7846  -0.1384   0.0000   0.0128   0.1825    0.234
   100  -1.5691   3.8721   1.1959   3.1573  -0.1342   0.8110   0.8109  -0.1438   0.0000   0.0134   0.1885    0.233
   101  -1.8880   3.7039   1.2153   3.1333  -0.1388   0.8411   0.8410  -0.1564   0.0000   0.0141   0.1953    0.233
   102  -2.2244   3.5264   1.2123   3.1016  -0.1447   0.8743   0.8741  -0.1705   0.0000   0.0148   0.2030    0.233
   103  -2.5747   3.3416   1.1886   3.0691  -0.1468   0.9131   0.9129  -0.1739   0.0000   0.0158   0.2117    0.233
   104  -2.9349   3.1516   1.1463   3.0278  -0.1450   0.9546   0.9545  -0.1954   0.0000   0.0168   0.2212    0.232
   105  -3.3011   2.9584   1.0879   2.9761  -0.1418   0.9993   0.9991  -0.2138   0.0000   0.0178   0.2314    0.232
   106  -3.6693   2.7641   1.0165   2.9194  -0.1391   1.0490   1.0488  -0.2298   0.0000   0.0191   0.2424    0.232
   107  -4.0356   2.5709   0.9351   2.8416  -0.1375   1.0970   1.0969  -0.2606   0.0000   0.0201   0.2536    0.232
   108  -4.3958   2.3808   0.8469   2.7488  -0.1372   1.1449   1.1447  -0.3009   0.0000   0.0212   0.2647    0.231
   109  -4.7460   2.1961   0.7550   2.6473  -0.1381   1.1957   1.1955  -0.3075   0.0000   0.0227   0.2758    0.231
   110  -5.0824   2.0186   0.6623   2.5187  -0.1400   1.2372   1.2370  -0.3295   0.0000   0.0239   0.2851    0.231
   111  -5.4013   1.8503   0.5714   2.3706  -0.1426   1.2703   1.2701  -0.3415   0.0000   0.0252   0.2921    0.230
   112  -5.6992   1.6931   0.4845   2.2024  -0.1451   1.2891   1.2889  -0.3636   0.0000   0.0266   0.2956    0.229
   113  -5.9729   1.5487   0.4033   2.0147  -0.1469   1.2886   1.2884  -0.3783   0.0000   0.0283   0.2939    0.228
   114  -6.2193   1.4187   0.3288   1.8143  -0.1471   1.2672   1.2670  -0.3615   0.0000   0.0308   0.2860    0.226
   115  -6.4358   1.3045   0.2616   1.5978  -0.1452   1.2131   1.2129  -0.3604   0.0000   0.0338   0.2696    0.222
   116  -6.6379   1.1979   0.2413   1.3606  -0.1404   1.1255   1.1254  -0.3187   0.0000   0.0380   0.2435    0.216
   117  -6.8184   1.1027   0.1754   1.0851  -0.1327   0.9751   0.9749  -0.2782   0.0000   0.0411   0.2028    0.208
   118  -6.9555   1.0303   0.1183   0.7934  -0.1232   0.7636   0.7635  -0.2013   0.0000   0.0408   0.1502    0.197
   119  -7.0478   0.9816   0.0681   0.4829  -0.1135   0.4877   0.4877  -0.1295   0.0000   0.0318   0.0902    0.185
   120  -7.0942   0.9572   0.0222   0.1624  -0.1061   0.1684   0.1683  -0.0415   0.0000   0.0125   0.0297    0.176

  Surface # 5     vertical_stabilizer                     
     # Chordwise = 10   # Spanwise = 30     First strip =121
     Surface area =   27.880133       Ave. chord =    3.584947
     CLsurf  =   0.00000     Clsurf  =  -0.00000
     CYsurf  =  -0.00000     Cmsurf  =  -0.00000
     CDsurf  =  -0.00000     Cnsurf  =   0.00000
     CDisurf =  -0.00000     CDvsurf =   0.00000

  Forces referred to Ssurf, Cave about hinge axis thru LE
     CLsurf  =   0.00000     CDsurf  =  -0.00000
     Deflect =

 Strip Forces referred to Strip Area, Chord
    j      Yle    Chord     Area     c cl      ai      cl_norm  cl       cd       cdv    cm_c/4    cm_LE  C.P.x/c
   121   0.0000   8.1257   0.4979   0.0000  -0.0000   0.0000   0.0000  -0.0000   0.0000   0.0000   0.0000   -0.351
   122   0.0000   7.9240   0.7939   0.0000   0.0000   0.0000   0.0000  -0.0000   0.0000   0.0000   0.0000   -0.350
   123   0.0000   7.6259   1.0550   0.0000   0.0000   0.0000   0.0000  -0.0000   0.0000   0.0000   0.0000   -0.383
   124   0.0000   7.2338   1.2682   0.0000  -0.0000   0.0000   0.0000  -0.0000   0.0000   0.0000   0.0000   -0.411
   125   0.0000   6.7513   1.4226   0.0000  -0.0000   0.0000   0.0000  -0.0000   0.0000   0.0000   0.0000   -0.369
   126   0.0000   6.1827   1.5094   0.0000  -0.0000   0.0000   0.0000  -0.0000   0.0000   0.0000   0.0000   -0.344
   127   0.0000   5.5336   1.5228   0.0000  -0.0000   0.0000   0.0000  -0.0000   0.0000   0.0000   0.0000   -0.206
   128   0.0000   4.8100   1.4602   0.0000  -0.0000   0.0000   0.0000  -0.0000   0.0000   0.0000   0.0000   -0.100
   129   0.0000   4.3478   1.3898   0.0000  -0.0000   0.0000   0.0000  -0.0000   0.0000   0.0000  -0.0000    0.039
   130   0.0000   4.1900   1.4293   0.0000  -0.0000   0.0000   0.0000  -0.0000   0.0000   0.0000  -0.0000    0.067
   131   0.0000   4.0228   1.4447   0.0000  -0.0000   0.0000   0.0000  -0.0000   0.0000   0.0000  -0.0000    0.109
   132   0.0000   3.8479   1.4371   0.0000  -0.0000   0.0000   0.0000  -0.0000   0.0000   0.0000  -0.0000    0.128
   133   0.0000   3.6670   1.4082   0.0000  -0.0000   0.0000   0.0000  -0.0000   0.0000   0.0000  -0.0000    0.154
   134   0.0000   3.4821   1.3602   0.0000  -0.0000   0.0000   0.0000  -0.0000   0.0000   0.0000  -0.0000    0.169
   135   0.0000   3.2949   1.2955   0.0000  -0.0000   0.0000   0.0000  -0.0000   0.0000   0.0000  -0.0000    0.186
   136   0.0000   3.1075   1.2172   0.0000  -0.0000   0.0000   0.0000  -0.0000   0.0000   0.0000  -0.0000    0.193
   137   0.0000   2.9218   1.1282   0.0000  -0.0000   0.0000   0.0000  -0.0000   0.0000   0.0000  -0.0000    0.200
   138   0.0000   2.7397   1.0316   0.0000  -0.0000   0.0000   0.0000  -0.0000   0.0000   0.0000  -0.0000    0.212
   139   0.0000   2.5631   0.9305   0.0000  -0.0000   0.0000   0.0000  -0.0000   0.0000   0.0000  -0.0000    0.213
   140   0.0000   2.3939   0.8277   0.0000  -0.0000   0.0000   0.0000  -0.0000   0.0000   0.0000  -0.0000    0.219
   141   0.0000   2.2338   0.7257   0.0000  -0.0000   0.0000   0.0000  -0.0000   0.0000   0.0000  -0.0000    0.219
   142   0.0000   2.0845   0.6265   0.0000  -0.0000   0.0000   0.0000  -0.0000   0.0000   0.0000  -0.0000    0.219
   143   0.0000   1.9475   0.5319   0.0000  -0.0000   0.0000   0.0000  -0.0000   0.0000   0.0000  -0.0000    0.216
   144   0.0000   1.8243   0.4429   0.0000  -0.0000   0.0000   0.0000  -0.0000   0.0000   0.0000  -0.0000    0.214
   145   0.0000   1.7162   0.3603   0.0000  -0.0000   0.0000   0.0000  -0.0000   0.0000   0.0000  -0.0000    0.207
   146   0.0000   1.6244   0.2840   0.0000  -0.0000   0.0000   0.0000  -0.0000   0.0000   0.0000  -0.0000    0.206
   147   0.0000   1.5497   0.2138   0.0000  -0.0000   0.0000   0.0000  -0.0000   0.0000   0.0000  -0.0000    0.195
   148   0.0000   1.4930   0.1487   0.0000  -0.0000   0.0000   0.0000  -0.0000   0.0000   0.0000  -0.0000    0.191
   149   0.0000   1.4548   0.0875   0.0000  -0.0000   0.0000   0.0000  -0.0000   0.0000   0.0000  -0.0000    0.185
   150   0.0000   1.4357   0.0289   0.0000  -0.0000   0.0000   0.0000  -0.0000   0.0000   0.0000  -0.0000    0.178

  Surface # 6     fuselage_horizontal                     
     # Chordwise = 10   # Spanwise = 10     First strip =151
     Surface area =  123.841209       Ave. chord =   33.112621
     CLsurf  =  -0.00086     Clsurf  =  -0.00000
     CYsurf  =  -0.00000     Cmsurf  =  -0.10020
     CDsurf  =  -0.02052     Cnsurf  =  -0.00000
     CDisurf =  -0.02052     CDvsurf =   0.00000

  Forces referred to Ssurf, Cave about hinge axis thru LE
     CLsurf  =  -0.00087     CDsurf  =  -0.02068
     Deflect =

 Strip Forces referred to Strip Area, Chord
    j      Yle    Chord     Area     c cl      ai      cl_norm  cl       cd       cdv    cm_c/4    cm_LE  C.P.x/c
   151  -1.6830  26.5957   9.9468   0.1431   0.1583   0.0697   0.0056   0.0063   0.0000  -0.0152  -0.0022
   152  -1.3090  31.2096  11.6724   0.0817   0.0027   0.0097   0.0025  -0.0035   0.0000  -0.0151  -0.0039
   153  -0.9350  34.0626  12.7394  -0.0268  -0.1696  -0.0032  -0.0013  -0.0155   0.0000  -0.0129  -0.0042
   154  -0.5610  36.1619  13.5246  -0.0957  -0.2471  -0.0062  -0.0037  -0.0299   0.0000  -0.0111  -0.0047
   155  -0.1870  37.5333  14.0374  -0.1266  -0.2806  -0.0059  -0.0051  -0.0499   0.0000  -0.0098  -0.0062
   156   0.1870  37.5333  14.0374  -0.1266  -0.2806  -0.0059  -0.0051  -0.0499   0.0000  -0.0098  -0.0062
   157   0.5610  36.1619  13.5246  -0.0957  -0.2471  -0.0062  -0.0037  -0.0299   0.0000  -0.0111  -0.0047
   158   0.9350  34.0626  12.7394  -0.0268  -0.1696  -0.0032  -0.0013  -0.0155   0.0000  -0.0129  -0.0042
   159   1.3090  31.2096  11.6724   0.0817   0.0026   0.0097   0.0025  -0.0035   0.0000  -0.0151  -0.0039
   160   1.6830  26.5957   9.9468   0.1431   0.1583   0.0697   0.0056   0.0063   0.0000  -0.0152  -0.0022

  Surface # 7     fuselage_vertical                       
     # Chordwise = 10   # Spanwise = 10     First strip =161
     Surface area =  123.841209       Ave. chord =   33.112621
     CLsurf  =  -0.00000     Clsurf  =  -0.00000
     CYsurf  =  -0.00000     Cmsurf  =   0.00000
     CDsurf  =  -0.00000     Cnsurf  =   0.00000
     CDisurf =  -0.00000     CDvsurf =   0.00000

  Forces referred to Ssurf, Cave about hinge axis thru LE
     CLsurf  =   0.00000     CDsurf  =  -0.00000
     Deflect =

 Strip Forces referred to Strip Area, Chord
    j      Yle    Chord     Area     c cl      ai      cl_norm  cl       cd       cdv    cm_c/4    cm_LE  C.P.x/c
   161   0.0000  26.5957   9.9468   0.0000   0.0000   0.0000   0.0000   0.0000   0.0000  -0.0000  -0.0000    0.677
   162   0.0000  31.2096  11.6724   0.0000   0.0001   0.0000   0.0000  -0.0000   0.0000  -0.0000  -0.0000    0.637
   163   0.0000  34.0626  12.7394   0.0000  -0.0000   0.0000   0.0000  -0.0000   0.0000  -0.0000  -0.0000    0.637
   164   0.0000  36.1619  13.5246   0.0000  -0.0000   0.0000   0.0000  -0.0000   0.0000  -0.0000  -0.0000    0.631
   165   0.0000  37.5333  14.0374   0.0000  -0.0000   0.0000   0.0000  -0.0000   0.0000  -0.0000  -0.0000    0.614
   166   0.0000  37.5333  14.0374   0.0000  -0.0000   0.0000   0.0000  -0.0000   0.0000  -0.0000  -0.0000    0.573
   167   0.0000  36.1619  13.5246   0.0000  -0.0000   0.0000   0.0000  -0.0000   0.0000  -0.0000  -0.0000    0.545
   168   0.0000  34.0626  12.7394   0.0000  -0.0000   0.0000   0.0000  -0.0000   0.0000  -0.0000  -0.0000    0.487
   169   0.0000  31.2096  11.6724   0.0000   0.0000   0.0000   0.0000  -0.0000   0.0000  -0.0000  -0.0000    0.385
   170   0.0000  26.5957   9.9468   0.0000  -0.0000   0.0000   0.0000  -0.0000   0.0000   0.0000   0.0000    0.144
 ---------------------------------------------------------------
