 ---------------------------------------------------------------
 Surface and Strip Forces by surface

  Forces referred to Sref, Cref, Bref about Xref, Yref, Zref
 Standard axis orientation,  X fwd, Z down         

  Surface # 1     main_wing                               
     # Chordwise = 10   # Spanwise = 30     First strip =  1
     Surface area =   63.968842       Ave. chord =    3.715026
     CLsurf  =   0.42996     Clsurf  =  -0.08592
     CYsurf  =  -0.02789     Cmsurf  =  -0.40365
     CDsurf  =   0.01572     Cnsurf  =  -0.00480
     CDisurf =   0.01572     CDvsurf =   0.00000

  Forces referred to Ssurf, Cave about hinge axis thru LE
     CLsurf  =   0.84100     CDsurf  =   0.03068
     Deflect =

 Strip Forces referred to Strip Area, Chord
    j      Yle    Chord     Area     c cl      ai      cl_norm  cl       cd       cdv    cm_c/4    cm_LE  C.P.x/c
     1   0.0114   7.7520   0.3539   5.5489   0.1515   0.8252   0.6388   0.9100   0.0000  -0.0657  -0.2002    0.353
     2   0.1025   7.6885   1.0491   4.8693   0.1511   0.8044   0.6227   0.1490   0.0000  -0.0605  -0.1792    0.347
     3   0.2837   7.5620   1.7073   4.8122   0.1500   0.8141   0.6303   0.0972   0.0000  -0.0586  -0.1783    0.343
     4   0.5530   7.3741   2.3052   4.7858   0.1476   0.8320   0.6441   0.0845   0.0000  -0.0554  -0.1783    0.336
     5   0.9075   7.1267   2.8223   4.7527   0.1427   0.8557   0.6625   0.0795   0.0000  -0.0513  -0.1787    0.328
     6   1.3432   6.8226   3.2414   4.7013   0.1332   0.8851   0.6852   0.0742   0.0000  -0.0471  -0.1798    0.319
     7   1.8554   6.4651   3.5491   4.6205   0.1161   0.9194   0.7118   0.0645   0.0000  -0.0434  -0.1821    0.311
     8   2.4386   6.0582   3.7368   4.5064   0.0988   0.9582   0.7418   0.0557   0.0000  -0.0405  -0.1857    0.305
     9   3.0862   5.6062   3.8005   4.3576   0.0872   1.0029   0.7764   0.0442   0.0000  -0.0386  -0.1910    0.300
    10   3.7613   5.1351   3.4440   4.2092   0.0761   1.0591   0.8199   0.0339   0.0000  -0.0362  -0.1978    0.294
    11   4.4532   4.6522   3.3149   3.9819   0.0633   1.1069   0.8569   0.0263   0.0000  -0.0341  -0.2035    0.290
    12   5.1831   4.1429   3.0930   3.7742   0.0439   1.1802   0.9136   0.0101   0.0000  -0.0328  -0.2138    0.286
    13   6.0123   3.7903   3.4706   3.5561   0.0304   1.1536   0.9414   0.0046   0.0000  -0.0247  -0.2330    0.276
    14   6.9353   3.6075   3.3775   3.3813   0.0310   1.1527   0.9406   0.0034   0.0000  -0.0228  -0.2311    0.274
    15   7.8737   3.4215   3.2389   3.2197   0.0295   1.1574   0.9445   0.0015   0.0000  -0.0222  -0.2314    0.273
    16   8.8172   3.2345   3.0619   3.0626   0.0284   1.1648   0.9505  -0.0009   0.0000  -0.0224  -0.2329    0.274
    17   9.7556   3.0486   2.8543   2.9067   0.0285   1.1732   0.9573  -0.0030   0.0000  -0.0232  -0.2351    0.274
    18  10.6786   2.8657   2.6239   2.7520   0.0296   1.1819   0.9644  -0.0053   0.0000  -0.0241  -0.2375    0.275
    19  11.5760   2.6879   2.3787   2.5960   0.0315   1.1889   0.9702  -0.0076   0.0000  -0.0248  -0.2393    0.276
    20  12.4328   2.5181   2.1010   2.4403   0.0347   1.1931   0.9736  -0.0093   0.0000  -0.0242  -0.2395    0.275
    21  13.2400   2.3582   1.8520   2.2826   0.0397   1.1919   0.9726  -0.0103   0.0000  -0.0218  -0.2372    0.272
    22  13.9941   2.2087   1.6074   2.1169   0.0458   1.1803   0.9631  -0.0118   0.0000  -0.0178  -0.2314    0.268
    23  14.6868   2.0715   1.3716   1.9371   0.0530   1.1518   0.9399  -0.0134   0.0000  -0.0118  -0.2209    0.263
    24  15.3105   1.9479   1.1479   1.7377   0.0606   1.0990   0.8968  -0.0150   0.0000  -0.0045  -0.2048    0.255
    25  15.8583   1.8393   0.9381   1.5131   0.0684   1.0136   0.8271  -0.0152   0.0000   0.0010  -0.1842    0.249
    26  16.3244   1.7470   0.7427   1.2607   0.0764   0.8888   0.7253  -0.0098   0.0000  -0.0022  -0.1644    0.253
    27  16.6722   1.4928   0.4131   0.9924   0.0835   2.2598   0.6718  -0.0500   0.0000  -0.0050  -0.0838    0.257
    28  16.9098   1.1466   0.2292   0.7238   0.0907   2.1571   0.6413  -0.0858   0.0000   0.0261  -0.0654    0.209
    29  17.0696   0.9138   0.1104   0.4410   0.0950   1.6636   0.4945  -0.1142   0.0000   0.0507  -0.0359    0.148
    30  17.1499   0.7967   0.0322   0.1481   0.0971   0.6527   0.1940  -0.0831   0.0000   0.0299  -0.0090    0.096

  Surface # 2     main_wing (YDUP)                        
     # Chordwise = 10   # Spanwise = 30     First strip = 31
     Surface area =   63.968842       Ave. chord =    3.715026
     CLsurf  =   0.42996     Clsurf  =   0.08592
     CYsurf  =   0.02789     Cmsurf  =  -0.40365
     CDsurf  =   0.01572     Cnsurf  =   0.00480
     CDisurf =   0.01572     CDvsurf =   0.00000

  Forces referred to Ssurf, Cave about hinge axis thru LE
     CLsurf  =   0.84100     CDsurf  =   0.03068
     Deflect =

 Strip Forces referred to Strip Area, Chord
    j      Yle    Chord     Area     c cl      ai      cl_norm  cl       cd       cdv    cm_c/4    cm_LE  C.P.x/c
    31  -0.0114   7.7520   0.3539   5.5489   0.1515   0.8252   0.6388   0.9100   0.0000  -0.0657   0.2002    0.353
    32  -0.1025   7.6885   1.0491   4.8693   0.1511   0.8044   0.6227   0.1490   0.0000  -0.0605   0.1792    0.347
    33  -0.2837   7.5620   1.7073   4.8122   0.1500   0.8141   0.6303   0.0972   0.0000  -0.0586   0.1783    0.343
    34  -0.5530   7.3741   2.3052   4.7858   0.1476   0.8320   0.6441   0.0845   0.0000  -0.0554   0.1783    0.336
    35  -0.9075   7.1267   2.8223   4.7527   0.1427   0.8557   0.6625   0.0795   0.0000  -0.0513   0.1787    0.328
    36  -1.3432   6.8226   3.2414   4.7013   0.1332   0.8851   0.6852   0.0742   0.0000  -0.0471   0.1798    0.319
    37  -1.8554   6.4651   3.5491   4.6205   0.1161   0.9194   0.7118   0.0645   0.0000  -0.0434   0.1821    0.311
    38  -2.4386   6.0582   3.7368   4.5064   0.0988   0.9582   0.7418   0.0557   0.0000  -0.0405   0.1857    0.305
    39  -3.0862   5.6062   3.8005   4.3576   0.0872   1.0029   0.7764   0.0442   0.0000  -0.0386   0.1910    0.300
    40  -3.7613   5.1351   3.4440   4.2092   0.0761   1.0591   0.8199   0.0339   0.0000  -0.0362   0.1978    0.294
    41  -4.4532   4.6522   3.3149   3.9819   0.0633   1.1069   0.8569   0.0263   0.0000  -0.0341   0.2035    0.290
    42  -5.1831   4.1429   3.0930   3.7742   0.0439   1.1802   0.9136   0.0101   0.0000  -0.0328   0.2138    0.286
    43  -6.0123   3.7903   3.4706   3.5561   0.0304   1.1536   0.9414   0.0046   0.0000  -0.0247   0.2330    0.276
    44  -6.9353   3.6075   3.3775   3.3813   0.0310   1.1527   0.9406   0.0034   0.0000  -0.0228   0.2311    0.274
    45  -7.8737   3.4215   3.2389   3.2197   0.0295   1.1574   0.9445   0.0015   0.0000  -0.0222   0.2314    0.273
    46  -8.8172   3.2345   3.0619   3.0626   0.0284   1.1648   0.9505  -0.0009   0.0000  -0.0224   0.2329    0.274
    47  -9.7556   3.0486   2.8543   2.9067   0.0285   1.1732   0.9573  -0.0030   0.0000  -0.0232   0.2351    0.274
    48 -10.6786   2.8657   2.6239   2.7520   0.0296   1.1819   0.9644  -0.0053   0.0000  -0.0241   0.2375    0.275
    49 -11.5760   2.6879   2.3787   2.5960   0.0315   1.1889   0.9702  -0.0076   0.0000  -0.0248   0.2393    0.276
    50 -12.4328   2.5181   2.1010   2.4403   0.0347   1.1931   0.9736  -0.0093   0.0000  -0.0242   0.2395    0.275
    51 -13.2400   2.3582   1.8520   2.2826   0.0397   1.1919   0.9726  -0.0103   0.0000  -0.0218   0.2372    0.272
    52 -13.9941   2.2087   1.6074   2.1169   0.0458   1.1803   0.9631  -0.0118   0.0000  -0.0178   0.2314    0.268
    53 -14.6868   2.0715   1.3716   1.9371   0.0530   1.1518   0.9398  -0.0134   0.0000  -0.0118   0.2209    0.263
    54 -15.3105   1.9479   1.1479   1.7377   0.0606   1.0990   0.8968  -0.0150   0.0000  -0.0045   0.2048    0.255
    55 -15.8583   1.8393   0.9381   1.5131   0.0684   1.0136   0.8271  -0.0152   0.0000   0.0010   0.1842    0.249
    56 -16.3244   1.7470   0.7427   1.2607   0.0764   0.8888   0.7253  -0.0098   0.0000  -0.0022   0.1644    0.253
    57 -16.6722   1.4928   0.4131   0.9924   0.0835   2.2598   0.6718  -0.0500   0.0000  -0.0050   0.0838    0.257
    58 -16.9098   1.1466   0.2292   0.7238   0.0907   2.1571   0.6413  -0.0858   0.0000   0.0261   0.0654    0.209
    59 -17.0696   0.9138   0.1104   0.4410   0.0950   1.6636   0.4945  -0.1142   0.0000   0.0507   0.0359    0.148
    60 -17.1499   0.7967   0.0322   0.1481   0.0971   0.6527   0.1940  -0.0831   0.0000   0.0299   0.0090    0.096

  Surface # 3     horizontal_stabilizer                   
     # Chordwise = 10   # Spanwise = 30     First strip = 61
     Surface area =   20.744604       Ave. chord =    2.848572
     CLsurf  =   0.02568     Clsurf  =  -0.00276
     CYsurf  =  -0.00424     Cmsurf  =  -0.12581
     CDsurf  =   0.00175     Cnsurf  =   0.00244
     CDisurf =   0.00175     CDvsurf =   0.00000

  Forces referred to Ssurf, Cave about hinge axis thru LE
     CLsurf  =   0.15666     CDsurf  =   0.01051
     Deflect =

 Strip Forces referred to Strip Area, Chord
    j      Yle    Chord     Area     c cl      ai      cl_norm  cl       cd       cdv    cm_c/4    cm_LE  C.P.x/c
    61   0.0047   4.2713   0.0803   0.5705   0.1052   0.1690   0.1295   0.0522   0.0000  -0.0123  -0.0391    0.345
    62   0.0418   4.2566   0.2392   0.5084   0.1053   0.1550   0.1187   0.0131   0.0000  -0.0114  -0.0353    0.346
    63   0.1156   4.2274   0.3930   0.5034   0.1052   0.1549   0.1186   0.0103   0.0000  -0.0111  -0.0350    0.343
    64   0.2254   4.1839   0.5386   0.5024   0.1047   0.1562   0.1197   0.0097   0.0000  -0.0105  -0.0348    0.338
    65   0.3698   4.1268   0.6730   0.5017   0.1036   0.1582   0.1212   0.0097   0.0000  -0.0098  -0.0345    0.331
    66   0.5474   4.0565   0.7936   0.5010   0.1018   0.1607   0.1231   0.0097   0.0000  -0.0089  -0.0342    0.323
    67   0.7617   3.9717   0.9441   0.4999   0.0992   0.1638   0.1255   0.0097   0.0000  -0.0080  -0.0339    0.314
    68   1.0116   3.8728   1.0344   0.4980   0.0956   0.1674   0.1282   0.0098   0.0000  -0.0072  -0.0338    0.306
    69   1.2891   3.7630   1.1046   0.4960   0.0914   0.1716   0.1315   0.0099   0.0000  -0.0063  -0.0338    0.298
    70   1.5912   3.6435   1.1542   0.4939   0.0867   0.1765   0.1352   0.0100   0.0000  -0.0056  -0.0340    0.292
    71   1.9146   3.5155   1.1831   0.4919   0.0821   0.1822   0.1395   0.0102   0.0000  -0.0050  -0.0344    0.286
    72   2.2558   3.3805   1.1921   0.4900   0.0780   0.1888   0.1446   0.0104   0.0000  -0.0043  -0.0350    0.280
    73   2.6109   3.2400   1.1821   0.4886   0.0746   0.1964   0.1504   0.0107   0.0000  -0.0037  -0.0357    0.275
    74   2.9762   3.0955   1.1548   0.4876   0.0721   0.2052   0.1572   0.0109   0.0000  -0.0031  -0.0366    0.270
    75   3.3476   2.9485   1.1122   0.4863   0.0702   0.2148   0.1646   0.0112   0.0000  -0.0024  -0.0377    0.265
    76   3.7210   2.8008   1.0564   0.4844   0.0689   0.2253   0.1726   0.0115   0.0000  -0.0016  -0.0387    0.259
    77   4.0924   2.6538   0.9900   0.4812   0.0682   0.2363   0.1810   0.0117   0.0000  -0.0006  -0.0397    0.253
    78   4.4577   2.5093   0.9155   0.4759   0.0679   0.2472   0.1894   0.0118   0.0000   0.0005  -0.0406    0.247
    79   4.8128   2.3687   0.8353   0.4676   0.0681   0.2573   0.1971   0.0119   0.0000   0.0020  -0.0410    0.240
    80   5.1540   2.2338   0.7518   0.4556   0.0686   0.2659   0.2037   0.0119   0.0000   0.0037  -0.0410    0.232
    81   5.4774   2.1058   0.6671   0.4389   0.0694   0.2718   0.2082   0.0116   0.0000   0.0058  -0.0402    0.222
    82   5.7795   1.9862   0.5830   0.4171   0.0704   0.2739   0.2098   0.0111   0.0000   0.0083  -0.0385    0.211
    83   6.0570   1.8764   0.5012   0.3900   0.0715   0.2712   0.2077   0.0103   0.0000   0.0109  -0.0358    0.197
    84   6.3069   1.7776   0.4225   0.3576   0.0726   0.2625   0.2011   0.0093   0.0000   0.0136  -0.0321    0.182
    85   6.5264   1.6907   0.3478   0.3198   0.0735   0.2470   0.1892   0.0080   0.0000   0.0160  -0.0275    0.165
    86   6.7314   1.6096   0.3326   0.2750   0.0744   0.2232   0.1709   0.0065   0.0000   0.0177  -0.0221    0.146
    87   6.9144   1.5372   0.2507   0.2211   0.0752   0.1880   0.1440   0.0045   0.0000   0.0179  -0.0161    0.125
    88   7.0535   1.4822   0.1746   0.1617   0.0758   0.1427   0.1093   0.0024   0.0000   0.0158  -0.0104    0.106
    89   7.1471   1.4451   0.1029   0.0986   0.0762   0.0893   0.0684   0.0005   0.0000   0.0110  -0.0056    0.090
    90   7.1941   1.4265   0.0340   0.0331   0.0764   0.0306   0.0234  -0.0013   0.0000   0.0039  -0.0017    0.083

  Surface # 4     horizontal_stabilizer (YDUP)            
     # Chordwise = 10   # Spanwise = 30     First strip = 91
     Surface area =   20.744604       Ave. chord =    2.848572
     CLsurf  =   0.02568     Clsurf  =   0.00276
     CYsurf  =   0.00424     Cmsurf  =  -0.12581
     CDsurf  =   0.00175     Cnsurf  =  -0.00244
     CDisurf =   0.00175     CDvsurf =   0.00000

  Forces referred to Ssurf, Cave about hinge axis thru LE
     CLsurf  =   0.15666     CDsurf  =   0.01051
     Deflect =

 Strip Forces referred to Strip Area, Chord
    j      Yle    Chord     Area     c cl      ai      cl_norm  cl       cd       cdv    cm_c/4    cm_LE  C.P.x/c
    91  -0.0047   4.2713   0.0803   0.5705   0.1052   0.1690   0.1295   0.0522   0.0000  -0.0123   0.0391    0.345
    92  -0.0418   4.2566   0.2392   0.5084   0.1053   0.1550   0.1187   0.0131   0.0000  -0.0114   0.0353    0.346
    93  -0.1156   4.2274   0.3930   0.5034   0.1052   0.1549   0.1186   0.0103   0.0000  -0.0111   0.0350    0.343
    94  -0.2254   4.1839   0.5386   0.5024   0.1047   0.1562   0.1197   0.0097   0.0000  -0.0105   0.0348    0.338
    95  -0.3698   4.1268   0.6730   0.5017   0.1036   0.1582   0.1212   0.0097   0.0000  -0.0098   0.0345    0.331
    96  -0.5474   4.0565   0.7936   0.5010   0.1018   0.1607   0.1231   0.0097   0.0000  -0.0089   0.0342    0.323
    97  -0.7617   3.9717   0.9441   0.4999   0.0992   0.1638   0.1255   0.0097   0.0000  -0.0080   0.0339    0.314
    98  -1.0116   3.8728   1.0344   0.4980   0.0956   0.1674   0.1282   0.0098   0.0000  -0.0072   0.0338    0.306
    99  -1.2891   3.7630   1.1046   0.4960   0.0914   0.1716   0.1315   0.0099   0.0000  -0.0063   0.0338    0.298
   100  -1.5912   3.6435   1.1542   0.4939   0.0867   0.1765   0.1352   0.0100   0.0000  -0.0056   0.0340    0.292
   101  -1.9146   3.5155   1.1831   0.4919   0.0821   0.1822   0.1395   0.0102   0.0000  -0.0050   0.0344    0.286
   102  -2.2558   3.3805   1.1921   0.4900   0.0780   0.1888   0.1446   0.0104   0.0000  -0.0043   0.0350    0.280
   103  -2.6109   3.2400   1.1821   0.4886   0.0746   0.1964   0.1504   0.0107   0.0000  -0.0037   0.0357    0.275
   104  -2.9762   3.0955   1.1548   0.4876   0.0721   0.2052   0.1572   0.0109   0.0000  -0.0031   0.0366    0.270
   105  -3.3476   2.9485   1.1122   0.4862   0.0702   0.2148   0.1646   0.0112   0.0000  -0.0024   0.0377    0.265
   106  -3.7210   2.8008   1.0564   0.4844   0.0689   0.2253   0.1726   0.0115   0.0000  -0.0016   0.0387    0.259
   107  -4.0924   2.6538   0.9900   0.4812   0.0682   0.2363   0.1810   0.0117   0.0000  -0.0006   0.0397    0.253
   108  -4.4577   2.5093   0.9155   0.4759   0.0679   0.2472   0.1893   0.0118   0.0000   0.0005   0.0406    0.247
   109  -4.8128   2.3687   0.8353   0.4676   0.0681   0.2573   0.1971   0.0119   0.0000   0.0020   0.0410    0.240
   110  -5.1540   2.2338   0.7518   0.4556   0.0686   0.2659   0.2037   0.0119   0.0000   0.0037   0.0410    0.232
   111  -5.4774   2.1058   0.6671   0.4389   0.0694   0.2718   0.2082   0.0116   0.0000   0.0058   0.0402    0.222
   112  -5.7795   1.9862   0.5830   0.4171   0.0704   0.2739   0.2098   0.0111   0.0000   0.0083   0.0385    0.211
   113  -6.0570   1.8764   0.5012   0.3900   0.0715   0.2712   0.2077   0.0103   0.0000   0.0109   0.0358    0.197
   114  -6.3069   1.7776   0.4225   0.3576   0.0726   0.2625   0.2011   0.0093   0.0000   0.0136   0.0321    0.182
   115  -6.5264   1.6907   0.3478   0.3198   0.0735   0.2470   0.1892   0.0080   0.0000   0.0160   0.0275    0.165
   116  -6.7314   1.6096   0.3326   0.2750   0.0744   0.2232   0.1709   0.0065   0.0000   0.0177   0.0221    0.146
   117  -6.9144   1.5372   0.2507   0.2211   0.0752   0.1880   0.1440   0.0045   0.0000   0.0179   0.0161    0.125
   118  -7.0535   1.4822   0.1746   0.1617   0.0758   0.1427   0.1093   0.0024   0.0000   0.0158   0.0104    0.106
   119  -7.1471   1.4451   0.1029   0.0985   0.0762   0.0893   0.0684   0.0005   0.0000   0.0110   0.0056    0.090
   120  -7.1941   1.4265   0.0340   0.0331   0.0764   0.0306   0.0234  -0.0013   0.0000   0.0039   0.0017    0.083

  Surface # 5     vertical_stabilizer                     
     # Chordwise = 10   # Spanwise = 30     First strip =121
     Surface area =   34.910358       Ave. chord =    4.190919
     CLsurf  =   0.00000     Clsurf  =   0.00000
     CYsurf  =   0.00000     Cmsurf  =  -0.00000
     CDsurf  =  -0.00000     Cnsurf  =  -0.00000
     CDisurf =  -0.00000     CDvsurf =   0.00000

  Forces referred to Ssurf, Cave about hinge axis thru LE
     CLsurf  =  -0.00000     CDsurf  =  -0.00000
     Deflect =

 Strip Forces referred to Strip Area, Chord
    j      Yle    Chord     Area     c cl      ai      cl_norm  cl       cd       cdv    cm_c/4    cm_LE  C.P.x/c
   121   0.0000  10.0347   0.6931  -0.0000   0.0000  -0.0000  -0.0000   0.0000   0.0000   0.0000   0.0000    0.446
   122   0.0000   9.8296   1.1101  -0.0000   0.0000  -0.0000  -0.0000   0.0000   0.0000   0.0000   0.0000    0.447
   123   0.0000   9.5266   1.4857  -0.0000  -0.0000  -0.0000  -0.0000   0.0000   0.0000   0.0000   0.0000    0.456
   124   0.0000   9.1281   1.8040  -0.0000   0.0000  -0.0000  -0.0000   0.0000   0.0000   0.0000   0.0000    0.466
   125   0.0000   8.6377   2.0517  -0.0000   0.0000  -0.0000  -0.0000   0.0000   0.0000   0.0000   0.0000    0.471
   126   0.0000   8.0598   2.2181  -0.0000   0.0000  -0.0000  -0.0000  -0.0000   0.0000   0.0000   0.0000    0.465
   127   0.0000   7.4000   2.2957  -0.0000   0.0000  -0.0000  -0.0000  -0.0000   0.0000   0.0000   0.0000    0.459
   128   0.0000   6.6646   2.2808  -0.0000   0.0000  -0.0000  -0.0000  -0.0000   0.0000   0.0000   0.0000    0.443
   129   0.0000   5.8609   2.1733  -0.0000   0.0000  -0.0000  -0.0000   0.0000   0.0000   0.0000   0.0000    0.418
   130   0.0000   4.9969   1.9773  -0.0000   0.0000  -0.0000  -0.0000   0.0000   0.0000   0.0000   0.0000    0.371
   131   0.0000   4.4389   1.6667  -0.0000   0.0000  -0.0000  -0.0000  -0.0000   0.0000   0.0000   0.0000    0.328
   132   0.0000   4.2198   1.6478  -0.0000   0.0000  -0.0000  -0.0000  -0.0000   0.0000   0.0000   0.0000    0.313
   133   0.0000   3.9932   1.6033  -0.0000   0.0000  -0.0000  -0.0000  -0.0000   0.0000   0.0000   0.0000    0.303
   134   0.0000   3.7615   1.5362  -0.0000   0.0000  -0.0000  -0.0000  -0.0000   0.0000   0.0000   0.0000    0.293
   135   0.0000   3.5271   1.4499  -0.0000   0.0000  -0.0000  -0.0000  -0.0000   0.0000   0.0000   0.0000    0.286
   136   0.0000   3.2923   1.3482  -0.0000   0.0000  -0.0000  -0.0000  -0.0000   0.0000   0.0000   0.0000    0.275
   137   0.0000   3.0597   1.2352  -0.0000   0.0000  -0.0000  -0.0000  -0.0000   0.0000   0.0000   0.0000    0.263
   138   0.0000   2.8315   1.1147  -0.0000   0.0000  -0.0000  -0.0000  -0.0000   0.0000   0.0000   0.0000    0.256
   139   0.0000   2.6103   0.9908  -0.0000   0.0000  -0.0000  -0.0000  -0.0000   0.0000  -0.0000   0.0000    0.248
   140   0.0000   2.3983   0.8670  -0.0000   0.0000  -0.0000  -0.0000  -0.0000   0.0000  -0.0000   0.0000    0.238
   141   0.0000   2.1977   0.7464  -0.0000   0.0000  -0.0000  -0.0000  -0.0000   0.0000  -0.0000   0.0000    0.230
   142   0.0000   2.0106   0.6318  -0.0000   0.0000  -0.0000  -0.0000  -0.0000   0.0000  -0.0000   0.0000    0.218
   143   0.0000   1.8390   0.5251  -0.0000   0.0000  -0.0000  -0.0000  -0.0000   0.0000  -0.0000   0.0000    0.208
   144   0.0000   1.6847   0.4276  -0.0000   0.0000  -0.0000  -0.0000  -0.0000   0.0000  -0.0000   0.0000    0.194
   145   0.0000   1.5493   0.3400  -0.0000   0.0000  -0.0000  -0.0000  -0.0000   0.0000  -0.0000   0.0000    0.175
   146   0.0000   1.4342   0.2622  -0.0000   0.0000  -0.0000  -0.0000  -0.0000   0.0000  -0.0000   0.0000    0.152
   147   0.0000   1.3407   0.1933  -0.0000   0.0000  -0.0000  -0.0000  -0.0000   0.0000  -0.0000   0.0000    0.132
   148   0.0000   1.2696   0.1322  -0.0000   0.0000  -0.0000  -0.0000  -0.0000   0.0000  -0.0000   0.0000    0.109
   149   0.0000   1.2218   0.0769  -0.0000   0.0000  -0.0000  -0.0000  -0.0000   0.0000  -0.0000   0.0000    0.089
   150   0.0000   1.1978   0.0252  -0.0000   0.0000  -0.0000  -0.0000  -0.0000   0.0000  -0.0000   0.0000    0.081

  Surface # 6     fuselage_horizontal                     
     # Chordwise = 10   # Spanwise = 10     First strip =151
     Surface area =  123.841202       Ave. chord =   33.112617
     CLsurf  =   0.00577     Clsurf  =  -0.00000
     CYsurf  =  -0.00000     Cmsurf  =   0.04158
     CDsurf  =  -0.00015     Cnsurf  =   0.00000
     CDisurf =  -0.00015     CDvsurf =   0.00000

  Forces referred to Ssurf, Cave about hinge axis thru LE
     CLsurf  =   0.00582     CDsurf  =  -0.00015
     Deflect =

 Strip Forces referred to Strip Area, Chord
    j      Yle    Chord     Area     c cl      ai      cl_norm  cl       cd       cdv    cm_c/4    cm_LE  C.P.x/c
   151  -1.6830  26.5957   9.9468   0.1215   0.1372   0.0555   0.0048  -0.0023   0.0000   0.0031   0.0003   -0.403
   152  -1.3090  31.2096  11.6724   0.1828   0.1502   0.0227   0.0060  -0.0008   0.0000   0.0038   0.0006   -0.396
   153  -0.9350  34.0626  12.7394   0.2045   0.1436   0.0146   0.0060  -0.0000   0.0000   0.0046   0.0010   -0.507
   154  -0.5610  36.1619  13.5246   0.2197   0.1441   0.0101   0.0061   0.0005   0.0000   0.0049   0.0015   -0.555
   155  -0.1870  37.5332  14.0374   0.2289   0.1465   0.0070   0.0060   0.0012   0.0000   0.0049   0.0024   -0.572
   156   0.1870  37.5332  14.0374   0.2289   0.1465   0.0070   0.0060   0.0012   0.0000   0.0049   0.0024   -0.572
   157   0.5610  36.1619  13.5246   0.2197   0.1441   0.0101   0.0061   0.0005   0.0000   0.0049   0.0015   -0.555
   158   0.9350  34.0626  12.7394   0.2045   0.1436   0.0146   0.0060  -0.0000   0.0000   0.0046   0.0010   -0.507
   159   1.3090  31.2096  11.6724   0.1828   0.1502   0.0227   0.0060  -0.0008   0.0000   0.0038   0.0006   -0.396
   160   1.6830  26.5957   9.9468   0.1215   0.1372   0.0555   0.0048  -0.0023   0.0000   0.0031   0.0003   -0.403

  Surface # 7     fuselage_vertical                       
     # Chordwise = 10   # Spanwise = 10     First strip =161
     Surface area =  123.841202       Ave. chord =   33.112617
     CLsurf  =   0.00000     Clsurf  =  -0.00000
     CYsurf  =   0.00000     Cmsurf  =   0.00000
     CDsurf  =   0.00000     Cnsurf  =   0.00000
     CDisurf =   0.00000     CDvsurf =   0.00000

  Forces referred to Ssurf, Cave about hinge axis thru LE
     CLsurf  =  -0.00000     CDsurf  =   0.00000
     Deflect =

 Strip Forces referred to Strip Area, Chord
    j      Yle    Chord     Area     c cl      ai      cl_norm  cl       cd       cdv    cm_c/4    cm_LE  C.P.x/c
   161   0.0000  26.5957   9.9468   0.0000  -0.0000   0.0000   0.0000   0.0000   0.0000   0.0000   0.0000
   162   0.0000  31.2096  11.6724  -0.0000  -0.0000  -0.0000  -0.0000  -0.0000   0.0000  -0.0000  -0.0000   -0.690
   163   0.0000  34.0626  12.7394  -0.0000  -0.0000  -0.0000  -0.0000  -0.0000   0.0000  -0.0000  -0.0000   -0.505
   164   0.0000  36.1619  13.5246  -0.0000   0.0000  -0.0000  -0.0000   0.0000   0.0000  -0.0000  -0.0000   -0.449
   165   0.0000  37.5332  14.0374  -0.0000   0.0000  -0.0000  -0.0000   0.0000   0.0000  -0.0000  -0.0000   -0.284
   166   0.0000  37.5332  14.0374  -0.0000   0.0000  -0.0000  -0.0000  -0.0000   0.0000  -0.0000   0.0000    0.184
   167   0.0000  36.1619  13.5246  -0.0000   0.0000  -0.0000  -0.0000   0.0000   0.0000   0.0000   0.0000    0.403
   168   0.0000  34.0626  12.7394  -0.0000  -0.0000  -0.0000  -0.0000   0.0000   0.0000   0.0000   0.0000    0.504
   169   0.0000  31.2096  11.6724  -0.0000   0.0000  -0.0000  -0.0000  -0.0000   0.0000   0.0000   0.0000    0.586
   170   0.0000  26.5957   9.9468  -0.0000   0.0000  -0.0000  -0.0000  -0.0000   0.0000   0.0000   0.0000    0.678
 ---------------------------------------------------------------
