 ---------------------------------------------------------------
 Surface and Strip Forces by surface

  Forces referred to Sref, Cref, Bref about Xref, Yref, Zref
 Standard axis orientation,  X fwd, Z down         

  Surface # 1     main_wing                               
     # Chordwise = 10   # Spanwise = 30     First strip =  1
     Surface area =   63.793327       Ave. chord =    3.717556
     CLsurf  =   0.14460     Clsurf  =  -0.02866
     CYsurf  =  -0.00122     Cmsurf  =  -0.01711
     CDsurf  =   0.00149     Cnsurf  =  -0.00063
     CDisurf =   0.00149     CDvsurf =   0.00000

  Forces referred to Ssurf, Cave about hinge axis thru LE
     CLsurf  =   0.28303     CDsurf  =   0.00291
     Deflect =

 Strip Forces referred to Strip Area, Chord
    j      Yle    Chord     Area     c cl      ai      cl_norm  cl       cd       cdv    cm_c/4    cm_LE  C.P.x/c
     1   0.0123   7.7514   0.3815   1.6422   0.0616   0.2116   0.2115   0.0129   0.0000  -0.0079  -0.0599    0.288
     2   0.1106   7.6828   1.1303   1.6402   0.0588   0.2134   0.2134   0.0067   0.0000  -0.0079  -0.0603    0.287
     3   0.3062   7.5463   1.8369   1.6355   0.0554   0.2167   0.2167   0.0060   0.0000  -0.0080  -0.0611    0.287
     4   0.5968   7.3435   2.4751   1.6255   0.0521   0.2213   0.2213   0.0053   0.0000  -0.0081  -0.0624    0.287
     5   0.9793   7.0766   3.0215   1.6113   0.0485   0.2277   0.2276   0.0053   0.0000  -0.0084  -0.0642    0.287
     6   1.4496   6.7484   3.4567   1.5861   0.0442   0.2350   0.2350   0.0044   0.0000  -0.0090  -0.0667    0.288
     7   1.9610   6.3915   3.2367   1.5561   0.0391   0.2435   0.2435   0.0040   0.0000  -0.0097  -0.0695    0.290
     8   2.4995   6.0157   3.4229   1.5185   0.0344   0.2525   0.2524   0.0035   0.0000  -0.0106  -0.0725    0.292
     9   3.0975   5.5984   3.5010   1.4744   0.0306   0.2634   0.2634   0.0037   0.0000  -0.0117  -0.0763    0.294
    10   3.7485   5.1441   3.4716   1.4177   0.0268   0.2757   0.2757   0.0025   0.0000  -0.0133  -0.0809    0.298
    11   4.4453   4.6578   3.3395   1.3570   0.0220   0.2915   0.2914   0.0023   0.0000  -0.0154  -0.0868    0.303
    12   5.1804   4.1448   3.1137   1.2871   0.0153   0.3107   0.3107   0.0011   0.0000  -0.0182  -0.0943    0.309
    13   6.0123   3.7903   3.4546   1.2247   0.0126   0.3233   0.3233   0.0015   0.0000  -0.0210  -0.1016    0.315
    14   6.9353   3.6074   3.3620   1.1667   0.0118   0.3236   0.3236   0.0018   0.0000  -0.0218  -0.1025    0.317
    15   7.8737   3.4215   3.2240   1.1083   0.0104   0.3241   0.3240   0.0019   0.0000  -0.0221  -0.1029    0.318
    16   8.8173   3.2345   3.0478   1.0492   0.0097   0.3245   0.3245   0.0019   0.0000  -0.0222  -0.1031    0.318
    17   9.7557   3.0486   2.8411   0.9895   0.0096   0.3247   0.3247   0.0018   0.0000  -0.0222  -0.1032    0.318
    18  10.6786   2.8657   2.6118   0.9293   0.0097   0.3244   0.3244   0.0018   0.0000  -0.0222  -0.1031    0.318
    19  11.5760   2.6879   2.3677   0.8686   0.0099   0.3233   0.3233   0.0018   0.0000  -0.0220  -0.1027    0.318
    20  12.4467   2.5153   2.1582   0.8070   0.0104   0.3210   0.3209   0.0019   0.0000  -0.0219  -0.1019    0.318
    21  13.2645   2.3533   1.8259   0.7450   0.0112   0.3167   0.3167   0.0019   0.0000  -0.0216  -0.1006    0.318
    22  14.0130   2.2050   1.5853   0.6829   0.0124   0.3099   0.3098   0.0021   0.0000  -0.0212  -0.0985    0.318
    23  14.7005   2.0687   1.3533   0.6191   0.0141   0.2994   0.2994   0.0022   0.0000  -0.0205  -0.0952    0.319
    24  15.3195   1.9461   1.1330   0.5521   0.0166   0.2838   0.2838   0.0024   0.0000  -0.0195  -0.0903    0.319
    25  15.8633   1.8383   0.9263   0.4797   0.0201   0.2611   0.2610   0.0026   0.0000  -0.0180  -0.0831    0.319
    26  16.3259   1.7467   0.7336   0.3990   0.0250   0.2285   0.2285   0.0028   0.0000  -0.0154  -0.0724    0.318
    27  16.6722   1.4928   0.4112   0.3049   0.0201   0.2044   0.2043   0.0023   0.0000  -0.0120  -0.0589    0.309
    28  16.9098   1.1466   0.2281   0.2144   0.0142   0.1871   0.1870   0.0016   0.0000  -0.0095  -0.0526    0.301
    29  17.0696   0.9137   0.1099   0.1276   0.0126   0.1398   0.1397   0.0010   0.0000  -0.0062  -0.0385    0.295
    30  17.1499   0.7966   0.0321   0.0426   0.0149   0.0536   0.0536   0.0004   0.0000  -0.0022  -0.0146    0.291

  Surface # 2     main_wing (YDUP)                        
     # Chordwise = 10   # Spanwise = 30     First strip = 31
     Surface area =   63.793327       Ave. chord =    3.717556
     CLsurf  =   0.14460     Clsurf  =   0.02866
     CYsurf  =   0.00122     Cmsurf  =  -0.01711
     CDsurf  =   0.00149     Cnsurf  =   0.00063
     CDisurf =   0.00149     CDvsurf =   0.00000

  Forces referred to Ssurf, Cave about hinge axis thru LE
     CLsurf  =   0.28303     CDsurf  =   0.00291
     Deflect =

 Strip Forces referred to Strip Area, Chord
    j      Yle    Chord     Area     c cl      ai      cl_norm  cl       cd       cdv    cm_c/4    cm_LE  C.P.x/c
    31  -0.0123   7.7514   0.3815   1.6422   0.0616   0.2116   0.2115   0.0129   0.0000  -0.0079   0.0599    0.288
    32  -0.1106   7.6828   1.1303   1.6402   0.0588   0.2134   0.2134   0.0067   0.0000  -0.0079   0.0603    0.287
    33  -0.3062   7.5463   1.8369   1.6355   0.0554   0.2167   0.2167   0.0060   0.0000  -0.0080   0.0611    0.287
    34  -0.5968   7.3435   2.4751   1.6255   0.0521   0.2213   0.2213   0.0053   0.0000  -0.0081   0.0624    0.287
    35  -0.9793   7.0766   3.0215   1.6113   0.0485   0.2277   0.2276   0.0053   0.0000  -0.0084   0.0642    0.287
    36  -1.4496   6.7484   3.4567   1.5861   0.0442   0.2350   0.2350   0.0044   0.0000  -0.0090   0.0667    0.288
    37  -1.9610   6.3915   3.2367   1.5561   0.0391   0.2435   0.2435   0.0040   0.0000  -0.0097   0.0695    0.290
    38  -2.4995   6.0157   3.4229   1.5185   0.0344   0.2525   0.2524   0.0035   0.0000  -0.0106   0.0725    0.292
    39  -3.0975   5.5984   3.5010   1.4744   0.0306   0.2634   0.2634   0.0037   0.0000  -0.0117   0.0763    0.294
    40  -3.7485   5.1441   3.4716   1.4177   0.0268   0.2757   0.2757   0.0025   0.0000  -0.0133   0.0809    0.298
    41  -4.4453   4.6578   3.3395   1.3570   0.0220   0.2915   0.2914   0.0023   0.0000  -0.0154   0.0868    0.303
    42  -5.1804   4.1448   3.1137   1.2871   0.0153   0.3107   0.3107   0.0011   0.0000  -0.0182   0.0943    0.309
    43  -6.0123   3.7903   3.4546   1.2247   0.0126   0.3233   0.3233   0.0015   0.0000  -0.0210   0.1016    0.315
    44  -6.9353   3.6074   3.3620   1.1667   0.0118   0.3236   0.3236   0.0018   0.0000  -0.0218   0.1025    0.317
    45  -7.8737   3.4215   3.2240   1.1082   0.0104   0.3241   0.3240   0.0019   0.0000  -0.0221   0.1029    0.318
    46  -8.8173   3.2345   3.0478   1.0492   0.0097   0.3245   0.3245   0.0019   0.0000  -0.0222   0.1031    0.318
    47  -9.7557   3.0486   2.8411   0.9895   0.0096   0.3247   0.3247   0.0018   0.0000  -0.0222   0.1032    0.318
    48 -10.6786   2.8657   2.6118   0.9293   0.0097   0.3244   0.3244   0.0018   0.0000  -0.0222   0.1031    0.318
    49 -11.5760   2.6879   2.3677   0.8686   0.0099   0.3233   0.3233   0.0018   0.0000  -0.0220   0.1027    0.318
    50 -12.4467   2.5153   2.1582   0.8070   0.0104   0.3210   0.3209   0.0019   0.0000  -0.0219   0.1019    0.318
    51 -13.2645   2.3533   1.8259   0.7450   0.0112   0.3167   0.3167   0.0019   0.0000  -0.0216   0.1006    0.318
    52 -14.0130   2.2050   1.5853   0.6829   0.0124   0.3099   0.3098   0.0021   0.0000  -0.0212   0.0985    0.318
    53 -14.7005   2.0687   1.3533   0.6191   0.0141   0.2994   0.2994   0.0022   0.0000  -0.0205   0.0952    0.319
    54 -15.3195   1.9461   1.1330   0.5520   0.0166   0.2838   0.2838   0.0024   0.0000  -0.0195   0.0903    0.319
    55 -15.8633   1.8383   0.9263   0.4797   0.0201   0.2610   0.2610   0.0026   0.0000  -0.0180   0.0831    0.319
    56 -16.3259   1.7467   0.7336   0.3990   0.0250   0.2285   0.2285   0.0028   0.0000  -0.0154   0.0724    0.318
    57 -16.6722   1.4928   0.4112   0.3049   0.0201   0.2044   0.2043   0.0023   0.0000  -0.0120   0.0589    0.309
    58 -16.9098   1.1466   0.2281   0.2144   0.0142   0.1871   0.1870   0.0016   0.0000  -0.0095   0.0526    0.301
    59 -17.0696   0.9137   0.1099   0.1276   0.0126   0.1398   0.1397   0.0010   0.0000  -0.0062   0.0385    0.295
    60 -17.1499   0.7966   0.0321   0.0426   0.0149   0.0536   0.0536   0.0004   0.0000  -0.0022   0.0146    0.291

  Surface # 3     horizontal_stabilizer                   
     # Chordwise = 10   # Spanwise = 30     First strip = 61
     Surface area =   20.071465       Ave. chord =    2.826957
     CLsurf  =   0.00980     Clsurf  =  -0.00085
     CYsurf  =  -0.00015     Cmsurf  =  -0.04332
     CDsurf  =   0.00025     Cnsurf  =   0.00008
     CDisurf =   0.00025     CDvsurf =   0.00000

  Forces referred to Ssurf, Cave about hinge axis thru LE
     CLsurf  =   0.06099     CDsurf  =   0.00153
     Deflect =

 Strip Forces referred to Strip Area, Chord
    j      Yle    Chord     Area     c cl      ai      cl_norm  cl       cd       cdv    cm_c/4    cm_LE  C.P.x/c
    61   0.0046   4.6976   0.0861   0.2341   0.0436   0.0498   0.0498   0.0023   0.0000   0.0007  -0.0117    0.236
    62   0.0412   4.6783   0.2563   0.2339   0.0435   0.0500   0.0500   0.0014   0.0000   0.0007  -0.0117    0.236
    63   0.1140   4.6399   0.4206   0.2337   0.0433   0.0504   0.0504   0.0014   0.0000   0.0007  -0.0118    0.236
    64   0.2222   4.5828   0.5752   0.2334   0.0430   0.0509   0.0509   0.0014   0.0000   0.0007  -0.0119    0.236
    65   0.3647   4.5076   0.7167   0.2326   0.0426   0.0516   0.0516   0.0014   0.0000   0.0007  -0.0120    0.236
    66   0.5398   4.4152   0.8422   0.2314   0.0421   0.0524   0.0524   0.0014   0.0000   0.0007  -0.0122    0.236
    67   0.7511   4.3037   0.9974   0.2295   0.0412   0.0533   0.0533   0.0014   0.0000   0.0008  -0.0125    0.236
    68   0.9975   4.1737   1.0868   0.2268   0.0400   0.0543   0.0543   0.0014   0.0000   0.0007  -0.0127    0.236
    69   1.2712   4.0293   1.1531   0.2233   0.0382   0.0554   0.0554   0.0014   0.0000   0.0007  -0.0130    0.237
    70   1.5691   3.8721   1.1959   0.2189   0.0359   0.0565   0.0565   0.0015   0.0000   0.0007  -0.0133    0.238
    71   1.8880   3.7039   1.2153   0.2138   0.0330   0.0577   0.0577   0.0015   0.0000   0.0007  -0.0136    0.238
    72   2.2244   3.5264   1.2123   0.2081   0.0303   0.0590   0.0590   0.0015   0.0000   0.0006  -0.0140    0.239
    73   2.5747   3.3416   1.1886   0.2020   0.0282   0.0604   0.0604   0.0016   0.0000   0.0006  -0.0143    0.240
    74   2.9349   3.1516   1.1463   0.1953   0.0268   0.0620   0.0620   0.0016   0.0000   0.0006  -0.0147    0.240
    75   3.3011   2.9584   1.0879   0.1884   0.0257   0.0637   0.0637   0.0016   0.0000   0.0006  -0.0151    0.240
    76   3.6693   2.7641   1.0165   0.1811   0.0248   0.0655   0.0655   0.0017   0.0000   0.0007  -0.0156    0.240
    77   4.0356   2.5709   0.9351   0.1735   0.0240   0.0675   0.0675   0.0016   0.0000   0.0007  -0.0160    0.239
    78   4.3958   2.3808   0.8469   0.1654   0.0234   0.0695   0.0695   0.0016   0.0000   0.0008  -0.0164    0.239
    79   4.7460   2.1961   0.7550   0.1570   0.0228   0.0715   0.0715   0.0017   0.0000   0.0009  -0.0168    0.238
    80   5.0824   2.0186   0.6623   0.1480   0.0223   0.0733   0.0733   0.0017   0.0000   0.0010  -0.0172    0.236
    81   5.4013   1.8503   0.5714   0.1384   0.0220   0.0748   0.0748   0.0017   0.0000   0.0011  -0.0174    0.235
    82   5.6992   1.6931   0.4845   0.1283   0.0218   0.0757   0.0757   0.0017   0.0000   0.0013  -0.0174    0.233
    83   5.9729   1.5487   0.4033   0.1174   0.0218   0.0758   0.0758   0.0016   0.0000   0.0015  -0.0173    0.230
    84   6.2193   1.4187   0.3288   0.1059   0.0219   0.0746   0.0746   0.0016   0.0000   0.0018  -0.0167    0.226
    85   6.4358   1.3045   0.2616   0.0936   0.0221   0.0718   0.0717   0.0015   0.0000   0.0020  -0.0157    0.222
    86   6.6379   1.1979   0.2413   0.0799   0.0225   0.0667   0.0667   0.0014   0.0000   0.0023  -0.0142    0.215
    87   6.8184   1.1027   0.1754   0.0640   0.0230   0.0580   0.0580   0.0012   0.0000   0.0026  -0.0118    0.206
    88   6.9555   1.0303   0.1183   0.0468   0.0236   0.0454   0.0454   0.0010   0.0000   0.0025  -0.0088    0.195
    89   7.0478   0.9816   0.0681   0.0286   0.0242   0.0291   0.0291   0.0006   0.0000   0.0020  -0.0053    0.183
    90   7.0942   0.9572   0.0222   0.0096   0.0246   0.0101   0.0101   0.0002   0.0000   0.0008  -0.0017    0.175

  Surface # 4     horizontal_stabilizer (YDUP)            
     # Chordwise = 10   # Spanwise = 30     First strip = 91
     Surface area =   20.071465       Ave. chord =    2.826957
     CLsurf  =   0.00980     Clsurf  =   0.00085
     CYsurf  =   0.00015     Cmsurf  =  -0.04332
     CDsurf  =   0.00025     Cnsurf  =  -0.00008
     CDisurf =   0.00025     CDvsurf =   0.00000

  Forces referred to Ssurf, Cave about hinge axis thru LE
     CLsurf  =   0.06099     CDsurf  =   0.00153
     Deflect =

 Strip Forces referred to Strip Area, Chord
    j      Yle    Chord     Area     c cl      ai      cl_norm  cl       cd       cdv    cm_c/4    cm_LE  C.P.x/c
    91  -0.0046   4.6976   0.0861   0.2341   0.0436   0.0498   0.0498   0.0023   0.0000   0.0007   0.0117    0.236
    92  -0.0412   4.6783   0.2563   0.2339   0.0435   0.0500   0.0500   0.0014   0.0000   0.0007   0.0117    0.236
    93  -0.1140   4.6399   0.4206   0.2337   0.0433   0.0504   0.0504   0.0014   0.0000   0.0007   0.0118    0.236
    94  -0.2222   4.5828   0.5752   0.2334   0.0430   0.0509   0.0509   0.0014   0.0000   0.0007   0.0119    0.236
    95  -0.3647   4.5076   0.7167   0.2326   0.0426   0.0516   0.0516   0.0014   0.0000   0.0007   0.0120    0.236
    96  -0.5398   4.4152   0.8422   0.2314   0.0421   0.0524   0.0524   0.0014   0.0000   0.0007   0.0122    0.236
    97  -0.7511   4.3037   0.9974   0.2295   0.0412   0.0533   0.0533   0.0014   0.0000   0.0008   0.0125    0.236
    98  -0.9975   4.1737   1.0868   0.2268   0.0400   0.0543   0.0543   0.0014   0.0000   0.0007   0.0127    0.236
    99  -1.2712   4.0293   1.1531   0.2233   0.0382   0.0554   0.0554   0.0014   0.0000   0.0007   0.0130    0.237
   100  -1.5691   3.8721   1.1959   0.2189   0.0359   0.0565   0.0565   0.0015   0.0000   0.0007   0.0133    0.238
   101  -1.8880   3.7039   1.2153   0.2138   0.0330   0.0577   0.0577   0.0015   0.0000   0.0007   0.0136    0.238
   102  -2.2244   3.5264   1.2123   0.2081   0.0303   0.0590   0.0590   0.0015   0.0000   0.0006   0.0140    0.239
   103  -2.5747   3.3416   1.1886   0.2019   0.0282   0.0604   0.0604   0.0016   0.0000   0.0006   0.0143    0.240
   104  -2.9349   3.1516   1.1463   0.1953   0.0268   0.0620   0.0620   0.0016   0.0000   0.0006   0.0147    0.240
   105  -3.3011   2.9584   1.0879   0.1884   0.0257   0.0637   0.0637   0.0016   0.0000   0.0006   0.0151    0.240
   106  -3.6693   2.7641   1.0165   0.1811   0.0248   0.0655   0.0655   0.0017   0.0000   0.0007   0.0156    0.240
   107  -4.0356   2.5709   0.9351   0.1735   0.0240   0.0675   0.0675   0.0016   0.0000   0.0007   0.0160    0.239
   108  -4.3958   2.3808   0.8469   0.1654   0.0234   0.0695   0.0695   0.0016   0.0000   0.0008   0.0164    0.239
   109  -4.7460   2.1961   0.7550   0.1570   0.0228   0.0715   0.0715   0.0017   0.0000   0.0009   0.0168    0.238
   110  -5.0824   2.0186   0.6623   0.1480   0.0223   0.0733   0.0733   0.0017   0.0000   0.0010   0.0172    0.236
   111  -5.4013   1.8503   0.5714   0.1384   0.0220   0.0748   0.0748   0.0017   0.0000   0.0011   0.0174    0.235
   112  -5.6992   1.6931   0.4845   0.1282   0.0218   0.0757   0.0757   0.0017   0.0000   0.0013   0.0174    0.233
   113  -5.9729   1.5487   0.4033   0.1174   0.0218   0.0758   0.0758   0.0016   0.0000   0.0015   0.0173    0.230
   114  -6.2193   1.4187   0.3288   0.1059   0.0219   0.0746   0.0746   0.0016   0.0000   0.0018   0.0167    0.226
   115  -6.4358   1.3045   0.2616   0.0936   0.0221   0.0718   0.0717   0.0015   0.0000   0.0020   0.0157    0.222
   116  -6.6379   1.1979   0.2413   0.0799   0.0225   0.0667   0.0667   0.0014   0.0000   0.0023   0.0142    0.215
   117  -6.8184   1.1027   0.1754   0.0640   0.0230   0.0580   0.0580   0.0012   0.0000   0.0026   0.0118    0.206
   118  -6.9555   1.0303   0.1183   0.0468   0.0236   0.0454   0.0454   0.0010   0.0000   0.0025   0.0088    0.195
   119  -7.0478   0.9816   0.0681   0.0286   0.0242   0.0291   0.0291   0.0006   0.0000   0.0020   0.0053    0.183
   120  -7.0942   0.9572   0.0222   0.0096   0.0246   0.0101   0.0101   0.0002   0.0000   0.0008   0.0017    0.175

  Surface # 5     vertical_stabilizer                     
     # Chordwise = 10   # Spanwise = 30     First strip =121
     Surface area =   27.880133       Ave. chord =    3.584947
     CLsurf  =   0.00000     Clsurf  =   0.00000
     CYsurf  =   0.00000     Cmsurf  =  -0.00000
     CDsurf  =  -0.00000     Cnsurf  =  -0.00000
     CDisurf =  -0.00000     CDvsurf =   0.00000

  Forces referred to Ssurf, Cave about hinge axis thru LE
     CLsurf  =  -0.00000     CDsurf  =  -0.00000
     Deflect =

 Strip Forces referred to Strip Area, Chord
    j      Yle    Chord     Area     c cl      ai      cl_norm  cl       cd       cdv    cm_c/4    cm_LE  C.P.x/c
   121   0.0000   8.1257   0.4979  -0.0000   0.0000  -0.0000  -0.0000  -0.0000   0.0000   0.0000   0.0000    0.274
   122   0.0000   7.9240   0.7939  -0.0000   0.0000  -0.0000  -0.0000  -0.0000   0.0000   0.0000   0.0000    0.281
   123   0.0000   7.6259   1.0550  -0.0000  -0.0000  -0.0000  -0.0000  -0.0000   0.0000   0.0000   0.0000    0.283
   124   0.0000   7.2338   1.2682  -0.0000   0.0000  -0.0000  -0.0000  -0.0000   0.0000   0.0000   0.0000    0.284
   125   0.0000   6.7513   1.4226  -0.0000   0.0000  -0.0000  -0.0000  -0.0000   0.0000   0.0000   0.0000    0.283
   126   0.0000   6.1827   1.5094  -0.0000   0.0000  -0.0000  -0.0000  -0.0000   0.0000   0.0000   0.0000    0.286
   127   0.0000   5.5336   1.5228  -0.0000   0.0000  -0.0000  -0.0000  -0.0000   0.0000   0.0000   0.0000    0.286
   128   0.0000   4.8100   1.4602  -0.0000   0.0000  -0.0000  -0.0000  -0.0000   0.0000   0.0000   0.0000    0.278
   129   0.0000   4.3478   1.3898  -0.0000   0.0000  -0.0000  -0.0000  -0.0000   0.0000  -0.0000   0.0000    0.246
   130   0.0000   4.1900   1.4293  -0.0000   0.0000  -0.0000  -0.0000  -0.0000   0.0000  -0.0000   0.0000    0.246
   131   0.0000   4.0228   1.4447  -0.0000   0.0000  -0.0000  -0.0000  -0.0000   0.0000  -0.0000   0.0000    0.246
   132   0.0000   3.8479   1.4371  -0.0000   0.0000  -0.0000  -0.0000  -0.0000   0.0000  -0.0000   0.0000    0.247
   133   0.0000   3.6670   1.4082  -0.0000   0.0000  -0.0000  -0.0000  -0.0000   0.0000  -0.0000   0.0000    0.247
   134   0.0000   3.4821   1.3602  -0.0000   0.0000  -0.0000  -0.0000  -0.0000   0.0000  -0.0000   0.0000    0.247
   135   0.0000   3.2949   1.2955  -0.0000   0.0000  -0.0000  -0.0000  -0.0000   0.0000  -0.0000   0.0000    0.246
   136   0.0000   3.1075   1.2172  -0.0000   0.0000  -0.0000  -0.0000  -0.0000   0.0000  -0.0000   0.0000    0.247
   137   0.0000   2.9218   1.1282  -0.0000   0.0000  -0.0000  -0.0000  -0.0000   0.0000  -0.0000   0.0000    0.244
   138   0.0000   2.7397   1.0316  -0.0000   0.0000  -0.0000  -0.0000  -0.0000   0.0000  -0.0000   0.0000    0.248
   139   0.0000   2.5631   0.9305  -0.0000   0.0000  -0.0000  -0.0000  -0.0000   0.0000  -0.0000   0.0000    0.249
   140   0.0000   2.3939   0.8277  -0.0000   0.0000  -0.0000  -0.0000  -0.0000   0.0000  -0.0000   0.0000    0.249
   141   0.0000   2.2338   0.7257  -0.0000   0.0000  -0.0000  -0.0000  -0.0000   0.0000  -0.0000   0.0000    0.248
   142   0.0000   2.0845   0.6265  -0.0000   0.0000  -0.0000  -0.0000  -0.0000   0.0000  -0.0000   0.0000    0.247
   143   0.0000   1.9475   0.5319  -0.0000   0.0000  -0.0000  -0.0000  -0.0000   0.0000  -0.0000   0.0000    0.244
   144   0.0000   1.8243   0.4429  -0.0000   0.0000  -0.0000  -0.0000  -0.0000   0.0000  -0.0000   0.0000    0.238
   145   0.0000   1.7162   0.3603  -0.0000   0.0000  -0.0000  -0.0000  -0.0000   0.0000  -0.0000   0.0000    0.237
   146   0.0000   1.6244   0.2840  -0.0000   0.0000  -0.0000  -0.0000  -0.0000   0.0000  -0.0000   0.0000    0.229
   147   0.0000   1.5497   0.2138  -0.0000   0.0000  -0.0000  -0.0000  -0.0000   0.0000  -0.0000   0.0000    0.224
   148   0.0000   1.4930   0.1487  -0.0000   0.0000  -0.0000  -0.0000  -0.0000   0.0000  -0.0000   0.0000    0.215
   149   0.0000   1.4548   0.0875  -0.0000   0.0000  -0.0000  -0.0000  -0.0000   0.0000  -0.0000   0.0000    0.207
   150   0.0000   1.4357   0.0289  -0.0000   0.0000  -0.0000  -0.0000  -0.0000   0.0000  -0.0000   0.0000    0.204

  Surface # 6     fuselage_horizontal                     
     # Chordwise = 10   # Spanwise = 10     First strip =151
     Surface area =  123.841209       Ave. chord =   33.112621
     CLsurf  =   0.00244     Clsurf  =   0.00000
     CYsurf  =   0.00000     Cmsurf  =   0.02284
     CDsurf  =  -0.00009     Cnsurf  =  -0.00000
     CDisurf =  -0.00009     CDvsurf =   0.00000

  Forces referred to Ssurf, Cave about hinge axis thru LE
     CLsurf  =   0.00246     CDsurf  =  -0.00009
     Deflect =

 Strip Forces referred to Strip Area, Chord
    j      Yle    Chord     Area     c cl      ai      cl_norm  cl       cd       cdv    cm_c/4    cm_LE  C.P.x/c
   151  -1.6830  26.5957   9.9468   0.0622   0.0559   0.0293   0.0024  -0.0004   0.0000   0.0017   0.0002   -0.481
   152  -1.3090  31.2096  11.6724   0.0801   0.0546   0.0100   0.0026  -0.0002   0.0000   0.0023   0.0004   -0.631
   153  -0.9350  34.0626  12.7394   0.0841   0.0497   0.0060   0.0025  -0.0001   0.0000   0.0027   0.0007   -0.824
   154  -0.5610  36.1619  13.5246   0.0884   0.0501   0.0041   0.0024  -0.0000   0.0000   0.0028   0.0010   -0.894
   155  -0.1870  37.5333  14.0374   0.0913   0.0513   0.0028   0.0024   0.0001   0.0000   0.0028   0.0015   -0.907
   156   0.1870  37.5333  14.0374   0.0913   0.0513   0.0028   0.0024   0.0001   0.0000   0.0028   0.0015   -0.907
   157   0.5610  36.1619  13.5246   0.0884   0.0501   0.0041   0.0024  -0.0000   0.0000   0.0028   0.0010   -0.894
   158   0.9350  34.0626  12.7394   0.0841   0.0497   0.0060   0.0025  -0.0001   0.0000   0.0027   0.0007   -0.824
   159   1.3090  31.2096  11.6724   0.0801   0.0546   0.0100   0.0026  -0.0002   0.0000   0.0023   0.0004   -0.631
   160   1.6830  26.5957   9.9468   0.0622   0.0559   0.0293   0.0024  -0.0004   0.0000   0.0017   0.0002   -0.481

  Surface # 7     fuselage_vertical                       
     # Chordwise = 10   # Spanwise = 10     First strip =161
     Surface area =  123.841209       Ave. chord =   33.112621
     CLsurf  =  -0.00000     Clsurf  =   0.00000
     CYsurf  =   0.00000     Cmsurf  =   0.00000
     CDsurf  =   0.00000     Cnsurf  =   0.00000
     CDisurf =   0.00000     CDvsurf =   0.00000

  Forces referred to Ssurf, Cave about hinge axis thru LE
     CLsurf  =  -0.00000     CDsurf  =   0.00000
     Deflect =

 Strip Forces referred to Strip Area, Chord
    j      Yle    Chord     Area     c cl      ai      cl_norm  cl       cd       cdv    cm_c/4    cm_LE  C.P.x/c
   161   0.0000  26.5957   9.9468  -0.0000  -0.0000  -0.0000  -0.0000  -0.0000   0.0000  -0.0000  -0.0000    0.080
   162   0.0000  31.2096  11.6724  -0.0000   0.0000  -0.0000  -0.0000  -0.0000   0.0000  -0.0000   0.0000    0.148
   163   0.0000  34.0626  12.7394  -0.0000   0.0000  -0.0000  -0.0000  -0.0000   0.0000  -0.0000   0.0000    0.118
   164   0.0000  36.1619  13.5246  -0.0000   0.0000  -0.0000  -0.0000   0.0000   0.0000  -0.0000   0.0000    0.149
   165   0.0000  37.5333  14.0374  -0.0000   0.0000  -0.0000  -0.0000   0.0000   0.0000  -0.0000   0.0000    0.203
   166   0.0000  37.5333  14.0374  -0.0000   0.0000  -0.0000  -0.0000   0.0000   0.0000   0.0000   0.0000    0.313
   167   0.0000  36.1619  13.5246  -0.0000  -0.0000  -0.0000  -0.0000   0.0000   0.0000   0.0000   0.0000    0.376
   168   0.0000  34.0626  12.7394  -0.0000  -0.0000  -0.0000  -0.0000   0.0000   0.0000   0.0000   0.0000    0.429
   169   0.0000  31.2096  11.6724  -0.0000   0.0000  -0.0000  -0.0000  -0.0000   0.0000   0.0000   0.0000    0.482
   170   0.0000  26.5957   9.9468  -0.0000   0.0000  -0.0000  -0.0000  -0.0000   0.0000   0.0000   0.0000    0.537
 ---------------------------------------------------------------
