 ---------------------------------------------------------------
 Surface and Strip Forces by surface

  Forces referred to Sref, Cref, Bref about Xref, Yref, Zref
 Standard axis orientation,  X fwd, Z down         

  Surface # 1     main_wing                               
     # Chordwise = 10   # Spanwise = 30     First strip =  1
     Surface area =   63.968842       Ave. chord =    3.715026
     CLsurf  =   0.04270     Clsurf  =  -0.00829
     CYsurf  =  -0.00305     Cmsurf  =  -0.04365
     CDsurf  =   0.00016     Cnsurf  =   0.00045
     CDisurf =   0.00016     CDvsurf =   0.00000

  Forces referred to Ssurf, Cave about hinge axis thru LE
     CLsurf  =   0.08356     CDsurf  =   0.00030
     Deflect =

 Strip Forces referred to Strip Area, Chord
    j      Yle    Chord     Area     c cl      ai      cl_norm  cl       cd       cdv    cm_c/4    cm_LE  C.P.x/c
     1   0.0114   7.7520   0.3539   0.5259   0.0123   0.0875   0.0678   0.0057   0.0000  -0.0121  -0.0237    0.429
     2   0.1025   7.6885   1.0492   0.5213   0.0121   0.0874   0.0678   0.0013   0.0000  -0.0121  -0.0237    0.428
     3   0.2837   7.5620   1.7073   0.5199   0.0116   0.0886   0.0688   0.0010   0.0000  -0.0119  -0.0237    0.424
     4   0.5530   7.3741   2.3052   0.5171   0.0109   0.0904   0.0701   0.0009   0.0000  -0.0117  -0.0238    0.416
     5   0.9075   7.1267   2.8223   0.5117   0.0102   0.0926   0.0718   0.0008   0.0000  -0.0113  -0.0239    0.408
     6   1.3432   6.8226   3.2414   0.5031   0.0096   0.0951   0.0737   0.0008   0.0000  -0.0110  -0.0240    0.399
     7   1.8554   6.4651   3.5491   0.4903   0.0096   0.0978   0.0758   0.0007   0.0000  -0.0107  -0.0241    0.391
     8   2.4386   6.0582   3.7368   0.4731   0.0094   0.1007   0.0781   0.0006   0.0000  -0.0104  -0.0244    0.383
     9   3.0862   5.6062   3.8005   0.4514   0.0080   0.1038   0.0805   0.0005   0.0000  -0.0103  -0.0248    0.378
    10   3.7613   5.1351   3.4440   0.4271   0.0063   0.1072   0.0832   0.0004   0.0000  -0.0107  -0.0257    0.379
    11   4.4532   4.6522   3.3149   0.4019   0.0049   0.1114   0.0864   0.0002   0.0000  -0.0119  -0.0273    0.388
    12   5.1831   4.1429   3.0930   0.3743   0.0025   0.1165   0.0903   0.0000   0.0000  -0.0137  -0.0295    0.401
    13   6.0123   3.7903   3.4706   0.3488   0.0014   0.1121   0.0920  -0.0001   0.0000  -0.0149  -0.0337    0.412
    14   6.9353   3.6075   3.3775   0.3290   0.0024   0.1111   0.0912  -0.0000   0.0000  -0.0151  -0.0337    0.416
    15   7.8737   3.4215   3.2389   0.3107   0.0029   0.1106   0.0908  -0.0000   0.0000  -0.0152  -0.0337    0.417
    16   8.8172   3.2345   3.0619   0.2933   0.0031   0.1104   0.0907  -0.0000   0.0000  -0.0152  -0.0336    0.417
    17   9.7556   3.0486   2.8543   0.2765   0.0032   0.1105   0.0907  -0.0000   0.0000  -0.0151  -0.0336    0.417
    18  10.6786   2.8657   2.6240   0.2601   0.0033   0.1106   0.0908  -0.0000   0.0000  -0.0151  -0.0336    0.417
    19  11.5760   2.6879   2.3787   0.2441   0.0033   0.1106   0.0908  -0.0000   0.0000  -0.0151  -0.0336    0.416
    20  12.4328   2.5181   2.1010   0.2285   0.0034   0.1105   0.0907  -0.0000   0.0000  -0.0150  -0.0335    0.416
    21  13.2400   2.3582   1.8520   0.2131   0.0037   0.1100   0.0904  -0.0000   0.0000  -0.0149  -0.0333    0.415
    22  13.9941   2.2087   1.6074   0.1977   0.0042   0.1090   0.0895  -0.0000   0.0000  -0.0148  -0.0330    0.415
    23  14.6868   2.0715   1.3716   0.1820   0.0049   0.1070   0.0879  -0.0000   0.0000  -0.0146  -0.0325    0.416
    24  15.3105   1.9479   1.1479   0.1655   0.0059   0.1034   0.0849  -0.0000   0.0000  -0.0142  -0.0315    0.417
    25  15.8583   1.8393   0.9381   0.1471   0.0073   0.0974   0.0800   0.0000   0.0000  -0.0135  -0.0298    0.419
    26  16.3244   1.7470   0.7427   0.1258   0.0088   0.0877   0.0720   0.0000   0.0000  -0.0127  -0.0273    0.427
    27  16.6722   1.4928   0.4131   0.1028   0.0111   0.2300   0.0689  -0.0001   0.0000  -0.0111  -0.0132    0.411
    28  16.9098   1.1466   0.2292   0.0791   0.0157   0.2304   0.0690  -0.0004   0.0000  -0.0086  -0.0121    0.375
    29  17.0696   0.9138   0.1104   0.0508   0.0206   0.1855   0.0556  -0.0006   0.0000  -0.0047  -0.0087    0.335
    30  17.1499   0.7967   0.0322   0.0176   0.0234   0.0737   0.0221  -0.0007   0.0000  -0.0013  -0.0032    0.307

  Surface # 2     main_wing (YDUP)                        
     # Chordwise = 10   # Spanwise = 30     First strip = 31
     Surface area =   63.968842       Ave. chord =    3.715026
     CLsurf  =   0.04270     Clsurf  =   0.00829
     CYsurf  =   0.00305     Cmsurf  =  -0.04365
     CDsurf  =   0.00016     Cnsurf  =  -0.00045
     CDisurf =   0.00016     CDvsurf =   0.00000

  Forces referred to Ssurf, Cave about hinge axis thru LE
     CLsurf  =   0.08356     CDsurf  =   0.00030
     Deflect =

 Strip Forces referred to Strip Area, Chord
    j      Yle    Chord     Area     c cl      ai      cl_norm  cl       cd       cdv    cm_c/4    cm_LE  C.P.x/c
    31  -0.0114   7.7520   0.3539   0.5259   0.0123   0.0875   0.0678   0.0057   0.0000  -0.0121   0.0237    0.429
    32  -0.1025   7.6885   1.0492   0.5213   0.0121   0.0874   0.0678   0.0013   0.0000  -0.0121   0.0237    0.428
    33  -0.2837   7.5620   1.7073   0.5199   0.0116   0.0886   0.0688   0.0010   0.0000  -0.0119   0.0237    0.424
    34  -0.5530   7.3741   2.3052   0.5171   0.0109   0.0904   0.0701   0.0009   0.0000  -0.0117   0.0238    0.416
    35  -0.9075   7.1267   2.8223   0.5117   0.0102   0.0926   0.0718   0.0008   0.0000  -0.0113   0.0239    0.408
    36  -1.3432   6.8226   3.2414   0.5031   0.0096   0.0951   0.0737   0.0008   0.0000  -0.0110   0.0240    0.399
    37  -1.8554   6.4651   3.5491   0.4903   0.0096   0.0978   0.0758   0.0007   0.0000  -0.0107   0.0241    0.391
    38  -2.4386   6.0582   3.7368   0.4731   0.0094   0.1007   0.0781   0.0006   0.0000  -0.0104   0.0244    0.383
    39  -3.0862   5.6062   3.8005   0.4514   0.0080   0.1038   0.0805   0.0005   0.0000  -0.0103   0.0248    0.378
    40  -3.7613   5.1351   3.4440   0.4271   0.0063   0.1072   0.0832   0.0004   0.0000  -0.0107   0.0257    0.379
    41  -4.4532   4.6522   3.3149   0.4018   0.0049   0.1114   0.0864   0.0002   0.0000  -0.0119   0.0273    0.388
    42  -5.1831   4.1429   3.0930   0.3743   0.0025   0.1165   0.0903   0.0000   0.0000  -0.0137   0.0295    0.401
    43  -6.0123   3.7903   3.4706   0.3488   0.0014   0.1121   0.0920  -0.0001   0.0000  -0.0149   0.0337    0.412
    44  -6.9353   3.6075   3.3775   0.3290   0.0024   0.1111   0.0912  -0.0000   0.0000  -0.0151   0.0337    0.416
    45  -7.8737   3.4215   3.2389   0.3107   0.0029   0.1106   0.0908  -0.0000   0.0000  -0.0152   0.0337    0.417
    46  -8.8172   3.2345   3.0619   0.2933   0.0031   0.1104   0.0907  -0.0000   0.0000  -0.0152   0.0336    0.417
    47  -9.7556   3.0486   2.8543   0.2765   0.0032   0.1105   0.0907  -0.0000   0.0000  -0.0151   0.0336    0.417
    48 -10.6786   2.8657   2.6240   0.2601   0.0033   0.1106   0.0908  -0.0000   0.0000  -0.0151   0.0336    0.417
    49 -11.5760   2.6879   2.3787   0.2441   0.0033   0.1106   0.0908  -0.0000   0.0000  -0.0151   0.0336    0.416
    50 -12.4328   2.5181   2.1010   0.2285   0.0034   0.1105   0.0907  -0.0000   0.0000  -0.0150   0.0335    0.416
    51 -13.2400   2.3582   1.8520   0.2131   0.0037   0.1100   0.0904  -0.0000   0.0000  -0.0149   0.0333    0.415
    52 -13.9941   2.2087   1.6074   0.1977   0.0042   0.1090   0.0895  -0.0000   0.0000  -0.0148   0.0330    0.415
    53 -14.6868   2.0715   1.3716   0.1820   0.0049   0.1070   0.0879  -0.0000   0.0000  -0.0146   0.0325    0.416
    54 -15.3105   1.9479   1.1479   0.1655   0.0059   0.1034   0.0849  -0.0000   0.0000  -0.0142   0.0315    0.417
    55 -15.8583   1.8393   0.9381   0.1471   0.0073   0.0974   0.0800   0.0000   0.0000  -0.0135   0.0298    0.419
    56 -16.3244   1.7470   0.7427   0.1258   0.0088   0.0877   0.0720   0.0000   0.0000  -0.0127   0.0273    0.427
    57 -16.6722   1.4928   0.4131   0.1028   0.0111   0.2300   0.0689  -0.0001   0.0000  -0.0111   0.0132    0.411
    58 -16.9098   1.1466   0.2292   0.0791   0.0157   0.2304   0.0690  -0.0004   0.0000  -0.0086   0.0121    0.375
    59 -17.0696   0.9138   0.1104   0.0508   0.0206   0.1855   0.0556  -0.0006   0.0000  -0.0047   0.0087    0.335
    60 -17.1499   0.7967   0.0322   0.0176   0.0234   0.0737   0.0221  -0.0007   0.0000  -0.0013   0.0032    0.307

  Surface # 3     horizontal_stabilizer                   
     # Chordwise = 10   # Spanwise = 30     First strip = 61
     Surface area =   20.301460       Ave. chord =    2.826985
     CLsurf  =  -0.00383     Clsurf  =   0.00036
     CYsurf  =   0.00060     Cmsurf  =   0.01904
     CDsurf  =  -0.00002     Cnsurf  =  -0.00037
     CDisurf =  -0.00002     CDvsurf =   0.00000

  Forces referred to Ssurf, Cave about hinge axis thru LE
     CLsurf  =  -0.02386     CDsurf  =  -0.00011
     Deflect =

 Strip Forces referred to Strip Area, Chord
    j      Yle    Chord     Area     c cl      ai      cl_norm  cl       cd       cdv    cm_c/4    cm_LE  C.P.x/c
    61   0.0046   4.6976   0.0871  -0.0899   0.0037  -0.0313  -0.0191   0.0011   0.0000   0.0014   0.0045    0.323
    62   0.0412   4.6783   0.2592  -0.0915   0.0036  -0.0319  -0.0196   0.0000   0.0000   0.0014   0.0046    0.321
    63   0.1140   4.6399   0.4254  -0.0917   0.0034  -0.0323  -0.0198  -0.0000   0.0000   0.0013   0.0046    0.317
    64   0.2222   4.5828   0.5818  -0.0918   0.0033  -0.0327  -0.0200  -0.0000   0.0000   0.0012   0.0045    0.309
    65   0.3647   4.5076   0.7249  -0.0919   0.0031  -0.0333  -0.0204  -0.0001   0.0000   0.0010   0.0045    0.300
    66   0.5398   4.4152   0.8518  -0.0920   0.0029  -0.0340  -0.0208  -0.0001   0.0000   0.0008   0.0044    0.290
    67   0.7511   4.3037   1.0088  -0.0919   0.0028  -0.0349  -0.0213  -0.0001   0.0000   0.0007   0.0044    0.281
    68   0.9975   4.1737   1.0993  -0.0916   0.0028  -0.0358  -0.0219  -0.0001   0.0000   0.0005   0.0044    0.272
    69   1.2712   4.0294   1.1663  -0.0910   0.0029  -0.0369  -0.0226  -0.0001   0.0000   0.0003   0.0044    0.265
    70   1.5691   3.8722   1.2096  -0.0899   0.0032  -0.0379  -0.0232  -0.0001   0.0000   0.0002   0.0044    0.260
    71   1.8880   3.7039   1.2292  -0.0884   0.0035  -0.0390  -0.0239  -0.0001   0.0000   0.0001   0.0045    0.256
    72   2.2244   3.5264   1.2262  -0.0864   0.0037  -0.0400  -0.0245  -0.0001   0.0000   0.0001   0.0045    0.252
    73   2.5747   3.3417   1.2022  -0.0837   0.0037  -0.0409  -0.0251  -0.0001   0.0000   0.0000   0.0046    0.250
    74   2.9349   3.1516   1.1594  -0.0805   0.0036  -0.0417  -0.0256  -0.0001   0.0000  -0.0000   0.0047    0.249
    75   3.3011   2.9584   1.1004  -0.0768   0.0034  -0.0424  -0.0260  -0.0001   0.0000  -0.0001   0.0047    0.248
    76   3.6693   2.7641   1.0281  -0.0727   0.0032  -0.0429  -0.0263  -0.0002   0.0000  -0.0001   0.0048    0.247
    77   4.0356   2.5709   0.9458  -0.0682   0.0030  -0.0433  -0.0265  -0.0002   0.0000  -0.0001   0.0048    0.247
    78   4.3958   2.3809   0.8566  -0.0635   0.0029  -0.0435  -0.0267  -0.0002   0.0000  -0.0001   0.0048    0.246
    79   4.7460   2.1961   0.7636  -0.0586   0.0028  -0.0436  -0.0267  -0.0002   0.0000  -0.0001   0.0048    0.246
    80   5.0824   2.0186   0.6699  -0.0538   0.0026  -0.0435  -0.0266  -0.0002   0.0000  -0.0001   0.0048    0.245
    81   5.4013   1.8503   0.5780  -0.0490   0.0025  -0.0432  -0.0265  -0.0002   0.0000  -0.0002   0.0047    0.244
    82   5.6992   1.6932   0.4901  -0.0443   0.0023  -0.0427  -0.0262  -0.0002   0.0000  -0.0002   0.0046    0.241
    83   5.9729   1.5488   0.4079  -0.0397   0.0021  -0.0419  -0.0257  -0.0002   0.0000  -0.0003   0.0045    0.238
    84   6.2193   1.4188   0.3326  -0.0353   0.0019  -0.0406  -0.0249  -0.0001   0.0000  -0.0005   0.0042    0.231
    85   6.4358   1.3046   0.2646  -0.0308   0.0016  -0.0385  -0.0236  -0.0001   0.0000  -0.0007   0.0038    0.222
    86   6.6379   1.1979   0.2441  -0.0260   0.0012  -0.0354  -0.0217  -0.0001   0.0000  -0.0009   0.0033    0.207
    87   6.8184   1.1027   0.1774  -0.0207   0.0009  -0.0306  -0.0187  -0.0001   0.0000  -0.0012   0.0025    0.184
    88   6.9555   1.0303   0.1197  -0.0150   0.0007  -0.0238  -0.0146  -0.0001   0.0000  -0.0014   0.0017    0.155
    89   7.0478   0.9816   0.0689  -0.0091   0.0005  -0.0151  -0.0093  -0.0001   0.0000  -0.0012   0.0009    0.126
    90   7.0942   0.9572   0.0225  -0.0031   0.0004  -0.0052  -0.0032  -0.0000   0.0000  -0.0005   0.0002    0.107

  Surface # 4     horizontal_stabilizer (YDUP)            
     # Chordwise = 10   # Spanwise = 30     First strip = 91
     Surface area =   20.301460       Ave. chord =    2.826985
     CLsurf  =  -0.00383     Clsurf  =  -0.00036
     CYsurf  =  -0.00060     Cmsurf  =   0.01904
     CDsurf  =  -0.00002     Cnsurf  =   0.00037
     CDisurf =  -0.00002     CDvsurf =   0.00000

  Forces referred to Ssurf, Cave about hinge axis thru LE
     CLsurf  =  -0.02386     CDsurf  =  -0.00011
     Deflect =

 Strip Forces referred to Strip Area, Chord
    j      Yle    Chord     Area     c cl      ai      cl_norm  cl       cd       cdv    cm_c/4    cm_LE  C.P.x/c
    91  -0.0046   4.6976   0.0871  -0.0899   0.0037  -0.0313  -0.0191   0.0011   0.0000   0.0014  -0.0045    0.323
    92  -0.0412   4.6783   0.2592  -0.0915   0.0036  -0.0319  -0.0196   0.0000   0.0000   0.0014  -0.0046    0.321
    93  -0.1140   4.6399   0.4254  -0.0917   0.0034  -0.0323  -0.0198  -0.0000   0.0000   0.0013  -0.0046    0.317
    94  -0.2222   4.5828   0.5818  -0.0918   0.0033  -0.0327  -0.0200  -0.0000   0.0000   0.0012  -0.0045    0.309
    95  -0.3647   4.5076   0.7249  -0.0919   0.0031  -0.0333  -0.0204  -0.0001   0.0000   0.0010  -0.0045    0.300
    96  -0.5398   4.4152   0.8518  -0.0920   0.0029  -0.0340  -0.0208  -0.0001   0.0000   0.0008  -0.0044    0.290
    97  -0.7511   4.3037   1.0088  -0.0919   0.0028  -0.0349  -0.0213  -0.0001   0.0000   0.0007  -0.0044    0.281
    98  -0.9975   4.1737   1.0993  -0.0916   0.0028  -0.0358  -0.0219  -0.0001   0.0000   0.0005  -0.0044    0.272
    99  -1.2712   4.0294   1.1663  -0.0910   0.0029  -0.0369  -0.0226  -0.0001   0.0000   0.0003  -0.0044    0.265
   100  -1.5691   3.8722   1.2096  -0.0899   0.0032  -0.0379  -0.0232  -0.0001   0.0000   0.0002  -0.0044    0.260
   101  -1.8880   3.7039   1.2292  -0.0884   0.0035  -0.0390  -0.0239  -0.0001   0.0000   0.0001  -0.0045    0.256
   102  -2.2244   3.5264   1.2262  -0.0864   0.0037  -0.0400  -0.0245  -0.0001   0.0000   0.0001  -0.0045    0.252
   103  -2.5747   3.3417   1.2022  -0.0837   0.0037  -0.0409  -0.0251  -0.0001   0.0000   0.0000  -0.0046    0.250
   104  -2.9349   3.1516   1.1594  -0.0805   0.0036  -0.0417  -0.0256  -0.0001   0.0000  -0.0000  -0.0047    0.249
   105  -3.3011   2.9584   1.1004  -0.0768   0.0034  -0.0424  -0.0260  -0.0001   0.0000  -0.0001  -0.0047    0.248
   106  -3.6693   2.7641   1.0281  -0.0727   0.0032  -0.0429  -0.0263  -0.0002   0.0000  -0.0001  -0.0048    0.247
   107  -4.0356   2.5709   0.9458  -0.0682   0.0030  -0.0433  -0.0265  -0.0002   0.0000  -0.0001  -0.0048    0.247
   108  -4.3958   2.3809   0.8566  -0.0635   0.0029  -0.0435  -0.0267  -0.0002   0.0000  -0.0001  -0.0048    0.246
   109  -4.7460   2.1961   0.7636  -0.0586   0.0028  -0.0436  -0.0267  -0.0002   0.0000  -0.0001  -0.0048    0.246
   110  -5.0824   2.0186   0.6699  -0.0538   0.0026  -0.0435  -0.0266  -0.0002   0.0000  -0.0001  -0.0048    0.245
   111  -5.4013   1.8503   0.5780  -0.0490   0.0025  -0.0432  -0.0265  -0.0002   0.0000  -0.0002  -0.0047    0.244
   112  -5.6992   1.6932   0.4901  -0.0443   0.0023  -0.0427  -0.0262  -0.0002   0.0000  -0.0002  -0.0046    0.241
   113  -5.9729   1.5488   0.4079  -0.0397   0.0021  -0.0419  -0.0257  -0.0002   0.0000  -0.0003  -0.0045    0.238
   114  -6.2193   1.4188   0.3326  -0.0353   0.0019  -0.0406  -0.0249  -0.0001   0.0000  -0.0005  -0.0042    0.231
   115  -6.4358   1.3046   0.2646  -0.0308   0.0016  -0.0385  -0.0236  -0.0001   0.0000  -0.0007  -0.0038    0.222
   116  -6.6379   1.1979   0.2441  -0.0260   0.0012  -0.0354  -0.0217  -0.0001   0.0000  -0.0009  -0.0033    0.207
   117  -6.8184   1.1027   0.1774  -0.0207   0.0009  -0.0306  -0.0187  -0.0001   0.0000  -0.0012  -0.0025    0.184
   118  -6.9555   1.0303   0.1197  -0.0150   0.0007  -0.0238  -0.0146  -0.0001   0.0000  -0.0014  -0.0017    0.155
   119  -7.0478   0.9816   0.0689  -0.0091   0.0005  -0.0151  -0.0093  -0.0001   0.0000  -0.0012  -0.0009    0.126
   120  -7.0942   0.9572   0.0225  -0.0031   0.0004  -0.0052  -0.0032  -0.0000   0.0000  -0.0005  -0.0002    0.107

  Surface # 5     vertical_stabilizer                     
     # Chordwise = 10   # Spanwise = 30     First strip =121
     Surface area =   27.879847       Ave. chord =    3.584910
     CLsurf  =   0.00000     Clsurf  =   0.00000
     CYsurf  =   0.00000     Cmsurf  =  -0.00000
     CDsurf  =  -0.00000     Cnsurf  =  -0.00000
     CDisurf =  -0.00000     CDvsurf =   0.00000

  Forces referred to Ssurf, Cave about hinge axis thru LE
     CLsurf  =  -0.00000     CDsurf  =  -0.00000
     Deflect =

 Strip Forces referred to Strip Area, Chord
    j      Yle    Chord     Area     c cl      ai      cl_norm  cl       cd       cdv    cm_c/4    cm_LE  C.P.x/c
   121   0.0000   8.1257   0.4979  -0.0000  -0.0000  -0.0000  -0.0000   0.0000   0.0000  -0.0000  -0.0000   -0.535
   122   0.0000   7.9240   0.7938  -0.0000  -0.0000  -0.0000  -0.0000  -0.0000   0.0000  -0.0000  -0.0000   -0.545
   123   0.0000   7.6259   1.0549  -0.0000  -0.0000  -0.0000  -0.0000  -0.0000   0.0000  -0.0000  -0.0000   -0.656
   124   0.0000   7.2338   1.2682  -0.0000   0.0000  -0.0000  -0.0000  -0.0000   0.0000  -0.0000  -0.0000   -0.674
   125   0.0000   6.7513   1.4225  -0.0000   0.0000  -0.0000  -0.0000  -0.0000   0.0000  -0.0000  -0.0000   -0.837
   126   0.0000   6.1827   1.5094  -0.0000   0.0000  -0.0000  -0.0000  -0.0000   0.0000  -0.0000  -0.0000   -0.843
   127   0.0000   5.5336   1.5228  -0.0000   0.0000  -0.0000  -0.0000  -0.0000   0.0000  -0.0000  -0.0000   -0.756
   128   0.0000   4.8100   1.4602  -0.0000  -0.0000  -0.0000  -0.0000  -0.0000   0.0000  -0.0000  -0.0000   -0.521
   129   0.0000   4.3477   1.3899  -0.0000  -0.0000  -0.0000  -0.0000  -0.0000   0.0000  -0.0000  -0.0000   -0.489
   130   0.0000   4.1900   1.4293  -0.0000  -0.0000  -0.0000  -0.0000  -0.0000   0.0000  -0.0000  -0.0000   -0.310
   131   0.0000   4.0228   1.4447  -0.0000  -0.0000  -0.0000  -0.0000  -0.0000   0.0000  -0.0000  -0.0000   -0.195
   132   0.0000   3.8479   1.4371  -0.0000  -0.0000  -0.0000  -0.0000  -0.0000   0.0000  -0.0000  -0.0000   -0.091
   133   0.0000   3.6670   1.4082  -0.0000  -0.0000  -0.0000  -0.0000  -0.0000   0.0000  -0.0000  -0.0000   -0.013
   134   0.0000   3.4821   1.3602  -0.0000  -0.0000  -0.0000  -0.0000  -0.0000   0.0000  -0.0000   0.0000    0.063
   135   0.0000   3.2949   1.2955  -0.0000  -0.0000  -0.0000  -0.0000  -0.0000   0.0000  -0.0000   0.0000    0.102
   136   0.0000   3.1075   1.2172  -0.0000  -0.0000  -0.0000  -0.0000  -0.0000   0.0000  -0.0000   0.0000    0.114
   137   0.0000   2.9218   1.1282  -0.0000   0.0000  -0.0000  -0.0000  -0.0000   0.0000  -0.0000   0.0000    0.134
   138   0.0000   2.7397   1.0316  -0.0000  -0.0000  -0.0000  -0.0000  -0.0000   0.0000  -0.0000   0.0000    0.153
   139   0.0000   2.5631   0.9305  -0.0000   0.0000  -0.0000  -0.0000  -0.0000   0.0000  -0.0000   0.0000    0.178
   140   0.0000   2.3939   0.8277  -0.0000   0.0000  -0.0000  -0.0000  -0.0000   0.0000  -0.0000   0.0000    0.195
   141   0.0000   2.2337   0.7257  -0.0000   0.0000  -0.0000  -0.0000  -0.0000   0.0000  -0.0000   0.0000    0.196
   142   0.0000   2.0844   0.6265  -0.0000   0.0000  -0.0000  -0.0000  -0.0000   0.0000  -0.0000   0.0000    0.203
   143   0.0000   1.9474   0.5319  -0.0000   0.0000  -0.0000  -0.0000  -0.0000   0.0000  -0.0000   0.0000    0.193
   144   0.0000   1.8243   0.4429  -0.0000   0.0000  -0.0000  -0.0000  -0.0000   0.0000  -0.0000   0.0000    0.181
   145   0.0000   1.7162   0.3603  -0.0000   0.0000  -0.0000  -0.0000  -0.0000   0.0000  -0.0000   0.0000    0.170
   146   0.0000   1.6243   0.2840  -0.0000   0.0000  -0.0000  -0.0000  -0.0000   0.0000  -0.0000   0.0000    0.159
   147   0.0000   1.5496   0.2138  -0.0000   0.0000  -0.0000  -0.0000  -0.0000   0.0000  -0.0000   0.0000    0.146
   148   0.0000   1.4929   0.1487  -0.0000  -0.0000  -0.0000  -0.0000  -0.0000   0.0000  -0.0000   0.0000    0.133
   149   0.0000   1.4548   0.0875  -0.0000   0.0000  -0.0000  -0.0000  -0.0000   0.0000  -0.0000   0.0000    0.112
   150   0.0000   1.4356   0.0289  -0.0000  -0.0000  -0.0000  -0.0000  -0.0000   0.0000  -0.0000   0.0000    0.109

  Surface # 6     fuselage_horizontal                     
     # Chordwise = 10   # Spanwise = 10     First strip =151
     Surface area =  123.841202       Ave. chord =   33.112617
     CLsurf  =  -0.00127     Clsurf  =   0.00000
     CYsurf  =  -0.00000     Cmsurf  =  -0.00070
     CDsurf  =   0.00000     Cnsurf  =   0.00000
     CDisurf =   0.00000     CDvsurf =   0.00000

  Forces referred to Ssurf, Cave about hinge axis thru LE
     CLsurf  =  -0.00128     CDsurf  =   0.00000
     Deflect =

 Strip Forces referred to Strip Area, Chord
    j      Yle    Chord     Area     c cl      ai      cl_norm  cl       cd       cdv    cm_c/4    cm_LE  C.P.x/c
   151  -1.6830  26.5957   9.9468  -0.0345  -0.0034  -0.0164  -0.0013  -0.0000   0.0000   0.0003   0.0001    0.446
   152  -1.3090  31.2096  11.6724  -0.0445  -0.0017  -0.0056  -0.0014   0.0000   0.0000   0.0002   0.0001    0.405
   153  -0.9350  34.0626  12.7394  -0.0452   0.0023  -0.0032  -0.0013   0.0000   0.0000   0.0001   0.0001    0.332
   154  -0.5610  36.1619  13.5246  -0.0442   0.0047  -0.0021  -0.0012   0.0000   0.0000   0.0000   0.0002    0.276
   155  -0.1870  37.5332  14.0374  -0.0434   0.0057  -0.0013  -0.0012   0.0000   0.0000  -0.0000   0.0002    0.246
   156   0.1870  37.5332  14.0374  -0.0434   0.0057  -0.0013  -0.0012   0.0000   0.0000  -0.0000   0.0002    0.246
   157   0.5610  36.1619  13.5246  -0.0442   0.0047  -0.0021  -0.0012   0.0000   0.0000   0.0000   0.0002    0.276
   158   0.9350  34.0626  12.7394  -0.0452   0.0023  -0.0032  -0.0013   0.0000   0.0000   0.0001   0.0001    0.332
   159   1.3090  31.2096  11.6724  -0.0445  -0.0017  -0.0056  -0.0014   0.0000   0.0000   0.0002   0.0001    0.405
   160   1.6830  26.5957   9.9468  -0.0345  -0.0034  -0.0164  -0.0013  -0.0000   0.0000   0.0003   0.0001    0.446

  Surface # 7     fuselage_vertical                       
     # Chordwise = 10   # Spanwise = 10     First strip =161
     Surface area =  123.841202       Ave. chord =   33.112617
     CLsurf  =  -0.00000     Clsurf  =   0.00000
     CYsurf  =   0.00000     Cmsurf  =   0.00000
     CDsurf  =  -0.00000     Cnsurf  =  -0.00000
     CDisurf =  -0.00000     CDvsurf =   0.00000

  Forces referred to Ssurf, Cave about hinge axis thru LE
     CLsurf  =  -0.00000     CDsurf  =  -0.00000
     Deflect =

 Strip Forces referred to Strip Area, Chord
    j      Yle    Chord     Area     c cl      ai      cl_norm  cl       cd       cdv    cm_c/4    cm_LE  C.P.x/c
   161   0.0000  26.5957   9.9468  -0.0000  -0.0000  -0.0000  -0.0000   0.0000   0.0000   0.0000   0.0000    0.513
   162   0.0000  31.2096  11.6724  -0.0000  -0.0000  -0.0000  -0.0000   0.0000   0.0000   0.0000   0.0000    0.560
   163   0.0000  34.0626  12.7394  -0.0000   0.0000  -0.0000  -0.0000  -0.0000   0.0000   0.0000   0.0000    0.584
   164   0.0000  36.1619  13.5246  -0.0000   0.0000  -0.0000  -0.0000  -0.0000   0.0000   0.0000   0.0000    0.597
   165   0.0000  37.5332  14.0374  -0.0000   0.0000  -0.0000  -0.0000  -0.0000   0.0000   0.0000   0.0000    0.607
   166   0.0000  37.5332  14.0374  -0.0000   0.0000  -0.0000  -0.0000  -0.0000   0.0000   0.0000   0.0000    0.598
   167   0.0000  36.1619  13.5246  -0.0000   0.0000  -0.0000  -0.0000  -0.0000   0.0000   0.0000   0.0000    0.573
   168   0.0000  34.0626  12.7394  -0.0000   0.0000  -0.0000  -0.0000  -0.0000   0.0000   0.0000   0.0000    0.533
   169   0.0000  31.2096  11.6724  -0.0000  -0.0000  -0.0000  -0.0000  -0.0000   0.0000   0.0000   0.0000    0.497
   170   0.0000  26.5957   9.9468  -0.0000  -0.0000  -0.0000  -0.0000  -0.0000   0.0000   0.0000   0.0000    0.489
 ---------------------------------------------------------------
