 ---------------------------------------------------------------
 Surface and Strip Forces by surface

  Forces referred to Sref, Cref, Bref about Xref, Yref, Zref
 Standard axis orientation,  X fwd, Z down         

  Surface # 1     main_wing                               
     # Chordwise = 10   # Spanwise = 30     First strip =  1
     Surface area =   63.968842       Ave. chord =    3.715026
     CLsurf  =   0.53289     Clsurf  =  -0.10513
     CYsurf  =  -0.02460     Cmsurf  =  -0.48334
     CDsurf  =   0.02348     Cnsurf  =  -0.01649
     CDisurf =   0.02348     CDvsurf =   0.00000

  Forces referred to Ssurf, Cave about hinge axis thru LE
     CLsurf  =   1.04101     CDsurf  =   0.04584
     Deflect =

 Strip Forces referred to Strip Area, Chord
    j      Yle    Chord     Area     c cl      ai      cl_norm  cl       cd       cdv    cm_c/4    cm_LE  C.P.x/c
     1   0.0114   7.7520   0.3539   6.7832   0.2303   0.8917   0.6921   1.1105   0.0000  -0.0488  -0.2204    0.321
     2   0.1025   7.6885   1.0491   6.0103   0.2301   0.9752   0.7568   0.2089   0.0000  -0.0483  -0.2010    0.314
     3   0.2837   7.5620   1.7073   5.9474   0.2292   0.9941   0.7716   0.1530   0.0000  -0.0453  -0.1995    0.309
     4   0.5530   7.3741   2.3052   5.9156   0.2263   1.0195   0.7912   0.1320   0.0000  -0.0405  -0.1989    0.301
     5   0.9075   7.1267   2.8223   5.8783   0.2195   1.0506   0.8154   0.1254   0.0000  -0.0351  -0.1992    0.293
     6   1.3432   6.8226   3.2414   5.8115   0.2025   1.0898   0.8458   0.1083   0.0000  -0.0301  -0.2007    0.286
     7   1.8554   6.4651   3.5491   5.7094   0.1657   1.1359   0.8816   0.0856   0.0000  -0.0260  -0.2039    0.279
     8   2.4386   6.0582   3.7368   5.5737   0.1295   1.1863   0.9207   0.0765   0.0000  -0.0228  -0.2089    0.275
     9   3.0862   5.6062   3.8005   5.4069   0.1141   1.2472   0.9679   0.0644   0.0000  -0.0203  -0.2162    0.271
    10   3.7613   5.1351   3.4440   5.1301   0.1017   1.2960   1.0058   0.0491   0.0000  -0.0222  -0.2249    0.272
    11   4.4532   4.6522   3.3149   4.9313   0.0859   1.3791   1.0703   0.0344   0.0000  -0.0195  -0.2353    0.268
    12   5.1831   4.1429   3.0930   4.6758   0.0609   1.4735   1.1435   0.0142   0.0000  -0.0173  -0.2477    0.265
    13   6.0123   3.7903   3.4706   4.3917   0.0431   1.4451   1.1758   0.0041   0.0000  -0.0089  -0.2719    0.258
    14   6.9353   3.6075   3.3775   4.1655   0.0394   1.4400   1.1717   0.0048   0.0000  -0.0089  -0.2711    0.258
    15   7.8737   3.4215   3.2389   3.9554   0.0332   1.4420   1.1733   0.0033   0.0000  -0.0094  -0.2718    0.258
    16   8.8172   3.2345   3.0619   3.7537   0.0290   1.4481   1.1783   0.0011   0.0000  -0.0101  -0.2734    0.259
    17   9.7556   3.0486   2.8543   3.5516   0.0277   1.4542   1.1833  -0.0013   0.0000  -0.0110  -0.2753    0.259
    18  10.6786   2.8657   2.6239   3.3511   0.0285   1.4601   1.1881  -0.0035   0.0000  -0.0120  -0.2772    0.260
    19  11.5760   2.6879   2.3787   3.1517   0.0305   1.4646   1.1917  -0.0058   0.0000  -0.0129  -0.2787    0.261
    20  12.4328   2.5181   2.1010   2.9552   0.0342   1.4662   1.1931  -0.0074   0.0000  -0.0129  -0.2789    0.261
    21  13.2400   2.3582   1.8520   2.7600   0.0399   1.4624   1.1900  -0.0080   0.0000  -0.0118  -0.2772    0.260
    22  13.9941   2.2087   1.6074   2.5610   0.0478   1.4489   1.1789  -0.0086   0.0000  -0.0096  -0.2728    0.258
    23  14.6868   2.0715   1.3716   2.3518   0.0583   1.4188   1.1544  -0.0087   0.0000  -0.0060  -0.2642    0.255
    24  15.3105   1.9479   1.1479   2.1240   0.0712   1.3626   1.1087  -0.0081   0.0000  -0.0009  -0.2494    0.251
    25  15.8583   1.8393   0.9381   1.8660   0.0854   1.2672   1.0311  -0.0052   0.0000   0.0040  -0.2278    0.246
    26  16.3244   1.7470   0.7427   1.5696   0.0997   1.1196   0.9110   0.0075   0.0000   0.0007  -0.2042    0.249
    27  16.6722   1.4928   0.4131   1.2470   0.1141   2.8052   0.8573  -0.0491   0.0000  -0.0035  -0.1088    0.254
    28  16.9098   1.1466   0.2292   0.9199   0.1319   2.7295   0.8342  -0.1068   0.0000   0.0302  -0.0894    0.214
    29  17.0696   0.9138   0.1104   0.5659   0.1453   2.1480   0.6565  -0.1518   0.0000   0.0599  -0.0524    0.159
    30  17.1499   0.7967   0.0322   0.1911   0.1521   0.8657   0.2646  -0.1155   0.0000   0.0370  -0.0141    0.110

  Surface # 2     main_wing (YDUP)                        
     # Chordwise = 10   # Spanwise = 30     First strip = 31
     Surface area =   63.968842       Ave. chord =    3.715026
     CLsurf  =   0.53289     Clsurf  =   0.10513
     CYsurf  =   0.02460     Cmsurf  =  -0.48334
     CDsurf  =   0.02348     Cnsurf  =   0.01649
     CDisurf =   0.02348     CDvsurf =   0.00000

  Forces referred to Ssurf, Cave about hinge axis thru LE
     CLsurf  =   1.04101     CDsurf  =   0.04584
     Deflect =

 Strip Forces referred to Strip Area, Chord
    j      Yle    Chord     Area     c cl      ai      cl_norm  cl       cd       cdv    cm_c/4    cm_LE  C.P.x/c
    31  -0.0114   7.7520   0.3539   6.7832   0.2303   0.8917   0.6921   1.1105   0.0000  -0.0488   0.2204    0.321
    32  -0.1025   7.6885   1.0491   6.0103   0.2301   0.9752   0.7568   0.2089   0.0000  -0.0483   0.2010    0.314
    33  -0.2837   7.5620   1.7073   5.9474   0.2292   0.9941   0.7716   0.1530   0.0000  -0.0453   0.1995    0.309
    34  -0.5530   7.3741   2.3052   5.9156   0.2263   1.0195   0.7912   0.1320   0.0000  -0.0405   0.1989    0.301
    35  -0.9075   7.1267   2.8223   5.8783   0.2195   1.0506   0.8154   0.1254   0.0000  -0.0351   0.1992    0.293
    36  -1.3432   6.8226   3.2414   5.8115   0.2025   1.0898   0.8458   0.1083   0.0000  -0.0301   0.2007    0.286
    37  -1.8554   6.4651   3.5491   5.7094   0.1657   1.1359   0.8816   0.0856   0.0000  -0.0260   0.2039    0.279
    38  -2.4386   6.0582   3.7368   5.5737   0.1295   1.1863   0.9207   0.0765   0.0000  -0.0228   0.2089    0.275
    39  -3.0862   5.6062   3.8005   5.4069   0.1141   1.2472   0.9679   0.0644   0.0000  -0.0203   0.2162    0.271
    40  -3.7613   5.1351   3.4440   5.1301   0.1017   1.2960   1.0058   0.0491   0.0000  -0.0222   0.2249    0.272
    41  -4.4532   4.6522   3.3149   4.9313   0.0859   1.3791   1.0703   0.0344   0.0000  -0.0195   0.2353    0.268
    42  -5.1831   4.1429   3.0930   4.6757   0.0609   1.4735   1.1435   0.0142   0.0000  -0.0173   0.2477    0.265
    43  -6.0123   3.7903   3.4706   4.3917   0.0431   1.4451   1.1758   0.0041   0.0000  -0.0089   0.2719    0.258
    44  -6.9353   3.6075   3.3775   4.1655   0.0394   1.4400   1.1717   0.0048   0.0000  -0.0089   0.2711    0.258
    45  -7.8737   3.4215   3.2389   3.9554   0.0332   1.4420   1.1733   0.0033   0.0000  -0.0094   0.2718    0.258
    46  -8.8172   3.2345   3.0619   3.7537   0.0290   1.4481   1.1783   0.0011   0.0000  -0.0101   0.2734    0.259
    47  -9.7556   3.0486   2.8543   3.5516   0.0277   1.4542   1.1833  -0.0013   0.0000  -0.0110   0.2753    0.259
    48 -10.6786   2.8657   2.6239   3.3511   0.0285   1.4601   1.1881  -0.0035   0.0000  -0.0120   0.2772    0.260
    49 -11.5760   2.6879   2.3787   3.1517   0.0305   1.4646   1.1917  -0.0058   0.0000  -0.0129   0.2787    0.261
    50 -12.4328   2.5181   2.1010   2.9552   0.0342   1.4662   1.1931  -0.0074   0.0000  -0.0129   0.2789    0.261
    51 -13.2400   2.3582   1.8520   2.7600   0.0399   1.4624   1.1900  -0.0080   0.0000  -0.0118   0.2772    0.260
    52 -13.9941   2.2087   1.6074   2.5610   0.0478   1.4489   1.1789  -0.0086   0.0000  -0.0096   0.2728    0.258
    53 -14.6868   2.0715   1.3716   2.3518   0.0583   1.4188   1.1544  -0.0087   0.0000  -0.0060   0.2642    0.255
    54 -15.3105   1.9479   1.1479   2.1240   0.0712   1.3626   1.1087  -0.0081   0.0000  -0.0009   0.2494    0.251
    55 -15.8583   1.8393   0.9381   1.8660   0.0854   1.2672   1.0311  -0.0052   0.0000   0.0040   0.2278    0.246
    56 -16.3244   1.7470   0.7427   1.5695   0.0997   1.1196   0.9110   0.0075   0.0000   0.0007   0.2042    0.249
    57 -16.6722   1.4928   0.4131   1.2470   0.1141   2.8052   0.8573  -0.0491   0.0000  -0.0035   0.1088    0.254
    58 -16.9098   1.1466   0.2292   0.9199   0.1319   2.7295   0.8342  -0.1068   0.0000   0.0302   0.0893    0.214
    59 -17.0696   0.9138   0.1104   0.5659   0.1453   2.1480   0.6565  -0.1518   0.0000   0.0599   0.0524    0.159
    60 -17.1499   0.7967   0.0322   0.1911   0.1521   0.8657   0.2646  -0.1155   0.0000   0.0370   0.0141    0.110

  Surface # 3     horizontal_stabilizer                   
     # Chordwise = 10   # Spanwise = 30     First strip = 61
     Surface area =   20.744604       Ave. chord =    2.848572
     CLsurf  =   0.06575     Clsurf  =  -0.00677
     CYsurf  =  -0.01050     Cmsurf  =  -0.32276
     CDsurf  =   0.00693     Cnsurf  =   0.00557
     CDisurf =   0.00693     CDvsurf =   0.00000

  Forces referred to Ssurf, Cave about hinge axis thru LE
     CLsurf  =   0.40075     CDsurf  =   0.04172
     Deflect =

 Strip Forces referred to Strip Area, Chord
    j      Yle    Chord     Area     c cl      ai      cl_norm  cl       cd       cdv    cm_c/4    cm_LE  C.P.x/c
    61   0.0047   4.2713   0.0803   1.7361   0.1730   0.4765   0.3622   0.2851   0.0000  -0.0190  -0.1049    0.303
    62   0.0418   4.2566   0.2392   1.3962   0.1737   0.4232   0.3217   0.0641   0.0000  -0.0186  -0.0879    0.308
    63   0.1156   4.2274   0.3930   1.3712   0.1740   0.4217   0.3206   0.0496   0.0000  -0.0176  -0.0864    0.305
    64   0.2254   4.1839   0.5386   1.3636   0.1734   0.4246   0.3228   0.0460   0.0000  -0.0159  -0.0853    0.299
    65   0.3698   4.1268   0.6730   1.3617   0.1719   0.4303   0.3271   0.0449   0.0000  -0.0137  -0.0845    0.292
    66   0.5474   4.0565   0.7936   1.3585   0.1690   0.4370   0.3322   0.0443   0.0000  -0.0115  -0.0837    0.285
    67   0.7617   3.9717   0.9441   1.3554   0.1645   0.4457   0.3388   0.0434   0.0000  -0.0093  -0.0833    0.277
    68   1.0116   3.8728   1.0344   1.3486   0.1581   0.4552   0.3460   0.0425   0.0000  -0.0072  -0.0831    0.271
    69   1.2891   3.7630   1.1046   1.3419   0.1500   0.4665   0.3546   0.0423   0.0000  -0.0055  -0.0835    0.265
    70   1.5912   3.6435   1.1542   1.3332   0.1408   0.4790   0.3641   0.0422   0.0000  -0.0040  -0.0844    0.261
    71   1.9146   3.5155   1.1831   1.3220   0.1315   0.4925   0.3744   0.0422   0.0000  -0.0028  -0.0856    0.257
    72   2.2558   3.3805   1.1921   1.3088   0.1234   0.5074   0.3856   0.0421   0.0000  -0.0017  -0.0872    0.254
    73   2.6109   3.2400   1.1821   1.2946   0.1171   0.5239   0.3982   0.0424   0.0000  -0.0008  -0.0891    0.252
    74   2.9762   3.0955   1.1548   1.2775   0.1125   0.5414   0.4115   0.0425   0.0000   0.0001  -0.0913    0.250
    75   3.3476   2.9485   1.1122   1.2571   0.1094   0.5596   0.4254   0.0425   0.0000   0.0010  -0.0936    0.248
    76   3.7210   2.8008   1.0564   1.2340   0.1075   0.5786   0.4398   0.0427   0.0000   0.0019  -0.0960    0.246
    77   4.0924   2.6538   0.9900   1.2070   0.1064   0.5977   0.4543   0.0423   0.0000   0.0030  -0.0982    0.243
    78   4.4577   2.5093   0.9155   1.1755   0.1062   0.6160   0.4682   0.0418   0.0000   0.0042  -0.1002    0.241
    79   4.8128   2.3687   0.8353   1.1378   0.1069   0.6320   0.4804   0.0413   0.0000   0.0057  -0.1016    0.238
    80   5.1540   2.2338   0.7518   1.0941   0.1084   0.6449   0.4902   0.0404   0.0000   0.0077  -0.1021    0.234
    81   5.4774   2.1058   0.6671   1.0425   0.1108   0.6522   0.4957   0.0390   0.0000   0.0100  -0.1013    0.230
    82   5.7795   1.9862   0.5830   0.9823   0.1140   0.6521   0.4957   0.0366   0.0000   0.0130  -0.0987    0.224
    83   6.0570   1.8764   0.5012   0.9140   0.1179   0.6426   0.4885   0.0344   0.0000   0.0167  -0.0940    0.216
    84   6.3069   1.7776   0.4225   0.8354   0.1222   0.6205   0.4717   0.0312   0.0000   0.0209  -0.0867    0.206
    85   6.5264   1.6907   0.3478   0.7467   0.1265   0.5837   0.4436   0.0271   0.0000   0.0253  -0.0768    0.193
    86   6.7314   1.6096   0.3326   0.6425   0.1309   0.5280   0.4013   0.0223   0.0000   0.0292  -0.0642    0.177
    87   6.9144   1.5372   0.2507   0.5166   0.1350   0.4452   0.3384   0.0161   0.0000   0.0311  -0.0486    0.158
    88   7.0535   1.4822   0.1746   0.3785   0.1382   0.3390   0.2576   0.0094   0.0000   0.0289  -0.0326    0.138
    89   7.1471   1.4451   0.1029   0.2309   0.1405   0.2127   0.1616   0.0032   0.0000   0.0209  -0.0180    0.121
    90   7.1941   1.4265   0.0340   0.0777   0.1417   0.0734   0.0558  -0.0028   0.0000   0.0077  -0.0057    0.112

  Surface # 4     horizontal_stabilizer (YDUP)            
     # Chordwise = 10   # Spanwise = 30     First strip = 91
     Surface area =   20.744604       Ave. chord =    2.848572
     CLsurf  =   0.06575     Clsurf  =   0.00677
     CYsurf  =   0.01050     Cmsurf  =  -0.32276
     CDsurf  =   0.00693     Cnsurf  =  -0.00557
     CDisurf =   0.00693     CDvsurf =   0.00000

  Forces referred to Ssurf, Cave about hinge axis thru LE
     CLsurf  =   0.40075     CDsurf  =   0.04172
     Deflect =

 Strip Forces referred to Strip Area, Chord
    j      Yle    Chord     Area     c cl      ai      cl_norm  cl       cd       cdv    cm_c/4    cm_LE  C.P.x/c
    91  -0.0047   4.2713   0.0803   1.7361   0.1730   0.4765   0.3622   0.2851   0.0000  -0.0190   0.1049    0.303
    92  -0.0418   4.2566   0.2392   1.3962   0.1737   0.4232   0.3217   0.0641   0.0000  -0.0186   0.0879    0.308
    93  -0.1156   4.2274   0.3930   1.3712   0.1740   0.4217   0.3206   0.0496   0.0000  -0.0176   0.0864    0.305
    94  -0.2254   4.1839   0.5386   1.3636   0.1734   0.4246   0.3228   0.0460   0.0000  -0.0159   0.0853    0.299
    95  -0.3698   4.1268   0.6730   1.3617   0.1719   0.4303   0.3271   0.0449   0.0000  -0.0137   0.0845    0.292
    96  -0.5474   4.0565   0.7936   1.3585   0.1690   0.4370   0.3322   0.0443   0.0000  -0.0115   0.0837    0.285
    97  -0.7617   3.9717   0.9441   1.3554   0.1645   0.4457   0.3388   0.0434   0.0000  -0.0093   0.0833    0.277
    98  -1.0116   3.8728   1.0344   1.3486   0.1581   0.4552   0.3460   0.0425   0.0000  -0.0072   0.0831    0.271
    99  -1.2891   3.7630   1.1046   1.3419   0.1500   0.4665   0.3546   0.0423   0.0000  -0.0055   0.0835    0.265
   100  -1.5912   3.6435   1.1542   1.3332   0.1408   0.4790   0.3641   0.0422   0.0000  -0.0040   0.0844    0.261
   101  -1.9146   3.5155   1.1831   1.3220   0.1315   0.4925   0.3744   0.0422   0.0000  -0.0028   0.0856    0.257
   102  -2.2558   3.3805   1.1921   1.3088   0.1234   0.5074   0.3856   0.0421   0.0000  -0.0017   0.0872    0.254
   103  -2.6109   3.2400   1.1821   1.2946   0.1171   0.5239   0.3982   0.0424   0.0000  -0.0008   0.0891    0.252
   104  -2.9762   3.0955   1.1548   1.2775   0.1125   0.5414   0.4115   0.0425   0.0000   0.0001   0.0913    0.250
   105  -3.3476   2.9485   1.1122   1.2571   0.1094   0.5596   0.4254   0.0425   0.0000   0.0010   0.0936    0.248
   106  -3.7210   2.8008   1.0564   1.2340   0.1075   0.5786   0.4398   0.0427   0.0000   0.0019   0.0960    0.246
   107  -4.0924   2.6538   0.9900   1.2070   0.1064   0.5977   0.4543   0.0423   0.0000   0.0030   0.0982    0.243
   108  -4.4577   2.5093   0.9155   1.1755   0.1062   0.6160   0.4682   0.0418   0.0000   0.0042   0.1002    0.241
   109  -4.8128   2.3687   0.8353   1.1378   0.1069   0.6320   0.4804   0.0413   0.0000   0.0057   0.1016    0.238
   110  -5.1540   2.2338   0.7518   1.0941   0.1084   0.6449   0.4902   0.0404   0.0000   0.0077   0.1021    0.234
   111  -5.4774   2.1058   0.6671   1.0425   0.1108   0.6522   0.4957   0.0390   0.0000   0.0100   0.1013    0.230
   112  -5.7795   1.9862   0.5830   0.9823   0.1140   0.6521   0.4957   0.0366   0.0000   0.0130   0.0987    0.224
   113  -6.0570   1.8764   0.5012   0.9140   0.1179   0.6426   0.4885   0.0343   0.0000   0.0167   0.0940    0.216
   114  -6.3069   1.7776   0.4225   0.8354   0.1222   0.6205   0.4717   0.0312   0.0000   0.0209   0.0867    0.206
   115  -6.5264   1.6907   0.3478   0.7467   0.1265   0.5837   0.4436   0.0271   0.0000   0.0253   0.0768    0.193
   116  -6.7314   1.6096   0.3326   0.6425   0.1309   0.5280   0.4013   0.0223   0.0000   0.0292   0.0642    0.177
   117  -6.9144   1.5372   0.2507   0.5166   0.1350   0.4452   0.3384   0.0161   0.0000   0.0311   0.0486    0.158
   118  -7.0535   1.4822   0.1746   0.3785   0.1382   0.3390   0.2576   0.0094   0.0000   0.0289   0.0326    0.138
   119  -7.1471   1.4451   0.1029   0.2309   0.1405   0.2127   0.1616   0.0032   0.0000   0.0209   0.0180    0.121
   120  -7.1941   1.4265   0.0340   0.0777   0.1417   0.0734   0.0558  -0.0028   0.0000   0.0077   0.0057    0.112

  Surface # 5     vertical_stabilizer                     
     # Chordwise = 10   # Spanwise = 30     First strip =121
     Surface area =   34.910358       Ave. chord =    4.190919
     CLsurf  =   0.00000     Clsurf  =   0.00000
     CYsurf  =   0.00000     Cmsurf  =  -0.00000
     CDsurf  =  -0.00000     Cnsurf  =  -0.00000
     CDisurf =  -0.00000     CDvsurf =   0.00000

  Forces referred to Ssurf, Cave about hinge axis thru LE
     CLsurf  =  -0.00000     CDsurf  =  -0.00000
     Deflect =

 Strip Forces referred to Strip Area, Chord
    j      Yle    Chord     Area     c cl      ai      cl_norm  cl       cd       cdv    cm_c/4    cm_LE  C.P.x/c
   121   0.0000  10.0347   0.6931  -0.0000   0.0000  -0.0000  -0.0000   0.0000   0.0000   0.0000   0.0000    0.399
   122   0.0000   9.8296   1.1101  -0.0000   0.0000  -0.0000  -0.0000   0.0000   0.0000   0.0000   0.0000    0.408
   123   0.0000   9.5266   1.4857  -0.0000  -0.0000  -0.0000  -0.0000   0.0000   0.0000   0.0000   0.0000    0.413
   124   0.0000   9.1281   1.8040  -0.0000   0.0000  -0.0000  -0.0000   0.0000   0.0000   0.0000   0.0000    0.425
   125   0.0000   8.6377   2.0517  -0.0000   0.0000  -0.0000  -0.0000  -0.0000   0.0000   0.0000   0.0000    0.425
   126   0.0000   8.0598   2.2181  -0.0000   0.0000  -0.0000  -0.0000   0.0000   0.0000   0.0000   0.0000    0.425
   127   0.0000   7.4000   2.2957  -0.0000   0.0000  -0.0000  -0.0000  -0.0000   0.0000   0.0000   0.0000    0.415
   128   0.0000   6.6646   2.2808  -0.0000   0.0000  -0.0000  -0.0000   0.0000   0.0000   0.0000   0.0000    0.398
   129   0.0000   5.8609   2.1733  -0.0000   0.0000  -0.0000  -0.0000  -0.0000   0.0000   0.0000   0.0000    0.372
   130   0.0000   4.9969   1.9773  -0.0000   0.0000  -0.0000  -0.0000  -0.0000   0.0000   0.0000   0.0000    0.327
   131   0.0000   4.4389   1.6667  -0.0000   0.0000  -0.0000  -0.0000  -0.0000   0.0000   0.0000   0.0000    0.286
   132   0.0000   4.2198   1.6478  -0.0000   0.0000  -0.0000  -0.0000  -0.0000   0.0000   0.0000   0.0000    0.279
   133   0.0000   3.9932   1.6033  -0.0000   0.0000  -0.0000  -0.0000  -0.0000   0.0000   0.0000   0.0000    0.268
   134   0.0000   3.7615   1.5362  -0.0000   0.0000  -0.0000  -0.0000  -0.0000   0.0000   0.0000   0.0000    0.261
   135   0.0000   3.5271   1.4499  -0.0000   0.0000  -0.0000  -0.0000  -0.0000   0.0000   0.0000   0.0000    0.256
   136   0.0000   3.2923   1.3482  -0.0000   0.0000  -0.0000  -0.0000  -0.0000   0.0000  -0.0000   0.0000    0.245
   137   0.0000   3.0597   1.2352  -0.0000   0.0000  -0.0000  -0.0000  -0.0000   0.0000  -0.0000   0.0000    0.240
   138   0.0000   2.8315   1.1147  -0.0000   0.0000  -0.0000  -0.0000  -0.0000   0.0000  -0.0000   0.0000    0.232
   139   0.0000   2.6103   0.9908  -0.0000   0.0000  -0.0000  -0.0000  -0.0000   0.0000  -0.0000   0.0000    0.226
   140   0.0000   2.3983   0.8670  -0.0000   0.0000  -0.0000  -0.0000  -0.0000   0.0000  -0.0000   0.0000    0.225
   141   0.0000   2.1977   0.7464  -0.0000   0.0000  -0.0000  -0.0000  -0.0000   0.0000  -0.0000   0.0000    0.219
   142   0.0000   2.0106   0.6318  -0.0000   0.0000  -0.0000  -0.0000  -0.0000   0.0000  -0.0000   0.0000    0.218
   143   0.0000   1.8390   0.5251  -0.0000   0.0000  -0.0000  -0.0000  -0.0000   0.0000  -0.0000   0.0000    0.211
   144   0.0000   1.6847   0.4276  -0.0000   0.0000  -0.0000  -0.0000  -0.0000   0.0000  -0.0000   0.0000    0.202
   145   0.0000   1.5493   0.3400  -0.0000   0.0000  -0.0000  -0.0000  -0.0000   0.0000  -0.0000   0.0000    0.188
   146   0.0000   1.4342   0.2622  -0.0000   0.0000  -0.0000  -0.0000  -0.0000   0.0000  -0.0000   0.0000    0.169
   147   0.0000   1.3407   0.1933  -0.0000   0.0000  -0.0000  -0.0000  -0.0000   0.0000  -0.0000   0.0000    0.152
   148   0.0000   1.2696   0.1322  -0.0000   0.0000  -0.0000  -0.0000  -0.0000   0.0000  -0.0000   0.0000    0.129
   149   0.0000   1.2218   0.0769  -0.0000   0.0000  -0.0000  -0.0000  -0.0000   0.0000  -0.0000   0.0000    0.109
   150   0.0000   1.1978   0.0252  -0.0000   0.0000  -0.0000  -0.0000  -0.0000   0.0000  -0.0000   0.0000    0.099

  Surface # 6     fuselage_horizontal                     
     # Chordwise = 10   # Spanwise = 10     First strip =151
     Surface area =  123.841202       Ave. chord =   33.112617
     CLsurf  =   0.01717     Clsurf  =  -0.00000
     CYsurf  =  -0.00000     Cmsurf  =   0.09437
     CDsurf  =  -0.00015     Cnsurf  =  -0.00000
     CDisurf =  -0.00015     CDvsurf =   0.00000

  Forces referred to Ssurf, Cave about hinge axis thru LE
     CLsurf  =   0.01731     CDsurf  =  -0.00015
     Deflect =

 Strip Forces referred to Strip Area, Chord
    j      Yle    Chord     Area     c cl      ai      cl_norm  cl       cd       cdv    cm_c/4    cm_LE  C.P.x/c
   151  -1.6830  26.5957   9.9468   0.3979   0.2619   0.1511   0.0162  -0.0056   0.0000   0.0062   0.0003   -0.131
   152  -1.3090  31.2096  11.6724   0.5545   0.2791   0.0657   0.0183  -0.0016   0.0000   0.0079   0.0009   -0.183
   153  -0.9350  34.0626  12.7394   0.5995   0.2506   0.0419   0.0179  -0.0000   0.0000   0.0098   0.0018   -0.299
   154  -0.5610  36.1619  13.5246   0.6252   0.2401   0.0285   0.0173   0.0012   0.0000   0.0107   0.0028   -0.366
   155  -0.1870  37.5332  14.0374   0.6410   0.2391   0.0193   0.0167   0.0035   0.0000   0.0109   0.0046   -0.401
   156   0.1870  37.5332  14.0374   0.6410   0.2391   0.0193   0.0167   0.0035   0.0000   0.0109   0.0046   -0.401
   157   0.5610  36.1619  13.5246   0.6252   0.2401   0.0285   0.0173   0.0012   0.0000   0.0107   0.0028   -0.366
   158   0.9350  34.0626  12.7394   0.5995   0.2506   0.0419   0.0179  -0.0000   0.0000   0.0098   0.0018   -0.299
   159   1.3090  31.2096  11.6724   0.5545   0.2791   0.0657   0.0183  -0.0016   0.0000   0.0079   0.0009   -0.183
   160   1.6830  26.5957   9.9468   0.3979   0.2619   0.1511   0.0162  -0.0056   0.0000   0.0062   0.0003   -0.131

  Surface # 7     fuselage_vertical                       
     # Chordwise = 10   # Spanwise = 10     First strip =161
     Surface area =  123.841202       Ave. chord =   33.112617
     CLsurf  =   0.00000     Clsurf  =  -0.00000
     CYsurf  =   0.00000     Cmsurf  =  -0.00000
     CDsurf  =   0.00000     Cnsurf  =  -0.00000
     CDisurf =   0.00000     CDvsurf =   0.00000

  Forces referred to Ssurf, Cave about hinge axis thru LE
     CLsurf  =  -0.00000     CDsurf  =   0.00000
     Deflect =

 Strip Forces referred to Strip Area, Chord
    j      Yle    Chord     Area     c cl      ai      cl_norm  cl       cd       cdv    cm_c/4    cm_LE  C.P.x/c
   161   0.0000  26.5957   9.9468  -0.0000  -0.0000  -0.0000  -0.0000  -0.0000   0.0000   0.0000   0.0000    1.669
   162   0.0000  31.2096  11.6724   0.0000  -0.0000   0.0000   0.0000   0.0000   0.0000  -0.0000  -0.0000
   163   0.0000  34.0626  12.7394  -0.0000   0.0000  -0.0000  -0.0000   0.0000   0.0000  -0.0000  -0.0000
   164   0.0000  36.1619  13.5246  -0.0000   0.0000  -0.0000  -0.0000  -0.0000   0.0000  -0.0000  -0.0000   -0.743
   165   0.0000  37.5332  14.0374  -0.0000   0.0000  -0.0000  -0.0000  -0.0000   0.0000  -0.0000  -0.0000   -0.203
   166   0.0000  37.5332  14.0374  -0.0000   0.0000  -0.0000  -0.0000   0.0000   0.0000   0.0000   0.0000    0.416
   167   0.0000  36.1619  13.5246  -0.0000   0.0000  -0.0000  -0.0000   0.0000   0.0000   0.0000   0.0000    0.549
   168   0.0000  34.0626  12.7394  -0.0000   0.0000  -0.0000  -0.0000   0.0000   0.0000   0.0000   0.0000    0.634
   169   0.0000  31.2096  11.6724  -0.0000  -0.0000  -0.0000  -0.0000  -0.0000   0.0000   0.0000   0.0000    0.704
   170   0.0000  26.5957   9.9468  -0.0000   0.0000  -0.0000  -0.0000   0.0000   0.0000   0.0000   0.0000    0.787
 ---------------------------------------------------------------
