 ---------------------------------------------------------------
 Surface and Strip Forces by surface

  Forces referred to Sref, Cref, Bref about Xref, Yref, Zref
 Standard axis orientation,  X fwd, Z down         

  Surface # 1     main_wing                               
     # Chordwise = 10   # Spanwise = 30     First strip =  1
     Surface area =   63.968842       Ave. chord =    3.715026
     CLsurf  =   0.50559     Clsurf  =  -0.09921
     CYsurf  =  -0.02285     Cmsurf  =  -0.45516
     CDsurf  =   0.02137     Cnsurf  =  -0.01552
     CDisurf =   0.02137     CDvsurf =   0.00000

  Forces referred to Ssurf, Cave about hinge axis thru LE
     CLsurf  =   0.98762     CDsurf  =   0.04172
     Deflect =

 Strip Forces referred to Strip Area, Chord
    j      Yle    Chord     Area     c cl      ai      cl_norm  cl       cd       cdv    cm_c/4    cm_LE  C.P.x/c
     1   0.0114   7.7520   0.3539   6.4296   0.2271   0.8622   0.6692   0.9779   0.0000  -0.0429  -0.2062    0.314
     2   0.1025   7.6885   1.0491   5.7569   0.2270   0.9363   0.7267   0.1903   0.0000  -0.0430  -0.1898    0.309
     3   0.2837   7.5620   1.7073   5.7014   0.2260   0.9543   0.7407   0.1408   0.0000  -0.0400  -0.1885    0.304
     4   0.5530   7.3741   2.3052   5.6720   0.2231   0.9785   0.7594   0.1222   0.0000  -0.0354  -0.1879    0.297
     5   0.9075   7.1267   2.8223   5.6334   0.2161   1.0085   0.7828   0.1126   0.0000  -0.0303  -0.1882    0.289
     6   1.3432   6.8226   3.2414   5.5663   0.1989   1.0452   0.8112   0.0977   0.0000  -0.0257  -0.1897    0.282
     7   1.8554   6.4651   3.5491   5.4662   0.1619   1.0884   0.8448   0.0779   0.0000  -0.0219  -0.1928    0.276
     8   2.4386   6.0582   3.7368   5.3321   0.1256   1.1350   0.8809   0.0728   0.0000  -0.0190  -0.1977    0.272
     9   3.0862   5.6062   3.8005   5.1532   0.1100   1.1889   0.9227   0.0604   0.0000  -0.0175  -0.2045    0.269
    10   3.7613   5.1351   3.4440   4.9274   0.0976   1.2445   0.9658   0.0483   0.0000  -0.0176  -0.2129    0.268
    11   4.4532   4.6522   3.3149   4.7278   0.0818   1.3230   1.0267   0.0294   0.0000  -0.0151  -0.2226    0.265
    12   5.1831   4.1429   3.0930   4.4368   0.0569   1.3991   1.0858   0.0094   0.0000  -0.0149  -0.2338    0.264
    13   6.0123   3.7903   3.4706   4.1584   0.0394   1.3688   1.1138   0.0017   0.0000  -0.0076  -0.2568    0.257
    14   6.9353   3.6075   3.3775   3.9359   0.0357   1.3610   1.1074   0.0030   0.0000  -0.0080  -0.2558    0.257
    15   7.8737   3.4215   3.2389   3.7324   0.0296   1.3610   1.1074   0.0019   0.0000  -0.0086  -0.2562    0.258
    16   8.8172   3.2345   3.0619   3.5370   0.0255   1.3646   1.1104   0.0002   0.0000  -0.0093  -0.2575    0.258
    17   9.7556   3.0486   2.8543   3.3419   0.0242   1.3684   1.1135  -0.0017   0.0000  -0.0103  -0.2590    0.259
    18  10.6786   2.8657   2.6239   3.1495   0.0249   1.3723   1.1166  -0.0034   0.0000  -0.0113  -0.2605    0.260
    19  11.5760   2.6879   2.3787   2.9594   0.0268   1.3752   1.1190  -0.0052   0.0000  -0.0122  -0.2618    0.261
    20  12.4328   2.5181   2.1010   2.7729   0.0302   1.3757   1.1194  -0.0064   0.0000  -0.0124  -0.2619    0.261
    21  13.2400   2.3582   1.8520   2.5888   0.0356   1.3715   1.1159  -0.0066   0.0000  -0.0115  -0.2604    0.260
    22  13.9941   2.2087   1.6074   2.4023   0.0431   1.3588   1.1057  -0.0068   0.0000  -0.0097  -0.2565    0.259
    23  14.6868   2.0715   1.3716   2.2075   0.0532   1.3314   1.0833  -0.0064   0.0000  -0.0068  -0.2490    0.256
    24  15.3105   1.9479   1.1479   1.9964   0.0661   1.2803   1.0417  -0.0054   0.0000  -0.0024  -0.2358    0.252
    25  15.8583   1.8393   0.9381   1.7574   0.0804   1.1929   0.9706  -0.0023   0.0000   0.0020  -0.2161    0.248
    26  16.3244   1.7470   0.7427   1.4811   0.0949   1.0560   0.8592   0.0097   0.0000  -0.0007  -0.1939    0.251
    27  16.6722   1.4928   0.4131   1.1790   0.1093   2.6479   0.8092  -0.0390   0.0000  -0.0044  -0.1033    0.255
    28  16.9098   1.1466   0.2292   0.8719   0.1279   2.5806   0.7887  -0.0906   0.0000   0.0264  -0.0857    0.217
    29  17.0696   0.9138   0.1104   0.5375   0.1424   2.0320   0.6210  -0.1303   0.0000   0.0546  -0.0509    0.162
    30  17.1499   0.7967   0.0322   0.1818   0.1500   0.8171   0.2497  -0.0993   0.0000   0.0342  -0.0138    0.113

  Surface # 2     main_wing (YDUP)                        
     # Chordwise = 10   # Spanwise = 30     First strip = 31
     Surface area =   63.968842       Ave. chord =    3.715026
     CLsurf  =   0.50559     Clsurf  =   0.09921
     CYsurf  =   0.02285     Cmsurf  =  -0.45516
     CDsurf  =   0.02137     Cnsurf  =   0.01552
     CDisurf =   0.02137     CDvsurf =   0.00000

  Forces referred to Ssurf, Cave about hinge axis thru LE
     CLsurf  =   0.98761     CDsurf  =   0.04172
     Deflect =

 Strip Forces referred to Strip Area, Chord
    j      Yle    Chord     Area     c cl      ai      cl_norm  cl       cd       cdv    cm_c/4    cm_LE  C.P.x/c
    31  -0.0114   7.7520   0.3539   6.4296   0.2272   0.8623   0.6692   0.9779   0.0000  -0.0429   0.2062    0.314
    32  -0.1025   7.6885   1.0491   5.7569   0.2270   0.9363   0.7267   0.1903   0.0000  -0.0430   0.1898    0.309
    33  -0.2837   7.5620   1.7073   5.7014   0.2260   0.9543   0.7407   0.1408   0.0000  -0.0400   0.1885    0.304
    34  -0.5530   7.3741   2.3052   5.6720   0.2231   0.9785   0.7594   0.1222   0.0000  -0.0354   0.1879    0.297
    35  -0.9075   7.1267   2.8223   5.6334   0.2161   1.0085   0.7828   0.1126   0.0000  -0.0303   0.1882    0.289
    36  -1.3432   6.8226   3.2414   5.5663   0.1989   1.0452   0.8112   0.0977   0.0000  -0.0257   0.1897    0.282
    37  -1.8554   6.4651   3.5491   5.4662   0.1619   1.0884   0.8448   0.0779   0.0000  -0.0219   0.1928    0.276
    38  -2.4386   6.0582   3.7368   5.3321   0.1256   1.1350   0.8809   0.0728   0.0000  -0.0190   0.1977    0.272
    39  -3.0862   5.6062   3.8005   5.1532   0.1100   1.1889   0.9227   0.0604   0.0000  -0.0175   0.2045    0.269
    40  -3.7613   5.1351   3.4440   4.9274   0.0976   1.2445   0.9658   0.0483   0.0000  -0.0176   0.2129    0.268
    41  -4.4532   4.6522   3.3149   4.7278   0.0818   1.3230   1.0267   0.0294   0.0000  -0.0151   0.2226    0.265
    42  -5.1831   4.1429   3.0930   4.4368   0.0569   1.3991   1.0858   0.0094   0.0000  -0.0149   0.2338    0.264
    43  -6.0123   3.7903   3.4706   4.1584   0.0394   1.3688   1.1138   0.0017   0.0000  -0.0076   0.2568    0.257
    44  -6.9353   3.6075   3.3775   3.9359   0.0357   1.3610   1.1074   0.0030   0.0000  -0.0080   0.2558    0.257
    45  -7.8737   3.4215   3.2389   3.7324   0.0296   1.3610   1.1074   0.0019   0.0000  -0.0086   0.2562    0.258
    46  -8.8172   3.2345   3.0619   3.5370   0.0255   1.3646   1.1104   0.0002   0.0000  -0.0093   0.2575    0.258
    47  -9.7556   3.0486   2.8543   3.3419   0.0242   1.3684   1.1135  -0.0017   0.0000  -0.0103   0.2589    0.259
    48 -10.6786   2.8657   2.6239   3.1495   0.0249   1.3723   1.1166  -0.0034   0.0000  -0.0113   0.2605    0.260
    49 -11.5760   2.6879   2.3787   2.9594   0.0268   1.3752   1.1190  -0.0052   0.0000  -0.0122   0.2618    0.261
    50 -12.4328   2.5181   2.1010   2.7729   0.0302   1.3757   1.1194  -0.0064   0.0000  -0.0124   0.2619    0.261
    51 -13.2400   2.3582   1.8520   2.5888   0.0356   1.3715   1.1159  -0.0066   0.0000  -0.0115   0.2604    0.260
    52 -13.9941   2.2087   1.6074   2.4023   0.0431   1.3588   1.1057  -0.0068   0.0000  -0.0097   0.2565    0.259
    53 -14.6868   2.0715   1.3716   2.2075   0.0532   1.3314   1.0833  -0.0064   0.0000  -0.0068   0.2490    0.256
    54 -15.3105   1.9479   1.1479   1.9964   0.0661   1.2803   1.0417  -0.0054   0.0000  -0.0024   0.2358    0.252
    55 -15.8583   1.8393   0.9381   1.7573   0.0804   1.1929   0.9706  -0.0023   0.0000   0.0020   0.2161    0.248
    56 -16.3244   1.7470   0.7427   1.4811   0.0949   1.0560   0.8592   0.0097   0.0000  -0.0007   0.1939    0.251
    57 -16.6722   1.4928   0.4131   1.1790   0.1093   2.6479   0.8092  -0.0390   0.0000  -0.0044   0.1033    0.255
    58 -16.9098   1.1466   0.2292   0.8719   0.1279   2.5806   0.7887  -0.0906   0.0000   0.0264   0.0857    0.217
    59 -17.0696   0.9138   0.1104   0.5375   0.1424   2.0320   0.6210  -0.1303   0.0000   0.0546   0.0509    0.162
    60 -17.1499   0.7967   0.0322   0.1818   0.1500   0.8171   0.2497  -0.0993   0.0000   0.0342   0.0138    0.113

  Surface # 3     horizontal_stabilizer                   
     # Chordwise = 10   # Spanwise = 30     First strip = 61
     Surface area =   20.744604       Ave. chord =    2.848572
     CLsurf  =   0.06435     Clsurf  =  -0.00662
     CYsurf  =  -0.01016     Cmsurf  =  -0.31577
     CDsurf  =   0.00660     Cnsurf  =   0.00537
     CDisurf =   0.00660     CDvsurf =   0.00000

  Forces referred to Ssurf, Cave about hinge axis thru LE
     CLsurf  =   0.39210     CDsurf  =   0.03973
     Deflect =

 Strip Forces referred to Strip Area, Chord
    j      Yle    Chord     Area     c cl      ai      cl_norm  cl       cd       cdv    cm_c/4    cm_LE  C.P.x/c
    61   0.0047   4.2713   0.0803   1.6686   0.1693   0.4612   0.3507   0.2600   0.0000  -0.0169  -0.0997    0.298
    62   0.0418   4.2566   0.2392   1.3619   0.1700   0.4133   0.3142   0.0604   0.0000  -0.0169  -0.0848    0.304
    63   0.1156   4.2274   0.3930   1.3390   0.1703   0.4120   0.3132   0.0475   0.0000  -0.0159  -0.0833    0.301
    64   0.2254   4.1839   0.5386   1.3323   0.1697   0.4151   0.3155   0.0442   0.0000  -0.0143  -0.0824    0.295
    65   0.3698   4.1268   0.6730   1.3308   0.1682   0.4207   0.3198   0.0430   0.0000  -0.0122  -0.0816    0.288
    66   0.5474   4.0565   0.7936   1.3280   0.1653   0.4275   0.3249   0.0422   0.0000  -0.0101  -0.0808    0.281
    67   0.7617   3.9717   0.9441   1.3250   0.1608   0.4360   0.3314   0.0415   0.0000  -0.0080  -0.0805    0.274
    68   1.0116   3.8728   1.0344   1.3187   0.1544   0.4454   0.3385   0.0406   0.0000  -0.0061  -0.0805    0.268
    69   1.2891   3.7630   1.1046   1.3126   0.1463   0.4566   0.3470   0.0403   0.0000  -0.0045  -0.0810    0.263
    70   1.5912   3.6435   1.1542   1.3040   0.1371   0.4687   0.3563   0.0401   0.0000  -0.0031  -0.0819    0.259
    71   1.9146   3.5155   1.1831   1.2930   0.1278   0.4820   0.3663   0.0401   0.0000  -0.0020  -0.0832    0.256
    72   2.2558   3.3805   1.1921   1.2799   0.1197   0.4964   0.3773   0.0401   0.0000  -0.0011  -0.0848    0.253
    73   2.6109   3.2400   1.1821   1.2659   0.1133   0.5125   0.3895   0.0404   0.0000  -0.0003  -0.0868    0.251
    74   2.9762   3.0955   1.1548   1.2494   0.1087   0.5297   0.4026   0.0405   0.0000   0.0005  -0.0890    0.249
    75   3.3476   2.9485   1.1122   1.2295   0.1055   0.5476   0.4162   0.0405   0.0000   0.0012  -0.0913    0.247
    76   3.7210   2.8008   1.0564   1.2062   0.1035   0.5659   0.4301   0.0404   0.0000   0.0020  -0.0937    0.245
    77   4.0924   2.6538   0.9900   1.1798   0.1023   0.5845   0.4443   0.0401   0.0000   0.0029  -0.0960    0.243
    78   4.4577   2.5093   0.9155   1.1489   0.1020   0.6024   0.4578   0.0397   0.0000   0.0040  -0.0980    0.241
    79   4.8128   2.3687   0.8353   1.1118   0.1025   0.6179   0.4696   0.0391   0.0000   0.0053  -0.0995    0.239
    80   5.1540   2.2338   0.7518   1.0691   0.1039   0.6304   0.4792   0.0383   0.0000   0.0070  -0.1002    0.235
    81   5.4774   2.1058   0.6671   1.0189   0.1062   0.6377   0.4847   0.0371   0.0000   0.0091  -0.0996    0.231
    82   5.7795   1.9862   0.5830   0.9606   0.1095   0.6379   0.4849   0.0348   0.0000   0.0117  -0.0974    0.226
    83   6.0570   1.8764   0.5012   0.8945   0.1135   0.6292   0.4782   0.0327   0.0000   0.0150  -0.0931    0.219
    84   6.3069   1.7776   0.4225   0.8185   0.1181   0.6081   0.4622   0.0300   0.0000   0.0188  -0.0863    0.209
    85   6.5264   1.6907   0.3478   0.7325   0.1228   0.5726   0.4352   0.0262   0.0000   0.0229  -0.0769    0.197
    86   6.7314   1.6096   0.3326   0.6312   0.1276   0.5187   0.3942   0.0220   0.0000   0.0267  -0.0646    0.182
    87   6.9144   1.5372   0.2507   0.5085   0.1322   0.4381   0.3330   0.0162   0.0000   0.0290  -0.0492    0.163
    88   7.0535   1.4822   0.1746   0.3732   0.1359   0.3340   0.2539   0.0099   0.0000   0.0272  -0.0331    0.143
    89   7.1471   1.4451   0.1029   0.2281   0.1384   0.2099   0.1595   0.0041   0.0000   0.0199  -0.0184    0.125
    90   7.1941   1.4265   0.0340   0.0767   0.1398   0.0723   0.0549  -0.0020   0.0000   0.0074  -0.0058    0.116

  Surface # 4     horizontal_stabilizer (YDUP)            
     # Chordwise = 10   # Spanwise = 30     First strip = 91
     Surface area =   20.744604       Ave. chord =    2.848572
     CLsurf  =   0.06435     Clsurf  =   0.00662
     CYsurf  =   0.01016     Cmsurf  =  -0.31577
     CDsurf  =   0.00660     Cnsurf  =  -0.00537
     CDisurf =   0.00660     CDvsurf =   0.00000

  Forces referred to Ssurf, Cave about hinge axis thru LE
     CLsurf  =   0.39210     CDsurf  =   0.03973
     Deflect =

 Strip Forces referred to Strip Area, Chord
    j      Yle    Chord     Area     c cl      ai      cl_norm  cl       cd       cdv    cm_c/4    cm_LE  C.P.x/c
    91  -0.0047   4.2713   0.0803   1.6686   0.1693   0.4612   0.3507   0.2600   0.0000  -0.0169   0.0997    0.298
    92  -0.0418   4.2566   0.2392   1.3619   0.1700   0.4133   0.3142   0.0604   0.0000  -0.0169   0.0848    0.304
    93  -0.1156   4.2274   0.3930   1.3390   0.1703   0.4120   0.3132   0.0475   0.0000  -0.0159   0.0833    0.301
    94  -0.2254   4.1839   0.5386   1.3323   0.1697   0.4151   0.3155   0.0442   0.0000  -0.0143   0.0824    0.295
    95  -0.3698   4.1268   0.6730   1.3308   0.1682   0.4207   0.3198   0.0430   0.0000  -0.0122   0.0816    0.288
    96  -0.5474   4.0565   0.7936   1.3280   0.1653   0.4275   0.3249   0.0422   0.0000  -0.0101   0.0808    0.281
    97  -0.7617   3.9717   0.9441   1.3250   0.1608   0.4360   0.3314   0.0415   0.0000  -0.0080   0.0805    0.274
    98  -1.0116   3.8728   1.0344   1.3187   0.1544   0.4454   0.3385   0.0406   0.0000  -0.0061   0.0805    0.268
    99  -1.2891   3.7630   1.1046   1.3126   0.1463   0.4566   0.3470   0.0403   0.0000  -0.0045   0.0810    0.263
   100  -1.5912   3.6435   1.1542   1.3040   0.1371   0.4687   0.3563   0.0401   0.0000  -0.0031   0.0819    0.259
   101  -1.9146   3.5155   1.1831   1.2930   0.1278   0.4820   0.3663   0.0401   0.0000  -0.0020   0.0832    0.256
   102  -2.2558   3.3805   1.1921   1.2799   0.1197   0.4964   0.3773   0.0401   0.0000  -0.0011   0.0848    0.253
   103  -2.6109   3.2400   1.1821   1.2659   0.1133   0.5125   0.3895   0.0404   0.0000  -0.0003   0.0868    0.251
   104  -2.9762   3.0955   1.1548   1.2494   0.1087   0.5297   0.4026   0.0405   0.0000   0.0005   0.0890    0.249
   105  -3.3476   2.9485   1.1122   1.2295   0.1055   0.5476   0.4162   0.0405   0.0000   0.0012   0.0913    0.247
   106  -3.7210   2.8008   1.0564   1.2062   0.1035   0.5659   0.4301   0.0404   0.0000   0.0020   0.0937    0.245
   107  -4.0924   2.6538   0.9900   1.1798   0.1023   0.5845   0.4443   0.0401   0.0000   0.0029   0.0960    0.243
   108  -4.4577   2.5093   0.9155   1.1489   0.1020   0.6024   0.4578   0.0397   0.0000   0.0040   0.0980    0.241
   109  -4.8128   2.3687   0.8353   1.1118   0.1025   0.6179   0.4696   0.0391   0.0000   0.0053   0.0995    0.239
   110  -5.1540   2.2338   0.7518   1.0691   0.1039   0.6304   0.4792   0.0383   0.0000   0.0070   0.1002    0.235
   111  -5.4774   2.1058   0.6671   1.0189   0.1062   0.6377   0.4847   0.0371   0.0000   0.0091   0.0996    0.231
   112  -5.7795   1.9862   0.5830   0.9606   0.1095   0.6379   0.4849   0.0348   0.0000   0.0117   0.0974    0.226
   113  -6.0570   1.8764   0.5012   0.8945   0.1135   0.6292   0.4782   0.0327   0.0000   0.0150   0.0931    0.219
   114  -6.3069   1.7776   0.4225   0.8185   0.1181   0.6081   0.4622   0.0300   0.0000   0.0188   0.0863    0.209
   115  -6.5264   1.6907   0.3478   0.7325   0.1228   0.5726   0.4352   0.0262   0.0000   0.0229   0.0769    0.197
   116  -6.7314   1.6096   0.3326   0.6312   0.1276   0.5187   0.3942   0.0220   0.0000   0.0267   0.0646    0.182
   117  -6.9144   1.5372   0.2507   0.5085   0.1322   0.4381   0.3330   0.0162   0.0000   0.0290   0.0492    0.163
   118  -7.0535   1.4822   0.1746   0.3732   0.1359   0.3340   0.2539   0.0099   0.0000   0.0272   0.0331    0.143
   119  -7.1471   1.4451   0.1029   0.2281   0.1384   0.2099   0.1595   0.0041   0.0000   0.0199   0.0184    0.125
   120  -7.1941   1.4265   0.0340   0.0767   0.1398   0.0723   0.0549  -0.0020   0.0000   0.0074   0.0058    0.116

  Surface # 5     vertical_stabilizer                     
     # Chordwise = 10   # Spanwise = 30     First strip =121
     Surface area =   34.910358       Ave. chord =    4.190919
     CLsurf  =   0.00000     Clsurf  =   0.00000
     CYsurf  =   0.00000     Cmsurf  =  -0.00000
     CDsurf  =  -0.00000     Cnsurf  =  -0.00000
     CDisurf =  -0.00000     CDvsurf =   0.00000

  Forces referred to Ssurf, Cave about hinge axis thru LE
     CLsurf  =  -0.00000     CDsurf  =  -0.00000
     Deflect =

 Strip Forces referred to Strip Area, Chord
    j      Yle    Chord     Area     c cl      ai      cl_norm  cl       cd       cdv    cm_c/4    cm_LE  C.P.x/c
   121   0.0000  10.0347   0.6931  -0.0000   0.0000  -0.0000  -0.0000   0.0000   0.0000   0.0000   0.0000    0.372
   122   0.0000   9.8296   1.1101  -0.0000   0.0000  -0.0000  -0.0000   0.0000   0.0000   0.0000   0.0000    0.375
   123   0.0000   9.5266   1.4857  -0.0000  -0.0000  -0.0000  -0.0000   0.0000   0.0000   0.0000   0.0000    0.387
   124   0.0000   9.1281   1.8040  -0.0000   0.0000  -0.0000  -0.0000   0.0000   0.0000   0.0000   0.0000    0.400
   125   0.0000   8.6377   2.0517  -0.0000   0.0000  -0.0000  -0.0000  -0.0000   0.0000   0.0000   0.0000    0.400
   126   0.0000   8.0598   2.2181  -0.0000   0.0000  -0.0000  -0.0000   0.0000   0.0000   0.0000   0.0000    0.399
   127   0.0000   7.4000   2.2957  -0.0000   0.0000  -0.0000  -0.0000   0.0000   0.0000   0.0000   0.0000    0.402
   128   0.0000   6.6646   2.2808  -0.0000   0.0000  -0.0000  -0.0000  -0.0000   0.0000   0.0000   0.0000    0.381
   129   0.0000   5.8609   2.1733  -0.0000   0.0000  -0.0000  -0.0000  -0.0000   0.0000   0.0000   0.0000    0.347
   130   0.0000   4.9969   1.9773  -0.0000   0.0000  -0.0000  -0.0000   0.0000   0.0000   0.0000   0.0000    0.305
   131   0.0000   4.4389   1.6667  -0.0000   0.0000  -0.0000  -0.0000  -0.0000   0.0000   0.0000   0.0000    0.277
   132   0.0000   4.2198   1.6478  -0.0000   0.0000  -0.0000  -0.0000  -0.0000   0.0000   0.0000   0.0000    0.264
   133   0.0000   3.9932   1.6033  -0.0000   0.0000  -0.0000  -0.0000  -0.0000   0.0000   0.0000   0.0000    0.252
   134   0.0000   3.7615   1.5362  -0.0000   0.0000  -0.0000  -0.0000  -0.0000   0.0000  -0.0000   0.0000    0.245
   135   0.0000   3.5271   1.4499  -0.0000   0.0000  -0.0000  -0.0000  -0.0000   0.0000  -0.0000   0.0000    0.239
   136   0.0000   3.2923   1.3482  -0.0000   0.0000  -0.0000  -0.0000  -0.0000   0.0000  -0.0000   0.0000    0.236
   137   0.0000   3.0597   1.2352  -0.0000   0.0000  -0.0000  -0.0000  -0.0000   0.0000  -0.0000   0.0000    0.234
   138   0.0000   2.8315   1.1147  -0.0000   0.0000  -0.0000  -0.0000  -0.0000   0.0000  -0.0000   0.0000    0.230
   139   0.0000   2.6103   0.9908  -0.0000   0.0000  -0.0000  -0.0000  -0.0000   0.0000  -0.0000   0.0000    0.224
   140   0.0000   2.3983   0.8670  -0.0000   0.0000  -0.0000  -0.0000  -0.0000   0.0000  -0.0000   0.0000    0.221
   141   0.0000   2.1977   0.7464  -0.0000   0.0000  -0.0000  -0.0000  -0.0000   0.0000  -0.0000   0.0000    0.222
   142   0.0000   2.0106   0.6318  -0.0000   0.0000  -0.0000  -0.0000  -0.0000   0.0000  -0.0000   0.0000    0.217
   143   0.0000   1.8390   0.5251  -0.0000   0.0000  -0.0000  -0.0000  -0.0000   0.0000  -0.0000   0.0000    0.211
   144   0.0000   1.6847   0.4276  -0.0000   0.0000  -0.0000  -0.0000  -0.0000   0.0000  -0.0000   0.0000    0.200
   145   0.0000   1.5493   0.3400  -0.0000   0.0000  -0.0000  -0.0000  -0.0000   0.0000  -0.0000   0.0000    0.185
   146   0.0000   1.4342   0.2622  -0.0000   0.0000  -0.0000  -0.0000  -0.0000   0.0000  -0.0000   0.0000    0.172
   147   0.0000   1.3407   0.1933  -0.0000   0.0000  -0.0000  -0.0000  -0.0000   0.0000  -0.0000   0.0000    0.152
   148   0.0000   1.2696   0.1322  -0.0000   0.0000  -0.0000  -0.0000  -0.0000   0.0000  -0.0000   0.0000    0.128
   149   0.0000   1.2218   0.0769  -0.0000   0.0000  -0.0000  -0.0000  -0.0000   0.0000  -0.0000   0.0000    0.111
   150   0.0000   1.1978   0.0252  -0.0000   0.0000  -0.0000  -0.0000  -0.0000   0.0000  -0.0000   0.0000    0.098

  Surface # 6     fuselage_horizontal                     
     # Chordwise = 10   # Spanwise = 10     First strip =151
     Surface area =  123.841202       Ave. chord =   33.112617
     CLsurf  =   0.01740     Clsurf  =   0.00000
     CYsurf  =   0.00000     Cmsurf  =   0.09534
     CDsurf  =  -0.00018     Cnsurf  =  -0.00000
     CDisurf =  -0.00018     CDvsurf =   0.00000

  Forces referred to Ssurf, Cave about hinge axis thru LE
     CLsurf  =   0.01755     CDsurf  =  -0.00019
     Deflect =

 Strip Forces referred to Strip Area, Chord
    j      Yle    Chord     Area     c cl      ai      cl_norm  cl       cd       cdv    cm_c/4    cm_LE  C.P.x/c
   151  -1.6830  26.5957   9.9468   0.4023   0.2584   0.1523   0.0163  -0.0054   0.0000   0.0063   0.0003   -0.137
   152  -1.3090  31.2096  11.6724   0.5599   0.2745   0.0664   0.0185  -0.0016   0.0000   0.0081   0.0009   -0.186
   153  -0.9350  34.0626  12.7394   0.6081   0.2477   0.0425   0.0181  -0.0001   0.0000   0.0099   0.0018   -0.295
   154  -0.5610  36.1619  13.5246   0.6347   0.2373   0.0290   0.0176   0.0012   0.0000   0.0107   0.0028   -0.360
   155  -0.1870  37.5332  14.0374   0.6504   0.2360   0.0197   0.0170   0.0033   0.0000   0.0110   0.0046   -0.394
   156   0.1870  37.5332  14.0374   0.6504   0.2360   0.0197   0.0170   0.0033   0.0000   0.0110   0.0046   -0.394
   157   0.5610  36.1619  13.5246   0.6347   0.2373   0.0290   0.0176   0.0012   0.0000   0.0107   0.0028   -0.360
   158   0.9350  34.0626  12.7394   0.6081   0.2477   0.0425   0.0181  -0.0001   0.0000   0.0099   0.0018   -0.295
   159   1.3090  31.2096  11.6724   0.5599   0.2745   0.0664   0.0185  -0.0016   0.0000   0.0081   0.0009   -0.186
   160   1.6830  26.5957   9.9468   0.4023   0.2584   0.1523   0.0163  -0.0054   0.0000   0.0063   0.0003   -0.137

  Surface # 7     fuselage_vertical                       
     # Chordwise = 10   # Spanwise = 10     First strip =161
     Surface area =  123.841202       Ave. chord =   33.112617
     CLsurf  =  -0.00000     Clsurf  =  -0.00000
     CYsurf  =   0.00000     Cmsurf  =   0.00000
     CDsurf  =   0.00000     Cnsurf  =  -0.00000
     CDisurf =   0.00000     CDvsurf =   0.00000

  Forces referred to Ssurf, Cave about hinge axis thru LE
     CLsurf  =  -0.00000     CDsurf  =   0.00000
     Deflect =

 Strip Forces referred to Strip Area, Chord
    j      Yle    Chord     Area     c cl      ai      cl_norm  cl       cd       cdv    cm_c/4    cm_LE  C.P.x/c
   161   0.0000  26.5957   9.9468  -0.0000  -0.0000  -0.0000  -0.0000   0.0000   0.0000   0.0000   0.0000    1.496
   162   0.0000  31.2096  11.6724   0.0000  -0.0000   0.0000   0.0000   0.0000   0.0000  -0.0000  -0.0000
   163   0.0000  34.0626  12.7394  -0.0000   0.0000  -0.0000  -0.0000   0.0000   0.0000  -0.0000  -0.0000
   164   0.0000  36.1619  13.5246  -0.0000   0.0000  -0.0000  -0.0000   0.0000   0.0000  -0.0000  -0.0000   -0.726
   165   0.0000  37.5332  14.0374  -0.0000   0.0000  -0.0000  -0.0000  -0.0000   0.0000  -0.0000  -0.0000   -0.127
   166   0.0000  37.5332  14.0374  -0.0000   0.0000  -0.0000  -0.0000   0.0000   0.0000   0.0000   0.0000    0.416
   167   0.0000  36.1619  13.5246  -0.0000   0.0000  -0.0000  -0.0000  -0.0000   0.0000   0.0000   0.0000    0.554
   168   0.0000  34.0626  12.7394  -0.0000  -0.0000  -0.0000  -0.0000  -0.0000   0.0000   0.0000   0.0000    0.621
   169   0.0000  31.2096  11.6724  -0.0000  -0.0000  -0.0000  -0.0000   0.0000   0.0000   0.0000   0.0000    0.704
   170   0.0000  26.5957   9.9468  -0.0000   0.0000  -0.0000  -0.0000   0.0000   0.0000   0.0000   0.0000    0.787
 ---------------------------------------------------------------
