 ---------------------------------------------------------------
 Surface and Strip Forces by surface

  Forces referred to Sref, Cref, Bref about Xref, Yref, Zref
 Standard axis orientation,  X fwd, Z down         

  Surface # 1     main_wing                               
     # Chordwise = 10   # Spanwise = 20     First strip =  1
     Surface area =   63.790974       Ave. chord =    3.717419
     CLsurf  =  -2.40324     Clsurf  =   0.53037
     CYsurf  =   0.06336     Cmsurf  =   0.40387
     CDsurf  =   0.16972     Cnsurf  =   0.16915
     CDisurf =   0.16972     CDvsurf =   0.00000

  Forces referred to Ssurf, Cave about hinge axis thru LE
     CLsurf  =  -4.70416     CDsurf  =   0.33221
     Deflect =

 Strip Forces referred to Strip Area, Chord
    j      Yle    Chord     Area     c cl      ai      cl_norm  cl       cd       cdv    cm_c/4    cm_LE  C.P.x/c
     1   0.0271   7.7411   0.8376 -19.9553  -0.6430   1.1522   1.1521 -42.7462   0.0000   1.2957   1.9085   -0.875
     2   0.2428   7.5905   2.4436 -21.4747  -0.5219  -2.5652  -2.5649  -3.1435   0.0000   1.3569   2.0305    0.779
     3   0.6690   7.2932   3.8488 -21.1093  -0.3387  -2.8752  -2.8749  -0.3491   0.0000   1.3288   2.0189    0.712
     4   1.2950   6.8563   4.9402 -20.0980  -0.1134  -2.9712  -2.9709   0.3241   0.0000   1.1726   1.8743    0.645
     5   2.1056   6.2906   5.6339 -18.9988   0.1199  -3.0725  -3.0722   0.4622   0.0000   0.8486   1.5775    0.526
     6   3.0065   5.6619   5.0672 -18.2533   0.2005  -3.3023  -3.3020   0.7517   0.0000   0.4905   1.2753    0.399
     7   3.9586   4.9974   5.0150 -18.5686   0.0283  -3.8225  -3.8221   1.0547   0.0000   0.2523   1.1619    0.316
     8   5.0073   4.2656   4.6382 -19.7146  -0.2039  -4.7680  -4.7676   1.4650   0.0000   0.0925   1.2276    0.269
     9   6.1989   3.7534   4.8429 -20.5045  -0.4128  -5.6426  -5.6423   1.8110   0.0000  -0.0173   1.3462    0.247
    10   7.5095   3.4937   4.6216 -20.5676  -0.4781  -6.0525  -6.0521   1.6292   0.0000  -0.0311   1.4384    0.245
    11   8.8364   3.2307   4.2738 -20.0143  -0.4780  -6.3501  -6.3497   1.4977   0.0000  -0.0286   1.5177    0.245
    12  10.1470   2.9710   3.8335 -19.0357  -0.4505  -6.5537  -6.5533   1.3915   0.0000  -0.0239   1.5754    0.246
    13  11.4090   2.7210   3.3357 -17.7655  -0.4249  -6.6701  -6.6697   1.3219   0.0000  -0.0235   1.6062    0.246
    14  12.6340   2.4782   3.0105 -16.2654  -0.4122  -6.7007  -6.7003   1.2790   0.0000  -0.0258   1.6124    0.246
    15  13.7866   2.2498   2.4374 -14.5565  -0.4199  -6.6071  -6.6067   1.2797   0.0000  -0.0337   1.5812    0.245
    16  14.7941   2.0502   1.8970 -12.6876  -0.4552  -6.3284  -6.3280   1.3248   0.0000  -0.0507   1.4940    0.242
    17  15.6315   1.8843   1.4027 -10.6213  -0.5216  -5.7808  -5.7804   1.3951   0.0000  -0.0799   1.3272    0.236
    18  16.2783   1.7561   0.9575  -8.2727  -0.6124  -4.8563  -4.8560   1.4538   0.0000  -0.1159   1.0601    0.226
    19  16.8016   1.3043   0.6198  -5.3278  -0.5540  -4.1884  -4.1868   0.9880   0.0000  -0.1700   0.7954    0.209
    20  17.1200   0.8402   0.1342  -1.7889  -0.4937  -2.1591  -2.1583   0.2419   0.0000  -0.1560   0.3516    0.178

  Surface # 2     main_wing (YDUP)                        
     # Chordwise = 10   # Spanwise = 20     First strip = 21
     Surface area =   63.790974       Ave. chord =    3.717419
     CLsurf  =  -2.40324     Clsurf  =  -0.53036
     CYsurf  =  -0.06336     Cmsurf  =   0.40387
     CDsurf  =   0.16973     Cnsurf  =  -0.16915
     CDisurf =   0.16973     CDvsurf =   0.00000

  Forces referred to Ssurf, Cave about hinge axis thru LE
     CLsurf  =  -4.70415     CDsurf  =   0.33222
     Deflect =

 Strip Forces referred to Strip Area, Chord
    j      Yle    Chord     Area     c cl      ai      cl_norm  cl       cd       cdv    cm_c/4    cm_LE  C.P.x/c
    21  -0.0271   7.7411   0.8376 -19.9553  -0.6433   1.1521   1.1520 -42.7451   0.0000   1.2957  -1.9085   -0.875
    22  -0.2428   7.5905   2.4436 -21.4746  -0.5218  -2.5652  -2.5649  -3.1435   0.0000   1.3569  -2.0305    0.779
    23  -0.6690   7.2932   3.8488 -21.1092  -0.3387  -2.8752  -2.8749  -0.3491   0.0000   1.3288  -2.0189    0.712
    24  -1.2950   6.8563   4.9402 -20.0980  -0.1134  -2.9712  -2.9709   0.3241   0.0000   1.1726  -1.8743    0.645
    25  -2.1056   6.2906   5.6339 -18.9988   0.1199  -3.0724  -3.0722   0.4623   0.0000   0.8486  -1.5775    0.526
    26  -3.0065   5.6619   5.0672 -18.2532   0.2005  -3.3023  -3.3020   0.7517   0.0000   0.4905  -1.2753    0.399
    27  -3.9586   4.9974   5.0150 -18.5686   0.0283  -3.8225  -3.8221   1.0547   0.0000   0.2523  -1.1619    0.316
    28  -5.0073   4.2656   4.6382 -19.7146  -0.2039  -4.7680  -4.7676   1.4650   0.0000   0.0925  -1.2276    0.269
    29  -6.1989   3.7534   4.8429 -20.5045  -0.4128  -5.6426  -5.6422   1.8109   0.0000  -0.0173  -1.3462    0.247
    30  -7.5095   3.4937   4.6216 -20.5676  -0.4781  -6.0525  -6.0521   1.6292   0.0000  -0.0311  -1.4384    0.245
    31  -8.8364   3.2307   4.2738 -20.0143  -0.4780  -6.3501  -6.3496   1.4977   0.0000  -0.0286  -1.5177    0.245
    32 -10.1470   2.9710   3.8335 -19.0356  -0.4505  -6.5537  -6.5533   1.3916   0.0000  -0.0239  -1.5754    0.246
    33 -11.4090   2.7210   3.3357 -17.7654  -0.4249  -6.6701  -6.6697   1.3219   0.0000  -0.0235  -1.6062    0.246
    34 -12.6340   2.4782   3.0105 -16.2653  -0.4122  -6.7007  -6.7003   1.2790   0.0000  -0.0258  -1.6124    0.246
    35 -13.7866   2.2498   2.4374 -14.5564  -0.4198  -6.6071  -6.6067   1.2797   0.0000  -0.0337  -1.5812    0.245
    36 -14.7941   2.0502   1.8970 -12.6876  -0.4552  -6.3284  -6.3280   1.3248   0.0000  -0.0507  -1.4940    0.242
    37 -15.6315   1.8843   1.4027 -10.6213  -0.5216  -5.7808  -5.7804   1.3951   0.0000  -0.0799  -1.3272    0.236
    38 -16.2783   1.7561   0.9575  -8.2726  -0.6124  -4.8563  -4.8560   1.4538   0.0000  -0.1159  -1.0601    0.226
    39 -16.8016   1.3043   0.6198  -5.3278  -0.5540  -4.1884  -4.1868   0.9880   0.0000  -0.1700  -0.7954    0.209
    40 -17.1200   0.8402   0.1342  -1.7889  -0.4937  -2.1591  -2.1583   0.2419   0.0000  -0.1560  -0.3516    0.178

  Surface # 3     horizontal_stabilizer                   
     # Chordwise = 10   # Spanwise = 20     First strip = 41
     Surface area =   20.072786       Ave. chord =    2.827143
     CLsurf  =   0.20885     Clsurf  =  -0.01844
     CYsurf  =  -0.00213     Cmsurf  =  -0.92438
     CDsurf  =  -0.02744     Cnsurf  =  -0.00290
     CDisurf =  -0.02744     CDvsurf =   0.00000

  Forces referred to Ssurf, Cave about hinge axis thru LE
     CLsurf  =   1.29918     CDsurf  =  -0.17068
     Deflect =

 Strip Forces referred to Strip Area, Chord
    j      Yle    Chord     Area     c cl      ai      cl_norm  cl       cd       cdv    cm_c/4    cm_LE  C.P.x/c
    41   0.0103   4.6946   0.1934   4.6108   0.0263   0.9778   0.9777   0.0944   0.0000   0.0165  -0.2268    0.233
    42   0.0924   4.6512   0.5701   4.5778   0.0225   0.9927   0.9926  -0.0526   0.0000   0.0163  -0.2274    0.234
    43   0.2547   4.5656   0.9173   4.5683   0.0191   1.0105   1.0103  -0.0676   0.0000   0.0171  -0.2307    0.233
    44   0.4930   4.4399   1.2180   4.5498   0.0177   1.0359   1.0358  -0.0811   0.0000   0.0180  -0.2358    0.233
    45   0.8160   4.2695   1.5847   4.5156   0.0174   1.0701   1.0699  -0.0936   0.0000   0.0189  -0.2430    0.232
    46   1.2202   4.0563   1.7628   4.4584   0.0090   1.1127   1.1125  -0.1052   0.0000   0.0198  -0.2524    0.232
    47   1.6825   3.8123   1.8577   4.3764  -0.0191   1.1631   1.1629  -0.1204   0.0000   0.0204  -0.2639    0.232
    48   2.1917   3.5437   1.8711   4.2707  -0.0537   1.2218   1.2216  -0.1348   0.0000   0.0210  -0.2775    0.233
    49   2.7353   3.2569   1.8099   4.1380  -0.0666   1.2887   1.2885  -0.1496   0.0000   0.0220  -0.2927    0.233
    50   3.2997   2.9591   1.6859   3.9880  -0.0642   1.3684   1.3682  -0.1755   0.0000   0.0235  -0.3103    0.233
    51   3.8713   2.6576   1.5141   3.8156  -0.0610   1.4604   1.4602  -0.2165   0.0000   0.0258  -0.3298    0.232
    52   4.4357   2.3597   1.3114   3.6042  -0.0617   1.5550   1.5548  -0.2462   0.0000   0.0289  -0.3494    0.231
    53   4.9793   2.0730   1.0945   3.3558  -0.0658   1.6514   1.6511  -0.2982   0.0000   0.0320  -0.3690    0.231
    54   5.4885   1.8043   0.8792   3.0468  -0.0716   1.7252   1.7249  -0.3414   0.0000   0.0353  -0.3830    0.230
    55   5.9508   1.5604   0.6781   2.6756  -0.0761   1.7538   1.7535  -0.3690   0.0000   0.0398  -0.3850    0.227
    56   6.3550   1.3472   0.5000   2.2406  -0.0759   1.7020   1.7017  -0.3678   0.0000   0.0466  -0.3655    0.223
    57   6.6617   1.1853   0.2890   1.7742  -0.0690   1.5317   1.5314  -0.3297   0.0000   0.0546  -0.3164    0.214
    58   6.8736   1.0735   0.1917   1.3044  -0.0568   1.2433   1.2431  -0.2679   0.0000   0.0581  -0.2432    0.203
    59   7.0178   0.9975   0.1087   0.7999  -0.0424   0.8191   0.8190  -0.1597   0.0000   0.0499  -0.1490    0.189
    60   7.0908   0.9589   0.0351   0.2704  -0.0300   0.2876   0.2875  -0.0514   0.0000   0.0210  -0.0490    0.177

  Surface # 4     horizontal_stabilizer (YDUP)            
     # Chordwise = 10   # Spanwise = 20     First strip = 61
     Surface area =   20.072786       Ave. chord =    2.827143
     CLsurf  =   0.20885     Clsurf  =   0.01844
     CYsurf  =   0.00213     Cmsurf  =  -0.92438
     CDsurf  =  -0.02744     Cnsurf  =   0.00290
     CDisurf =  -0.02744     CDvsurf =   0.00000

  Forces referred to Ssurf, Cave about hinge axis thru LE
     CLsurf  =   1.29917     CDsurf  =  -0.17068
     Deflect =

 Strip Forces referred to Strip Area, Chord
    j      Yle    Chord     Area     c cl      ai      cl_norm  cl       cd       cdv    cm_c/4    cm_LE  C.P.x/c
    61  -0.0103   4.6946   0.1934   4.6108   0.0263   0.9778   0.9777   0.0944   0.0000   0.0165   0.2268    0.233
    62  -0.0924   4.6512   0.5701   4.5778   0.0225   0.9927   0.9926  -0.0526   0.0000   0.0163   0.2274    0.234
    63  -0.2547   4.5656   0.9173   4.5683   0.0191   1.0105   1.0103  -0.0676   0.0000   0.0171   0.2307    0.233
    64  -0.4930   4.4399   1.2180   4.5498   0.0177   1.0359   1.0358  -0.0811   0.0000   0.0180   0.2358    0.233
    65  -0.8160   4.2695   1.5847   4.5156   0.0174   1.0701   1.0699  -0.0936   0.0000   0.0189   0.2430    0.232
    66  -1.2202   4.0563   1.7628   4.4584   0.0090   1.1127   1.1125  -0.1052   0.0000   0.0198   0.2524    0.232
    67  -1.6825   3.8123   1.8577   4.3764  -0.0191   1.1631   1.1629  -0.1204   0.0000   0.0204   0.2639    0.232
    68  -2.1917   3.5437   1.8711   4.2707  -0.0537   1.2218   1.2216  -0.1348   0.0000   0.0210   0.2775    0.233
    69  -2.7353   3.2569   1.8099   4.1380  -0.0666   1.2887   1.2885  -0.1496   0.0000   0.0220   0.2927    0.233
    70  -3.2997   2.9591   1.6859   3.9880  -0.0642   1.3684   1.3682  -0.1755   0.0000   0.0235   0.3103    0.233
    71  -3.8713   2.6576   1.5141   3.8156  -0.0610   1.4604   1.4602  -0.2165   0.0000   0.0258   0.3298    0.232
    72  -4.4357   2.3597   1.3114   3.6042  -0.0617   1.5550   1.5547  -0.2462   0.0000   0.0289   0.3494    0.231
    73  -4.9793   2.0730   1.0945   3.3558  -0.0658   1.6513   1.6511  -0.2982   0.0000   0.0320   0.3690    0.231
    74  -5.4885   1.8043   0.8792   3.0468  -0.0716   1.7252   1.7249  -0.3414   0.0000   0.0353   0.3830    0.230
    75  -5.9508   1.5604   0.6781   2.6756  -0.0761   1.7538   1.7535  -0.3690   0.0000   0.0398   0.3850    0.227
    76  -6.3550   1.3472   0.5000   2.2406  -0.0759   1.7019   1.7017  -0.3678   0.0000   0.0466   0.3655    0.223
    77  -6.6617   1.1853   0.2890   1.7742  -0.0690   1.5316   1.5314  -0.3297   0.0000   0.0546   0.3164    0.214
    78  -6.8736   1.0735   0.1917   1.3043  -0.0568   1.2433   1.2431  -0.2679   0.0000   0.0581   0.2432    0.203
    79  -7.0178   0.9975   0.1087   0.7999  -0.0424   0.8191   0.8190  -0.1597   0.0000   0.0499   0.1490    0.189
    80  -7.0908   0.9589   0.0351   0.2704  -0.0300   0.2876   0.2875  -0.0514   0.0000   0.0210   0.0490    0.177

  Surface # 5     vertical_stabilizer                     
     # Chordwise = 10   # Spanwise = 20     First strip = 81
     Surface area =   26.974527       Ave. chord =    3.612513
     CLsurf  =   0.00000     Clsurf  =  -0.00000
     CYsurf  =  -0.00000     Cmsurf  =  -0.00000
     CDsurf  =  -0.00000     Cnsurf  =   0.00000
     CDisurf =  -0.00000     CDvsurf =   0.00000

  Forces referred to Ssurf, Cave about hinge axis thru LE
     CLsurf  =   0.00000     CDsurf  =  -0.00000
     Deflect =

 Strip Forces referred to Strip Area, Chord
    j      Yle    Chord     Area     c cl      ai      cl_norm  cl       cd       cdv    cm_c/4    cm_LE  C.P.x/c
    81   0.0000   8.1033   0.7081   0.0000  -0.0000   0.0000   0.0000  -0.0000   0.0000   0.0000  -0.0000    0.233
    82   0.0000   7.7953   1.2357   0.0000   0.0000   0.0000   0.0000  -0.0000   0.0000   0.0000  -0.0000    0.236
    83   0.0000   7.3128   1.6577   0.0000  -0.0000   0.0000   0.0000  -0.0000   0.0000   0.0000  -0.0000    0.184
    84   0.0000   6.6651   1.9342   0.0000  -0.0000   0.0000   0.0000  -0.0000   0.0000   0.0000  -0.0000    0.182
    85   0.0000   5.8661   2.0384   0.0000  -0.0000   0.0000   0.0000  -0.0000   0.0000   0.0000  -0.0000    0.238
    86   0.0000   4.9330   1.9589   0.0000  -0.0000   0.0000   0.0000  -0.0000   0.0000  -0.0000  -0.0000    0.289
    87   0.0000   4.2949   2.2317   0.0000  -0.0000   0.0000   0.0000  -0.0000   0.0000   0.0000  -0.0000    0.186
    88   0.0000   4.0244   2.2380   0.0000  -0.0000   0.0000   0.0000  -0.0000   0.0000   0.0000  -0.0000    0.173
    89   0.0000   3.7387   2.1678   0.0000  -0.0000   0.0000   0.0000  -0.0000   0.0000   0.0000  -0.0000    0.216
    90   0.0000   3.4444   2.0327   0.0000  -0.0000   0.0000   0.0000  -0.0000   0.0000   0.0000  -0.0000    0.242
    91   0.0000   3.1483   1.8474   0.0000  -0.0000   0.0000   0.0000  -0.0000   0.0000   0.0000  -0.0000    0.215
    92   0.0000   2.8574   1.6279   0.0000  -0.0000   0.0000   0.0000  -0.0000   0.0000   0.0000  -0.0000    0.225
    93   0.0000   2.5785   1.3906   0.0000  -0.0000   0.0000   0.0000  -0.0000   0.0000   0.0000  -0.0000    0.214
    94   0.0000   2.3180   1.1503   0.0000  -0.0000   0.0000   0.0000  -0.0000   0.0000   0.0000  -0.0000    0.241
    95   0.0000   2.0821   0.9193   0.0000  -0.0000   0.0000   0.0000  -0.0000   0.0000   0.0000  -0.0000    0.232
    96   0.0000   1.8763   0.7063   0.0000  -0.0000   0.0000   0.0000  -0.0000   0.0000   0.0000  -0.0000    0.223
    97   0.0000   1.7056   0.5158   0.0000  -0.0000   0.0000   0.0000  -0.0000   0.0000   0.0000  -0.0000    0.214
    98   0.0000   1.5739   0.3482   0.0000  -0.0000   0.0000   0.0000  -0.0000   0.0000   0.0000  -0.0000    0.211
    99   0.0000   1.4843   0.2002   0.0000  -0.0000   0.0000   0.0000  -0.0000   0.0000   0.0000  -0.0000    0.196
   100   0.0000   1.4389   0.0652   0.0000  -0.0000   0.0000   0.0000  -0.0000   0.0000   0.0000  -0.0000    0.190

  Surface # 6     fuselage_horizontal                     
     # Chordwise = 10   # Spanwise = 10     First strip =101
     Surface area =  112.392822       Ave. chord =   30.376440
     CLsurf  =  -0.00540     Clsurf  =  -0.00000
     CYsurf  =  -0.00000     Cmsurf  =  -0.06204
     CDsurf  =  -0.01385     Cnsurf  =   0.00000
     CDisurf =  -0.01385     CDvsurf =   0.00000

  Forces referred to Ssurf, Cave about hinge axis thru LE
     CLsurf  =  -0.00600     CDsurf  =  -0.01539
     Deflect =

 Strip Forces referred to Strip Area, Chord
    j      Yle    Chord     Area     c cl      ai      cl_norm  cl       cd       cdv    cm_c/4    cm_LE  C.P.x/c
   101  -1.6650  21.5445   7.9715  -0.2882   0.2588  -0.3483  -0.0181   0.0540   0.0000  -0.0092  -0.0006   -0.256
   102  -1.2950  27.3129  10.1058  -0.7070   0.2452  -0.1418  -0.0320   0.0684   0.0000  -0.0050   0.0003    0.094
   103  -0.9250  31.3629  11.6043  -0.4619   0.1872  -0.0401  -0.0180   0.0365   0.0000  -0.0072  -0.0010   -0.151
   104  -0.5550  34.6182  12.8087  -0.0755  -0.0538  -0.0001  -0.0001  -0.0242   0.0000  -0.0081  -0.0028
   105  -0.1850  37.0437  13.7062   0.4209  -0.1345   0.0248   0.0248  -0.1532   0.0000  -0.0099  -0.0077    0.649
   106   0.1850  37.0437  13.7062   0.4209  -0.1345   0.0248   0.0248  -0.1532   0.0000  -0.0099  -0.0077    0.649
   107   0.5550  34.6182  12.8087  -0.0755  -0.0538  -0.0001  -0.0001  -0.0242   0.0000  -0.0081  -0.0028
   108   0.9250  31.3629  11.6043  -0.4619   0.1872  -0.0401  -0.0180   0.0365   0.0000  -0.0072  -0.0010   -0.151
   109   1.2950  27.3129  10.1058  -0.7070   0.2452  -0.1418  -0.0320   0.0684   0.0000  -0.0050   0.0003    0.094
   110   1.6650  21.5445   7.9715  -0.2882   0.2588  -0.3483  -0.0181   0.0540   0.0000  -0.0092  -0.0006   -0.256

  Surface # 7     fuselage_vertical                       
     # Chordwise = 10   # Spanwise = 10     First strip =111
     Surface area =  114.215408       Ave. chord =   30.376440
     CLsurf  =  -0.00000     Clsurf  =   0.00000
     CYsurf  =  -0.00000     Cmsurf  =  -0.00000
     CDsurf  =  -0.00000     Cnsurf  =   0.00000
     CDisurf =  -0.00000     CDvsurf =   0.00000

  Forces referred to Ssurf, Cave about hinge axis thru LE
     CLsurf  =   0.00000     CDsurf  =  -0.00000
     Deflect =

 Strip Forces referred to Strip Area, Chord
    j      Yle    Chord     Area     c cl      ai      cl_norm  cl       cd       cdv    cm_c/4    cm_LE  C.P.x/c
   111   0.0000  21.5445   8.1007  -0.0000   0.0000  -0.0000  -0.0000   0.0000   0.0000   0.0000   0.0000
   112   0.0000  27.3129  10.2696   0.0000  -0.0001   0.0000   0.0000   0.0000   0.0000   0.0000   0.0000   -0.467
   113   0.0000  31.3629  11.7925   0.0000  -0.0000   0.0000   0.0000  -0.0000   0.0000   0.0000   0.0000   -0.504
   114   0.0000  34.6182  13.0164   0.0000  -0.0000   0.0000   0.0000  -0.0000   0.0000   0.0000   0.0000   -0.464
   115   0.0000  37.0437  13.9284   0.0000  -0.0000   0.0000   0.0000  -0.0000   0.0000   0.0000  -0.0000    0.246
   116   0.0000  37.0437  13.9284   0.0000  -0.0000   0.0000   0.0000  -0.0000   0.0000  -0.0000  -0.0000    0.670
   117   0.0000  34.6182  13.0164   0.0000  -0.0000   0.0000   0.0000  -0.0000   0.0000  -0.0000  -0.0000    0.677
   118   0.0000  31.3629  11.7925   0.0000  -0.0000   0.0000   0.0000  -0.0000   0.0000  -0.0000  -0.0000    0.662
   119   0.0000  27.3129  10.2696   0.0000   0.0000   0.0000   0.0000  -0.0000   0.0000  -0.0000  -0.0000    0.706
   120   0.0000  21.5445   8.1007   0.0000   0.0000   0.0000   0.0000  -0.0000   0.0000  -0.0000  -0.0000    0.713
 ---------------------------------------------------------------
