 ---------------------------------------------------------------
 Surface and Strip Forces by surface

  Forces referred to Sref, Cref, Bref about Xref, Yref, Zref
 Standard axis orientation,  X fwd, Z down         

  Surface # 1     main_wing                               
     # Chordwise = 10   # Spanwise = 20     First strip =  1
     Surface area =   63.790974       Ave. chord =    3.717419
     CLsurf  =  -2.96073     Clsurf  =   0.65760
     CYsurf  =  -0.00936     Cmsurf  =   0.56951
     CDsurf  =  -0.17061     Cnsurf  =   0.32270
     CDisurf =  -0.17061     CDvsurf =   0.00000

  Forces referred to Ssurf, Cave about hinge axis thru LE
     CLsurf  =  -5.79519     CDsurf  =  -0.33395
     Deflect =

 Strip Forces referred to Strip Area, Chord
    j      Yle    Chord     Area     c cl      ai      cl_norm  cl       cd       cdv    cm_c/4    cm_LE  C.P.x/c
     1   0.0271   7.7411   0.8376 -21.3112  -0.6260  21.5588  21.5568 ********   0.0000   1.5149   2.1672    0.180
     2   0.2428   7.5905   2.4436 -26.7464  -0.5321  -1.8713  -1.8711  -9.6807   0.0000   1.6955   2.5343    1.156
     3   0.6690   7.2932   3.8488 -26.6628  -0.3731  -3.7713  -3.7709   0.3326   0.0000   1.6896   2.5611    0.698
     4   1.2950   6.8563   4.9402 -25.5968  -0.1654  -4.1943  -4.1939   2.2855   0.0000   1.5601   2.4527    0.622
     5   2.1056   6.2906   5.6339 -24.9699   0.0689  -4.2311  -4.2307   1.1345   0.0000   1.2822   2.2374    0.553
     6   3.0065   5.6619   5.0672 -23.2656   0.2114  -4.3564  -4.3560   1.0407   0.0000   0.8648   1.8612    0.449
     7   3.9586   4.9974   5.0150 -22.6180   0.1256  -4.8797  -4.8793   1.6080   0.0000   0.5181   1.6227    0.356
     8   5.0073   4.2656   4.6382 -23.4201  -0.0818  -5.9572  -5.9567   2.1637   0.0000   0.2329   1.5793    0.289
     9   6.1989   3.7534   4.8429 -24.5529  -0.3955  -7.1472  -7.1467   2.8598   0.0000   0.0123   1.6451    0.252
    10   7.5095   3.4937   4.6216 -24.9273  -0.5666  -7.7182  -7.7177   2.6804   0.0000  -0.0628   1.7183    0.242
    11   8.8364   3.2307   4.2738 -24.6125  -0.6232  -8.1856  -8.1851   2.5481   0.0000  -0.0865   1.8152    0.239
    12  10.1470   2.9710   3.8335 -23.7092  -0.6175  -8.5307  -8.5301   2.4214   0.0000  -0.0911   1.9010    0.239
    13  11.4090   2.7210   3.3357 -22.3235  -0.5985  -8.7449  -8.7443   2.3450   0.0000  -0.0973   1.9506    0.239
    14  12.6340   2.4782   3.0105 -20.5147  -0.5841  -8.8051  -8.8045   2.2619   0.0000  -0.1056   1.9608    0.238
    15  13.7866   2.2498   2.4374 -18.3161  -0.5827  -8.6532  -8.6526   2.1889   0.0000  -0.1227   1.9096    0.236
    16  14.7941   2.0502   1.8970 -15.8086  -0.5990  -8.2044  -8.2039   2.1222   0.0000  -0.1508   1.7741    0.232
    17  15.6315   1.8843   1.4027 -13.0155  -0.6321  -7.3735  -7.3730   2.0363   0.0000  -0.1871   1.5373    0.225
    18  16.2783   1.7561   0.9575  -9.9352  -0.6749  -6.0830  -6.0826   1.9155   0.0000  -0.2148   1.1977    0.215
    19  16.8016   1.3043   0.6198  -6.3003  -0.5772  -5.0833  -5.0814   1.0010   0.0000  -0.2682   0.8781    0.197
    20  17.1200   0.8402   0.1342  -2.0905  -0.4694  -2.5034  -2.5025  -0.1348   0.0000  -0.2088   0.3863    0.167

  Surface # 2     main_wing (YDUP)                        
     # Chordwise = 10   # Spanwise = 20     First strip = 21
     Surface area =   63.790974       Ave. chord =    3.717419
     CLsurf  =  -2.96071     Clsurf  =  -0.65760
     CYsurf  =   0.00936     Cmsurf  =   0.56951
     CDsurf  =  -0.17063     Cnsurf  =  -0.32269
     CDisurf =  -0.17063     CDvsurf =   0.00000

  Forces referred to Ssurf, Cave about hinge axis thru LE
     CLsurf  =  -5.79516     CDsurf  =  -0.33399
     Deflect =

 Strip Forces referred to Strip Area, Chord
    j      Yle    Chord     Area     c cl      ai      cl_norm  cl       cd       cdv    cm_c/4    cm_LE  C.P.x/c
    21  -0.0271   7.7411   0.8376 -21.3111  -0.6255  21.5589  21.5570 ********   0.0000   1.5149  -2.1672    0.180
    22  -0.2428   7.5905   2.4436 -26.7464  -0.5321  -1.8712  -1.8711  -9.6809   0.0000   1.6955  -2.5343    1.156
    23  -0.6690   7.2932   3.8488 -26.6628  -0.3731  -3.7713  -3.7709   0.3327   0.0000   1.6896  -2.5611    0.698
    24  -1.2950   6.8563   4.9402 -25.5967  -0.1654  -4.1943  -4.1939   2.2854   0.0000   1.5601  -2.4527    0.622
    25  -2.1056   6.2906   5.6339 -24.9698   0.0689  -4.2310  -4.2306   1.1345   0.0000   1.2822  -2.2374    0.553
    26  -3.0065   5.6619   5.0672 -23.2655   0.2114  -4.3564  -4.3560   1.0407   0.0000   0.8648  -1.8612    0.449
    27  -3.9586   4.9974   5.0150 -22.6179   0.1256  -4.8797  -4.8792   1.6079   0.0000   0.5181  -1.6227    0.356
    28  -5.0073   4.2656   4.6382 -23.4200  -0.0818  -5.9572  -5.9566   2.1637   0.0000   0.2329  -1.5793    0.289
    29  -6.1989   3.7534   4.8429 -24.5527  -0.3955  -7.1471  -7.1467   2.8597   0.0000   0.0123  -1.6451    0.252
    30  -7.5095   3.4937   4.6216 -24.9272  -0.5666  -7.7181  -7.7176   2.6804   0.0000  -0.0628  -1.7183    0.242
    31  -8.8364   3.2307   4.2738 -24.6124  -0.6232  -8.1856  -8.1850   2.5481   0.0000  -0.0865  -1.8152    0.239
    32 -10.1470   2.9710   3.8335 -23.7091  -0.6175  -8.5307  -8.5301   2.4213   0.0000  -0.0911  -1.9010    0.239
    33 -11.4090   2.7210   3.3357 -22.3234  -0.5985  -8.7448  -8.7443   2.3450   0.0000  -0.0973  -1.9506    0.239
    34 -12.6340   2.4782   3.0105 -20.5147  -0.5841  -8.8050  -8.8045   2.2619   0.0000  -0.1056  -1.9608    0.238
    35 -13.7866   2.2498   2.4374 -18.3160  -0.5827  -8.6532  -8.6526   2.1889   0.0000  -0.1227  -1.9096    0.236
    36 -14.7941   2.0502   1.8970 -15.8085  -0.5990  -8.2044  -8.2038   2.1222   0.0000  -0.1508  -1.7741    0.232
    37 -15.6315   1.8843   1.4027 -13.0154  -0.6320  -7.3735  -7.3730   2.0362   0.0000  -0.1871  -1.5373    0.225
    38 -16.2783   1.7561   0.9575  -9.9352  -0.6749  -6.0829  -6.0825   1.9155   0.0000  -0.2148  -1.1977    0.215
    39 -16.8016   1.3043   0.6198  -6.3003  -0.5772  -5.0832  -5.0813   1.0010   0.0000  -0.2682  -0.8781    0.197
    40 -17.1200   0.8402   0.1342  -2.0905  -0.4694  -2.5034  -2.5025  -0.1348   0.0000  -0.2088  -0.3863    0.167

  Surface # 3     horizontal_stabilizer                   
     # Chordwise = 10   # Spanwise = 20     First strip = 41
     Surface area =   20.072786       Ave. chord =    2.827143
     CLsurf  =   0.39070     Clsurf  =  -0.03391
     CYsurf  =  -0.01536     Cmsurf  =  -1.70395
     CDsurf  =  -0.03712     Cnsurf  =  -0.00036
     CDisurf =  -0.03712     CDvsurf =   0.00000

  Forces referred to Ssurf, Cave about hinge axis thru LE
     CLsurf  =   2.43058     CDsurf  =  -0.23089
     Deflect =

 Strip Forces referred to Strip Area, Chord
    j      Yle    Chord     Area     c cl      ai      cl_norm  cl       cd       cdv    cm_c/4    cm_LE  C.P.x/c
    41   0.0103   4.6946   0.1934   8.7941   0.1313   1.7119   1.7117   1.0802   0.0000   0.0606  -0.4037    0.215
    42   0.0924   4.6512   0.5701   8.5932   0.1283   1.8648   1.8645   0.0653   0.0000   0.0573  -0.4005    0.219
    43   0.2547   4.5656   0.9173   8.5692   0.1252   1.9073   1.9070  -0.0063   0.0000   0.0593  -0.4059    0.219
    44   0.4930   4.4399   1.2180   8.5395   0.1247   1.9615   1.9612  -0.0463   0.0000   0.0620  -0.4147    0.218
    45   0.8160   4.2695   1.5847   8.4857   0.1246   2.0333   2.0330  -0.0839   0.0000   0.0651  -0.4275    0.218
    46   1.2202   4.0563   1.7628   8.3872   0.1114   2.1203   2.1200  -0.1156   0.0000   0.0683  -0.4442    0.218
    47   1.6825   3.8123   1.8577   8.2346   0.0690   2.2200   2.2197  -0.1495   0.0000   0.0714  -0.4639    0.218
    48   2.1917   3.5437   1.8711   8.0251   0.0187   2.3331   2.3328  -0.1883   0.0000   0.0745  -0.4868    0.218
    49   2.7353   3.2569   1.8099   7.7419   0.0015   2.4518   2.4514  -0.2136   0.0000   0.0783  -0.5109    0.218
    50   3.2997   2.9591   1.6859   7.4081   0.0081   2.5888   2.5884  -0.2624   0.0000   0.0825  -0.5380    0.218
    51   3.8713   2.6576   1.5141   7.0155   0.0166   2.7392   2.7388  -0.3304   0.0000   0.0881  -0.5662    0.218
    52   4.4357   2.3597   1.3114   6.5455   0.0200   2.8836   2.8832  -0.3777   0.0000   0.0954  -0.5921    0.217
    53   4.9793   2.0730   1.0945   6.0150   0.0175   3.0306   3.0301  -0.4748   0.0000   0.1034  -0.6158    0.216
    54   5.4885   1.8043   0.8792   5.3883   0.0110   3.1300   3.1295  -0.5510   0.0000   0.1132  -0.6271    0.214
    55   5.9508   1.5604   0.6781   4.6750   0.0033   3.1499   3.1494  -0.6075   0.0000   0.1238  -0.6190    0.211
    56   6.3550   1.3472   0.5000   3.8656  -0.0025   3.0239   3.0234  -0.6226   0.0000   0.1356  -0.5760    0.205
    57   6.6617   1.1853   0.2890   3.0266  -0.0037   2.6961   2.6956  -0.5834   0.0000   0.1411  -0.4923    0.198
    58   6.8736   1.0735   0.1917   2.1987   0.0004   2.1659   2.1655  -0.4866   0.0000   0.1339  -0.3744    0.188
    59   7.0178   0.9975   0.1087   1.3364   0.0079   1.4148   1.4146  -0.3069   0.0000   0.1024  -0.2303    0.178
    60   7.0908   0.9589   0.0351   0.4493   0.0160   0.4978   0.4977  -0.1245   0.0000   0.0393  -0.0770    0.171

  Surface # 4     horizontal_stabilizer (YDUP)            
     # Chordwise = 10   # Spanwise = 20     First strip = 61
     Surface area =   20.072786       Ave. chord =    2.827143
     CLsurf  =   0.39070     Clsurf  =   0.03391
     CYsurf  =   0.01536     Cmsurf  =  -1.70394
     CDsurf  =  -0.03712     Cnsurf  =   0.00036
     CDisurf =  -0.03712     CDvsurf =   0.00000

  Forces referred to Ssurf, Cave about hinge axis thru LE
     CLsurf  =   2.43056     CDsurf  =  -0.23089
     Deflect =

 Strip Forces referred to Strip Area, Chord
    j      Yle    Chord     Area     c cl      ai      cl_norm  cl       cd       cdv    cm_c/4    cm_LE  C.P.x/c
    61  -0.0103   4.6946   0.1934   8.7941   0.1314   1.7119   1.7116   1.0803   0.0000   0.0606   0.4037    0.215
    62  -0.0924   4.6512   0.5701   8.5932   0.1283   1.8648   1.8645   0.0653   0.0000   0.0573   0.4005    0.219
    63  -0.2547   4.5656   0.9173   8.5692   0.1251   1.9073   1.9070  -0.0063   0.0000   0.0593   0.4059    0.219
    64  -0.4930   4.4399   1.2180   8.5395   0.1247   1.9615   1.9612  -0.0463   0.0000   0.0620   0.4147    0.218
    65  -0.8160   4.2695   1.5847   8.4857   0.1246   2.0333   2.0330  -0.0839   0.0000   0.0651   0.4275    0.218
    66  -1.2202   4.0563   1.7628   8.3872   0.1114   2.1203   2.1200  -0.1156   0.0000   0.0683   0.4442    0.218
    67  -1.6825   3.8123   1.8577   8.2345   0.0690   2.2200   2.2197  -0.1495   0.0000   0.0714   0.4639    0.218
    68  -2.1917   3.5437   1.8711   8.0250   0.0187   2.3331   2.3328  -0.1883   0.0000   0.0745   0.4868    0.218
    69  -2.7353   3.2569   1.8099   7.7418   0.0015   2.4518   2.4514  -0.2136   0.0000   0.0783   0.5109    0.218
    70  -3.2997   2.9591   1.6859   7.4080   0.0080   2.5888   2.5884  -0.2624   0.0000   0.0825   0.5380    0.218
    71  -3.8713   2.6576   1.5141   7.0154   0.0166   2.7392   2.7388  -0.3304   0.0000   0.0881   0.5662    0.218
    72  -4.4357   2.3597   1.3114   6.5454   0.0200   2.8836   2.8831  -0.3777   0.0000   0.0954   0.5921    0.217
    73  -4.9793   2.0730   1.0945   6.0150   0.0175   3.0306   3.0301  -0.4748   0.0000   0.1034   0.6158    0.216
    74  -5.4885   1.8043   0.8792   5.3882   0.0110   3.1300   3.1295  -0.5510   0.0000   0.1132   0.6271    0.214
    75  -5.9508   1.5604   0.6781   4.6749   0.0033   3.1498   3.1493  -0.6075   0.0000   0.1238   0.6190    0.211
    76  -6.3550   1.3472   0.5000   3.8655  -0.0025   3.0239   3.0234  -0.6226   0.0000   0.1356   0.5760    0.205
    77  -6.6617   1.1853   0.2890   3.0265  -0.0037   2.6960   2.6956  -0.5834   0.0000   0.1411   0.4923    0.198
    78  -6.8736   1.0735   0.1917   2.1987   0.0004   2.1658   2.1655  -0.4866   0.0000   0.1339   0.3744    0.188
    79  -7.0178   0.9975   0.1087   1.3364   0.0079   1.4148   1.4146  -0.3069   0.0000   0.1024   0.2303    0.178
    80  -7.0908   0.9589   0.0351   0.4493   0.0160   0.4977   0.4977  -0.1245   0.0000   0.0393   0.0770    0.171

  Surface # 5     vertical_stabilizer                     
     # Chordwise = 10   # Spanwise = 20     First strip = 81
     Surface area =   26.974527       Ave. chord =    3.612513
     CLsurf  =   0.00000     Clsurf  =  -0.00000
     CYsurf  =  -0.00000     Cmsurf  =  -0.00000
     CDsurf  =  -0.00000     Cnsurf  =   0.00000
     CDisurf =  -0.00000     CDvsurf =   0.00000

  Forces referred to Ssurf, Cave about hinge axis thru LE
     CLsurf  =   0.00000     CDsurf  =  -0.00000
     Deflect =

 Strip Forces referred to Strip Area, Chord
    j      Yle    Chord     Area     c cl      ai      cl_norm  cl       cd       cdv    cm_c/4    cm_LE  C.P.x/c
    81   0.0000   8.1033   0.7081  -0.0000  -0.0000  -0.0000  -0.0000  -0.0000   0.0000   0.0000   0.0000
    82   0.0000   7.7953   1.2357  -0.0000   0.0000  -0.0000  -0.0000  -0.0000   0.0000   0.0000   0.0000    1.955
    83   0.0000   7.3128   1.6577  -0.0000  -0.0000  -0.0000  -0.0000   0.0000   0.0000   0.0000   0.0000    1.715
    84   0.0000   6.6651   1.9342  -0.0000  -0.0000  -0.0000  -0.0000  -0.0000   0.0000   0.0000   0.0000    1.871
    85   0.0000   5.8661   2.0384  -0.0000  -0.0000  -0.0000  -0.0000  -0.0000   0.0000   0.0000   0.0000
    86   0.0000   4.9330   1.9589   0.0000  -0.0000   0.0000   0.0000  -0.0000   0.0000   0.0000   0.0000
    87   0.0000   4.2949   2.2317   0.0000   0.0000   0.0000   0.0000  -0.0000   0.0000   0.0000   0.0000   -0.961
    88   0.0000   4.0244   2.2380   0.0000   0.0000   0.0000   0.0000  -0.0000   0.0000   0.0000   0.0000   -0.426
    89   0.0000   3.7387   2.1678   0.0000   0.0000   0.0000   0.0000  -0.0000   0.0000   0.0000   0.0000   -0.104
    90   0.0000   3.4444   2.0327   0.0000   0.0000   0.0000   0.0000  -0.0000   0.0000   0.0000  -0.0000   -0.017
    91   0.0000   3.1483   1.8474   0.0000   0.0000   0.0000   0.0000  -0.0000   0.0000   0.0000  -0.0000    0.088
    92   0.0000   2.8574   1.6279   0.0000   0.0000   0.0000   0.0000  -0.0000   0.0000   0.0000  -0.0000    0.117
    93   0.0000   2.5785   1.3906   0.0000   0.0000   0.0000   0.0000  -0.0000   0.0000   0.0000  -0.0000    0.156
    94   0.0000   2.3180   1.1503   0.0000  -0.0000   0.0000   0.0000  -0.0000   0.0000   0.0000  -0.0000    0.190
    95   0.0000   2.0821   0.9193   0.0000   0.0000   0.0000   0.0000  -0.0000   0.0000   0.0000  -0.0000    0.226
    96   0.0000   1.8763   0.7063   0.0000   0.0000   0.0000   0.0000  -0.0000   0.0000  -0.0000  -0.0000    0.250
    97   0.0000   1.7056   0.5158   0.0000  -0.0000   0.0000   0.0000  -0.0000   0.0000   0.0000  -0.0000    0.212
    98   0.0000   1.5739   0.3482   0.0000  -0.0000   0.0000   0.0000  -0.0000   0.0000   0.0000  -0.0000    0.206
    99   0.0000   1.4843   0.2002   0.0000  -0.0000   0.0000   0.0000  -0.0000   0.0000   0.0000  -0.0000    0.197
   100   0.0000   1.4389   0.0652   0.0000  -0.0000   0.0000   0.0000  -0.0000   0.0000   0.0000  -0.0000    0.187

  Surface # 6     fuselage_horizontal                     
     # Chordwise = 10   # Spanwise = 10     First strip =101
     Surface area =  112.392822       Ave. chord =   30.376440
     CLsurf  =  -0.04542     Clsurf  =   0.00000
     CYsurf  =   0.00000     Cmsurf  =  -0.01851
     CDsurf  =  -0.02214     Cnsurf  =   0.00000
     CDisurf =  -0.02214     CDvsurf =   0.00000

  Forces referred to Ssurf, Cave about hinge axis thru LE
     CLsurf  =  -0.05046     CDsurf  =  -0.02460
     Deflect =

 Strip Forces referred to Strip Area, Chord
    j      Yle    Chord     Area     c cl      ai      cl_norm  cl       cd       cdv    cm_c/4    cm_LE  C.P.x/c
   101  -1.6650  21.5445   7.9715  -2.1476   0.3860  -1.6679  -0.1228   0.1226   0.0000   0.0198   0.0048    0.411
   102  -1.2950  27.3129  10.1058  -3.3672   0.4210  -0.6658  -0.1618   0.2077   0.0000   0.0271   0.0116    0.418
   103  -0.9250  31.3629  11.6043  -2.4040   0.3825  -0.2337  -0.1076   0.1686   0.0000   0.0130   0.0087    0.371
   104  -0.5550  34.6182  12.8087  -0.8815  -0.0064  -0.0323  -0.0247  -0.0063   0.0000  -0.0002   0.0023    0.244
   105  -0.1850  37.0437  13.7062   0.6043  -0.0928   0.0980   0.0980  -0.4621   0.0000  -0.0113  -0.0093    0.365
   106   0.1850  37.0437  13.7062   0.6042  -0.0928   0.0980   0.0980  -0.4621   0.0000  -0.0113  -0.0093    0.365
   107   0.5550  34.6182  12.8087  -0.8816  -0.0064  -0.0323  -0.0247  -0.0063   0.0000  -0.0002   0.0023    0.244
   108   0.9250  31.3629  11.6043  -2.4041   0.3825  -0.2337  -0.1076   0.1686   0.0000   0.0130   0.0087    0.371
   109   1.2950  27.3129  10.1058  -3.3673   0.4210  -0.6658  -0.1618   0.2077   0.0000   0.0272   0.0116    0.418
   110   1.6650  21.5445   7.9715  -2.1476   0.3860  -1.6679  -0.1228   0.1226   0.0000   0.0198   0.0048    0.411

  Surface # 7     fuselage_vertical                       
     # Chordwise = 10   # Spanwise = 10     First strip =111
     Surface area =  114.215408       Ave. chord =   30.376440
     CLsurf  =  -0.00000     Clsurf  =   0.00000
     CYsurf  =  -0.00000     Cmsurf  =   0.00000
     CDsurf  =  -0.00000     Cnsurf  =   0.00000
     CDisurf =  -0.00000     CDvsurf =   0.00000

  Forces referred to Ssurf, Cave about hinge axis thru LE
     CLsurf  =   0.00000     CDsurf  =  -0.00000
     Deflect =

 Strip Forces referred to Strip Area, Chord
    j      Yle    Chord     Area     c cl      ai      cl_norm  cl       cd       cdv    cm_c/4    cm_LE  C.P.x/c
   111   0.0000  21.5445   8.1007  -0.0000   0.0000  -0.0000  -0.0000   0.0000   0.0000   0.0000   0.0000    1.252
   112   0.0000  27.3129  10.2696  -0.0000   0.0001  -0.0000  -0.0000   0.0000   0.0000   0.0000   0.0000
   113   0.0000  31.3629  11.7925  -0.0000  -0.0000  -0.0000  -0.0000  -0.0000   0.0000   0.0000   0.0000    1.665
   114   0.0000  34.6182  13.0164  -0.0000  -0.0000  -0.0000  -0.0000  -0.0000   0.0000   0.0000   0.0000    1.535
   115   0.0000  37.0437  13.9284   0.0000  -0.0000   0.0000   0.0000  -0.0000   0.0000   0.0000   0.0000
   116   0.0000  37.0437  13.9284   0.0000  -0.0000   0.0000   0.0000  -0.0000   0.0000  -0.0000  -0.0000    0.802
   117   0.0000  34.6182  13.0164   0.0000  -0.0000   0.0000   0.0000  -0.0000   0.0000  -0.0000  -0.0000    0.830
   118   0.0000  31.3629  11.7925   0.0000  -0.0000   0.0000   0.0000  -0.0000   0.0000  -0.0000  -0.0000    0.829
   119   0.0000  27.3129  10.2696   0.0000   0.0000   0.0000   0.0000  -0.0000   0.0000  -0.0000  -0.0000    0.853
   120   0.0000  21.5445   8.1007   0.0000   0.0000   0.0002   0.0000  -0.0000   0.0000  -0.0000  -0.0000    0.856
 ---------------------------------------------------------------
