 ---------------------------------------------------------------
 Surface and Strip Forces by surface

  Forces referred to Sref, Cref, Bref about Xref, Yref, Zref
 Standard axis orientation,  X fwd, Z down         

  Surface # 1     main_wing                               
     # Chordwise = 10   # Spanwise = 30     First strip =  1
     Surface area =   63.968842       Ave. chord =    3.715026
     CLsurf  =   0.18844     Clsurf  =  -0.03473
     CYsurf  =  -0.01260     Cmsurf  =  -0.16333
     CDsurf  =   0.00348     Cnsurf  =   0.00020
     CDisurf =   0.00348     CDvsurf =   0.00000

  Forces referred to Ssurf, Cave about hinge axis thru LE
     CLsurf  =   0.36864     CDsurf  =   0.00679
     Deflect =

 Strip Forces referred to Strip Area, Chord
    j      Yle    Chord     Area     c cl      ai      cl_norm  cl       cd       cdv    cm_c/4    cm_LE  C.P.x/c
     1   0.0114   7.7520   0.3539   2.6706   0.0855   0.4360   0.3377   0.2003   0.0000  -0.0207  -0.0872    0.311
     2   0.1025   7.6885   1.0491   2.5336   0.0849   0.4238   0.3283   0.0404   0.0000  -0.0205  -0.0840    0.312
     3   0.2837   7.5620   1.7073   2.5193   0.0837   0.4290   0.3323   0.0303   0.0000  -0.0193  -0.0838    0.308
     4   0.5530   7.3741   2.3052   2.5043   0.0812   0.4375   0.3389   0.0260   0.0000  -0.0174  -0.0836    0.301
     5   0.9075   7.1267   2.8223   2.4782   0.0773   0.4481   0.3471   0.0241   0.0000  -0.0154  -0.0836    0.294
     6   1.3432   6.8226   3.2414   2.4326   0.0720   0.4596   0.3561   0.0202   0.0000  -0.0136  -0.0840    0.288
     7   1.8554   6.4651   3.5491   2.3630   0.0661   0.4715   0.3652   0.0152   0.0000  -0.0123  -0.0848    0.284
     8   2.4386   6.0582   3.7368   2.2676   0.0590   0.4829   0.3741   0.0125   0.0000  -0.0116  -0.0860    0.281
     9   3.0862   5.6062   3.8005   2.1461   0.0489   0.4941   0.3827   0.0088   0.0000  -0.0115  -0.0876    0.280
    10   3.7613   5.1351   3.4440   1.9942   0.0382   0.5014   0.3884   0.0054   0.0000  -0.0123  -0.0894    0.282
    11   4.4532   4.6522   3.3149   1.8483   0.0273   0.5131   0.3975   0.0021   0.0000  -0.0123  -0.0913    0.281
    12   5.1831   4.1429   3.0930   1.6856   0.0122   0.5257   0.4072  -0.0020   0.0000  -0.0128  -0.0935    0.281
    13   6.0123   3.7903   3.4706   1.5315   0.0031   0.4940   0.4044  -0.0037   0.0000  -0.0121  -0.1009    0.280
    14   6.9353   3.6075   3.3775   1.4136   0.0047   0.4790   0.3922  -0.0029   0.0000  -0.0127  -0.0988    0.282
    15   7.8737   3.4215   3.2389   1.3116   0.0050   0.4686   0.3837  -0.0025   0.0000  -0.0136  -0.0977    0.285
    16   8.8172   3.2345   3.0619   1.2196   0.0050   0.4609   0.3774  -0.0024   0.0000  -0.0147  -0.0972    0.289
    17   9.7556   3.0486   2.8543   1.1343   0.0051   0.4548   0.3724  -0.0023   0.0000  -0.0159  -0.0972    0.293
    18  10.6786   2.8657   2.6239   1.0545   0.0053   0.4498   0.3683  -0.0023   0.0000  -0.0173  -0.0975    0.297
    19  11.5760   2.6879   2.3787   0.9797   0.0057   0.4456   0.3648  -0.0024   0.0000  -0.0187  -0.0980    0.301
    20  12.4328   2.5181   2.1010   0.9108   0.0069   0.4422   0.3620  -0.0023   0.0000  -0.0195  -0.0981    0.304
    21  13.2400   2.3582   1.8520   0.8467   0.0090   0.4389   0.3593  -0.0020   0.0000  -0.0194  -0.0974    0.304
    22  13.9941   2.2087   1.6074   0.7840   0.0118   0.4339   0.3552  -0.0018   0.0000  -0.0190  -0.0961    0.303
    23  14.6868   2.0715   1.3716   0.7201   0.0154   0.4249   0.3479  -0.0016   0.0000  -0.0181  -0.0937    0.302
    24  15.3105   1.9479   1.1479   0.6518   0.0199   0.4090   0.3349  -0.0013   0.0000  -0.0166  -0.0894    0.299
    25  15.8583   1.8393   0.9381   0.5749   0.0251   0.3821   0.3128  -0.0009   0.0000  -0.0147  -0.0829    0.297
    26  16.3244   1.7470   0.7427   0.4858   0.0303   0.3399   0.2783   0.0002   0.0000  -0.0144  -0.0748    0.302
    27  16.6722   1.4928   0.4131   0.3878   0.0352   0.8747   0.2601  -0.0041   0.0000  -0.0129  -0.0369    0.299
    28  16.9098   1.1466   0.2292   0.2871   0.0415   0.8437   0.2509  -0.0095   0.0000  -0.0017  -0.0307    0.257
    29  17.0696   0.9138   0.1104   0.1772   0.0464   0.6540   0.1945  -0.0133   0.0000   0.0096  -0.0186    0.201
    30  17.1499   0.7967   0.0322   0.0600   0.0490   0.2543   0.0756  -0.0091   0.0000   0.0076  -0.0055    0.150

  Surface # 2     main_wing (YDUP)                        
     # Chordwise = 10   # Spanwise = 30     First strip = 31
     Surface area =   63.968842       Ave. chord =    3.715026
     CLsurf  =   0.18844     Clsurf  =   0.03473
     CYsurf  =   0.01260     Cmsurf  =  -0.16333
     CDsurf  =   0.00348     Cnsurf  =  -0.00020
     CDisurf =   0.00348     CDvsurf =   0.00000

  Forces referred to Ssurf, Cave about hinge axis thru LE
     CLsurf  =   0.36864     CDsurf  =   0.00679
     Deflect =

 Strip Forces referred to Strip Area, Chord
    j      Yle    Chord     Area     c cl      ai      cl_norm  cl       cd       cdv    cm_c/4    cm_LE  C.P.x/c
    31  -0.0114   7.7520   0.3539   2.6705   0.0855   0.4360   0.3377   0.2003   0.0000  -0.0207   0.0872    0.311
    32  -0.1025   7.6885   1.0491   2.5336   0.0849   0.4238   0.3283   0.0404   0.0000  -0.0205   0.0840    0.312
    33  -0.2837   7.5620   1.7073   2.5193   0.0837   0.4290   0.3323   0.0303   0.0000  -0.0193   0.0838    0.308
    34  -0.5530   7.3741   2.3052   2.5043   0.0812   0.4375   0.3389   0.0260   0.0000  -0.0174   0.0836    0.301
    35  -0.9075   7.1267   2.8223   2.4782   0.0773   0.4481   0.3471   0.0241   0.0000  -0.0154   0.0836    0.294
    36  -1.3432   6.8226   3.2414   2.4326   0.0720   0.4596   0.3561   0.0202   0.0000  -0.0136   0.0840    0.288
    37  -1.8554   6.4651   3.5491   2.3630   0.0661   0.4715   0.3652   0.0152   0.0000  -0.0123   0.0848    0.284
    38  -2.4386   6.0582   3.7368   2.2676   0.0590   0.4829   0.3741   0.0125   0.0000  -0.0116   0.0860    0.281
    39  -3.0862   5.6062   3.8005   2.1461   0.0489   0.4941   0.3827   0.0088   0.0000  -0.0115   0.0876    0.280
    40  -3.7613   5.1351   3.4440   1.9942   0.0382   0.5014   0.3884   0.0054   0.0000  -0.0123   0.0894    0.282
    41  -4.4532   4.6522   3.3149   1.8483   0.0273   0.5131   0.3975   0.0021   0.0000  -0.0123   0.0913    0.281
    42  -5.1831   4.1429   3.0930   1.6856   0.0122   0.5257   0.4072  -0.0020   0.0000  -0.0128   0.0935    0.281
    43  -6.0123   3.7903   3.4706   1.5315   0.0031   0.4940   0.4044  -0.0037   0.0000  -0.0121   0.1009    0.280
    44  -6.9353   3.6075   3.3775   1.4136   0.0047   0.4790   0.3922  -0.0029   0.0000  -0.0127   0.0988    0.282
    45  -7.8737   3.4215   3.2389   1.3116   0.0050   0.4686   0.3837  -0.0025   0.0000  -0.0136   0.0977    0.285
    46  -8.8172   3.2345   3.0619   1.2196   0.0050   0.4609   0.3774  -0.0024   0.0000  -0.0147   0.0972    0.289
    47  -9.7556   3.0486   2.8543   1.1343   0.0051   0.4548   0.3724  -0.0023   0.0000  -0.0159   0.0972    0.293
    48 -10.6786   2.8657   2.6239   1.0545   0.0053   0.4498   0.3683  -0.0023   0.0000  -0.0173   0.0975    0.297
    49 -11.5760   2.6879   2.3787   0.9797   0.0057   0.4456   0.3648  -0.0024   0.0000  -0.0187   0.0980    0.301
    50 -12.4328   2.5181   2.1010   0.9108   0.0069   0.4422   0.3620  -0.0023   0.0000  -0.0195   0.0981    0.304
    51 -13.2400   2.3582   1.8520   0.8467   0.0090   0.4389   0.3593  -0.0020   0.0000  -0.0194   0.0974    0.304
    52 -13.9941   2.2087   1.6074   0.7840   0.0118   0.4339   0.3552  -0.0018   0.0000  -0.0190   0.0961    0.303
    53 -14.6868   2.0715   1.3716   0.7201   0.0154   0.4249   0.3479  -0.0016   0.0000  -0.0181   0.0937    0.302
    54 -15.3105   1.9479   1.1479   0.6518   0.0199   0.4090   0.3349  -0.0013   0.0000  -0.0166   0.0894    0.299
    55 -15.8583   1.8393   0.9381   0.5749   0.0251   0.3821   0.3128  -0.0009   0.0000  -0.0147   0.0829    0.297
    56 -16.3244   1.7470   0.7427   0.4858   0.0303   0.3399   0.2783   0.0002   0.0000  -0.0144   0.0748    0.302
    57 -16.6722   1.4928   0.4131   0.3878   0.0352   0.8747   0.2601  -0.0041   0.0000  -0.0129   0.0369    0.299
    58 -16.9098   1.1466   0.2292   0.2871   0.0415   0.8437   0.2509  -0.0095   0.0000  -0.0017   0.0307    0.257
    59 -17.0696   0.9138   0.1104   0.1772   0.0464   0.6540   0.1945  -0.0133   0.0000   0.0096   0.0186    0.201
    60 -17.1499   0.7967   0.0322   0.0600   0.0490   0.2543   0.0756  -0.0091   0.0000   0.0076   0.0055    0.150

  Surface # 3     horizontal_stabilizer                   
     # Chordwise = 10   # Spanwise = 30     First strip = 61
     Surface area =   20.744604       Ave. chord =    2.848572
     CLsurf  =   0.00214     Clsurf  =  -0.00037
     CYsurf  =  -0.00034     Cmsurf  =  -0.01108
     CDsurf  =   0.00006     Cnsurf  =   0.00021
     CDisurf =   0.00006     CDvsurf =   0.00000

  Forces referred to Ssurf, Cave about hinge axis thru LE
     CLsurf  =   0.01303     CDsurf  =   0.00035
     Deflect =

 Strip Forces referred to Strip Area, Chord
    j      Yle    Chord     Area     c cl      ai      cl_norm  cl       cd       cdv    cm_c/4    cm_LE  C.P.x/c
    61   0.0047   4.2713   0.0803  -0.0132   0.0441  -0.0040  -0.0031  -0.0000   0.0000  -0.0009  -0.0001   -0.056
    62   0.0418   4.2566   0.2392  -0.0132   0.0441  -0.0040  -0.0031  -0.0001   0.0000  -0.0010  -0.0001   -0.057
    63   0.1156   4.2274   0.3930  -0.0132   0.0438  -0.0040  -0.0031  -0.0001   0.0000  -0.0010  -0.0002   -0.063
    64   0.2254   4.1839   0.5386  -0.0130   0.0435  -0.0040  -0.0031  -0.0001   0.0000  -0.0010  -0.0002   -0.074
    65   0.3698   4.1268   0.6730  -0.0127   0.0429  -0.0040  -0.0031  -0.0001   0.0000  -0.0010  -0.0002   -0.090
    66   0.5474   4.0565   0.7936  -0.0121   0.0421  -0.0039  -0.0030  -0.0001   0.0000  -0.0011  -0.0003   -0.115
    67   0.7617   3.9717   0.9441  -0.0111   0.0410  -0.0036  -0.0028  -0.0001   0.0000  -0.0011  -0.0004   -0.157
    68   1.0116   3.8728   1.0344  -0.0095   0.0397  -0.0032  -0.0024  -0.0001   0.0000  -0.0012  -0.0005   -0.236
    69   1.2891   3.7630   1.1046  -0.0070   0.0383  -0.0024  -0.0019  -0.0001   0.0000  -0.0012  -0.0006   -0.417
    70   1.5912   3.6435   1.1542  -0.0034   0.0368  -0.0012  -0.0009  -0.0000   0.0000  -0.0013  -0.0009
    71   1.9146   3.5155   1.1831   0.0016   0.0353   0.0006   0.0004   0.0000   0.0000  -0.0013  -0.0012
    72   2.2558   3.3805   1.1921   0.0079   0.0338   0.0030   0.0023   0.0001   0.0000  -0.0013  -0.0016    0.800
    73   2.6109   3.2400   1.1821   0.0157   0.0324   0.0063   0.0049   0.0002   0.0000  -0.0013  -0.0021    0.508
    74   2.9762   3.0955   1.1548   0.0248   0.0310   0.0104   0.0080   0.0003   0.0000  -0.0012  -0.0027    0.397
    75   3.3476   2.9485   1.1122   0.0347   0.0299   0.0153   0.0118   0.0004   0.0000  -0.0011  -0.0034    0.341
    76   3.7210   2.8008   1.0564   0.0451   0.0288   0.0209   0.0161   0.0005   0.0000  -0.0009  -0.0042    0.307
    77   4.0924   2.6538   0.9900   0.0554   0.0280   0.0270   0.0209   0.0007   0.0000  -0.0007  -0.0051    0.285
    78   4.4577   2.5093   0.9155   0.0649   0.0274   0.0335   0.0259   0.0008   0.0000  -0.0005  -0.0059    0.269
    79   4.8128   2.3687   0.8353   0.0732   0.0270   0.0401   0.0309   0.0009   0.0000  -0.0002  -0.0068    0.257
    80   5.1540   2.2338   0.7518   0.0798   0.0268   0.0463   0.0357   0.0010   0.0000   0.0001  -0.0075    0.247
    81   5.4774   2.1058   0.6671   0.0843   0.0268   0.0519   0.0400   0.0011   0.0000   0.0005  -0.0081    0.238
    82   5.7795   1.9862   0.5830   0.0864   0.0269   0.0564   0.0435   0.0011   0.0000   0.0009  -0.0085    0.228
    83   6.0570   1.8764   0.5012   0.0860   0.0272   0.0594   0.0458   0.0011   0.0000   0.0015  -0.0085    0.218
    84   6.3069   1.7776   0.4225   0.0830   0.0276   0.0606   0.0467   0.0011   0.0000   0.0021  -0.0082    0.205
    85   6.5264   1.6907   0.3478   0.0775   0.0280   0.0594   0.0458   0.0010   0.0000   0.0027  -0.0075    0.191
    86   6.7314   1.6096   0.3326   0.0691   0.0284   0.0557   0.0429   0.0009   0.0000   0.0033  -0.0064    0.174
    87   6.9144   1.5372   0.2507   0.0572   0.0289   0.0483   0.0372   0.0007   0.0000   0.0036  -0.0049    0.153
    88   7.0535   1.4822   0.1746   0.0428   0.0292   0.0374   0.0289   0.0005   0.0000   0.0034  -0.0033    0.132
    89   7.1471   1.4451   0.1029   0.0265   0.0295   0.0237   0.0183   0.0003   0.0000   0.0025  -0.0018    0.113
    90   7.1941   1.4265   0.0340   0.0090   0.0296   0.0081   0.0063   0.0000   0.0000   0.0009  -0.0006    0.103

  Surface # 4     horizontal_stabilizer (YDUP)            
     # Chordwise = 10   # Spanwise = 30     First strip = 91
     Surface area =   20.744604       Ave. chord =    2.848572
     CLsurf  =   0.00214     Clsurf  =   0.00037
     CYsurf  =   0.00034     Cmsurf  =  -0.01108
     CDsurf  =   0.00006     Cnsurf  =  -0.00021
     CDisurf =   0.00006     CDvsurf =   0.00000

  Forces referred to Ssurf, Cave about hinge axis thru LE
     CLsurf  =   0.01303     CDsurf  =   0.00035
     Deflect =

 Strip Forces referred to Strip Area, Chord
    j      Yle    Chord     Area     c cl      ai      cl_norm  cl       cd       cdv    cm_c/4    cm_LE  C.P.x/c
    91  -0.0047   4.2713   0.0803  -0.0132   0.0441  -0.0040  -0.0031  -0.0000   0.0000  -0.0009   0.0001   -0.056
    92  -0.0418   4.2566   0.2392  -0.0132   0.0441  -0.0040  -0.0031  -0.0001   0.0000  -0.0010   0.0001   -0.057
    93  -0.1156   4.2274   0.3930  -0.0132   0.0438  -0.0040  -0.0031  -0.0001   0.0000  -0.0010   0.0002   -0.063
    94  -0.2254   4.1839   0.5386  -0.0130   0.0435  -0.0040  -0.0031  -0.0001   0.0000  -0.0010   0.0002   -0.074
    95  -0.3698   4.1268   0.6730  -0.0127   0.0429  -0.0040  -0.0031  -0.0001   0.0000  -0.0010   0.0002   -0.090
    96  -0.5474   4.0565   0.7936  -0.0121   0.0421  -0.0039  -0.0030  -0.0001   0.0000  -0.0011   0.0003   -0.115
    97  -0.7617   3.9717   0.9441  -0.0111   0.0410  -0.0036  -0.0028  -0.0001   0.0000  -0.0011   0.0004   -0.157
    98  -1.0116   3.8728   1.0344  -0.0095   0.0397  -0.0032  -0.0024  -0.0001   0.0000  -0.0012   0.0005   -0.236
    99  -1.2891   3.7630   1.1046  -0.0070   0.0383  -0.0024  -0.0019  -0.0001   0.0000  -0.0012   0.0006   -0.417
   100  -1.5912   3.6435   1.1542  -0.0034   0.0368  -0.0012  -0.0009  -0.0000   0.0000  -0.0013   0.0009
   101  -1.9146   3.5155   1.1831   0.0016   0.0353   0.0006   0.0004   0.0000   0.0000  -0.0013   0.0012
   102  -2.2558   3.3805   1.1921   0.0079   0.0338   0.0030   0.0023   0.0001   0.0000  -0.0013   0.0016    0.800
   103  -2.6109   3.2400   1.1821   0.0157   0.0324   0.0063   0.0049   0.0002   0.0000  -0.0013   0.0021    0.508
   104  -2.9762   3.0955   1.1548   0.0248   0.0310   0.0104   0.0080   0.0003   0.0000  -0.0012   0.0027    0.397
   105  -3.3476   2.9485   1.1122   0.0347   0.0299   0.0153   0.0118   0.0004   0.0000  -0.0011   0.0034    0.341
   106  -3.7210   2.8008   1.0564   0.0451   0.0288   0.0209   0.0161   0.0005   0.0000  -0.0009   0.0042    0.307
   107  -4.0924   2.6538   0.9900   0.0554   0.0280   0.0270   0.0209   0.0007   0.0000  -0.0007   0.0051    0.285
   108  -4.4577   2.5093   0.9155   0.0649   0.0274   0.0335   0.0259   0.0008   0.0000  -0.0005   0.0059    0.269
   109  -4.8128   2.3687   0.8353   0.0732   0.0270   0.0401   0.0309   0.0009   0.0000  -0.0002   0.0068    0.257
   110  -5.1540   2.2338   0.7518   0.0798   0.0268   0.0463   0.0357   0.0010   0.0000   0.0001   0.0075    0.247
   111  -5.4774   2.1058   0.6671   0.0843   0.0268   0.0519   0.0400   0.0011   0.0000   0.0005   0.0081    0.238
   112  -5.7795   1.9862   0.5830   0.0864   0.0269   0.0564   0.0435   0.0011   0.0000   0.0009   0.0085    0.228
   113  -6.0570   1.8764   0.5012   0.0860   0.0272   0.0594   0.0458   0.0011   0.0000   0.0015   0.0085    0.218
   114  -6.3069   1.7776   0.4225   0.0830   0.0276   0.0606   0.0467   0.0011   0.0000   0.0021   0.0082    0.205
   115  -6.5264   1.6907   0.3478   0.0775   0.0280   0.0594   0.0458   0.0010   0.0000   0.0027   0.0075    0.191
   116  -6.7314   1.6096   0.3326   0.0691   0.0284   0.0557   0.0429   0.0009   0.0000   0.0033   0.0064    0.174
   117  -6.9144   1.5372   0.2507   0.0572   0.0289   0.0483   0.0372   0.0007   0.0000   0.0036   0.0049    0.153
   118  -7.0535   1.4822   0.1746   0.0428   0.0292   0.0374   0.0289   0.0005   0.0000   0.0034   0.0033    0.132
   119  -7.1471   1.4451   0.1029   0.0265   0.0295   0.0237   0.0183   0.0003   0.0000   0.0025   0.0018    0.113
   120  -7.1941   1.4265   0.0340   0.0090   0.0296   0.0081   0.0063   0.0000   0.0000   0.0009   0.0006    0.103

  Surface # 5     vertical_stabilizer                     
     # Chordwise = 10   # Spanwise = 30     First strip =121
     Surface area =   34.910358       Ave. chord =    4.190919
     CLsurf  =   0.00000     Clsurf  =   0.00000
     CYsurf  =   0.00000     Cmsurf  =  -0.00000
     CDsurf  =  -0.00000     Cnsurf  =  -0.00000
     CDisurf =  -0.00000     CDvsurf =   0.00000

  Forces referred to Ssurf, Cave about hinge axis thru LE
     CLsurf  =  -0.00000     CDsurf  =  -0.00000
     Deflect =

 Strip Forces referred to Strip Area, Chord
    j      Yle    Chord     Area     c cl      ai      cl_norm  cl       cd       cdv    cm_c/4    cm_LE  C.P.x/c
   121   0.0000  10.0347   0.6931  -0.0000   0.0000  -0.0000  -0.0000  -0.0000   0.0000  -0.0000   0.0000    0.240
   122   0.0000   9.8296   1.1101  -0.0000  -0.0000  -0.0000  -0.0000  -0.0000   0.0000  -0.0000   0.0000    0.234
   123   0.0000   9.5266   1.4857  -0.0000  -0.0000  -0.0000  -0.0000  -0.0000   0.0000  -0.0000   0.0000    0.223
   124   0.0000   9.1281   1.8040  -0.0000   0.0000  -0.0000  -0.0000  -0.0000   0.0000  -0.0000   0.0000    0.225
   125   0.0000   8.6377   2.0517  -0.0000   0.0000  -0.0000  -0.0000  -0.0000   0.0000  -0.0000   0.0000    0.222
   126   0.0000   8.0598   2.2181  -0.0000   0.0000  -0.0000  -0.0000  -0.0000   0.0000  -0.0000   0.0000    0.228
   127   0.0000   7.4000   2.2957  -0.0000   0.0000  -0.0000  -0.0000   0.0000   0.0000  -0.0000   0.0000    0.233
   128   0.0000   6.6646   2.2808  -0.0000   0.0000  -0.0000  -0.0000  -0.0000   0.0000  -0.0000   0.0000    0.236
   129   0.0000   5.8609   2.1733  -0.0000   0.0000  -0.0000  -0.0000  -0.0000   0.0000  -0.0000   0.0000    0.235
   130   0.0000   4.9969   1.9773  -0.0000  -0.0000  -0.0000  -0.0000  -0.0000   0.0000  -0.0000   0.0000    0.221
   131   0.0000   4.4389   1.6667  -0.0000   0.0000  -0.0000  -0.0000  -0.0000   0.0000  -0.0000   0.0000    0.200
   132   0.0000   4.2198   1.6478  -0.0000   0.0000  -0.0000  -0.0000  -0.0000   0.0000  -0.0000   0.0000    0.217
   133   0.0000   3.9932   1.6033  -0.0000   0.0000  -0.0000  -0.0000  -0.0000   0.0000  -0.0000   0.0000    0.219
   134   0.0000   3.7615   1.5362  -0.0000   0.0000  -0.0000  -0.0000  -0.0000   0.0000  -0.0000   0.0000    0.224
   135   0.0000   3.5271   1.4499  -0.0000   0.0000  -0.0000  -0.0000  -0.0000   0.0000  -0.0000   0.0000    0.230
   136   0.0000   3.2923   1.3482  -0.0000   0.0000  -0.0000  -0.0000  -0.0000   0.0000  -0.0000   0.0000    0.226
   137   0.0000   3.0597   1.2352  -0.0000   0.0000  -0.0000  -0.0000  -0.0000   0.0000  -0.0000   0.0000    0.230
   138   0.0000   2.8315   1.1147  -0.0000   0.0000  -0.0000  -0.0000  -0.0000   0.0000  -0.0000   0.0000    0.226
   139   0.0000   2.6103   0.9908  -0.0000   0.0000  -0.0000  -0.0000  -0.0000   0.0000  -0.0000   0.0000    0.225
   140   0.0000   2.3983   0.8670  -0.0000   0.0000  -0.0000  -0.0000  -0.0000   0.0000  -0.0000   0.0000    0.229
   141   0.0000   2.1977   0.7464  -0.0000   0.0000  -0.0000  -0.0000  -0.0000   0.0000  -0.0000   0.0000    0.226
   142   0.0000   2.0106   0.6318  -0.0000   0.0000  -0.0000  -0.0000  -0.0000   0.0000  -0.0000   0.0000    0.227
   143   0.0000   1.8390   0.5251  -0.0000   0.0000  -0.0000  -0.0000  -0.0000   0.0000  -0.0000   0.0000    0.225
   144   0.0000   1.6847   0.4276  -0.0000   0.0000  -0.0000  -0.0000  -0.0000   0.0000  -0.0000   0.0000    0.216
   145   0.0000   1.5493   0.3400  -0.0000   0.0000  -0.0000  -0.0000  -0.0000   0.0000  -0.0000   0.0000    0.201
   146   0.0000   1.4342   0.2622  -0.0000   0.0000  -0.0000  -0.0000  -0.0000   0.0000  -0.0000   0.0000    0.184
   147   0.0000   1.3407   0.1933  -0.0000   0.0000  -0.0000  -0.0000  -0.0000   0.0000  -0.0000   0.0000    0.168
   148   0.0000   1.2696   0.1322  -0.0000   0.0000  -0.0000  -0.0000  -0.0000   0.0000  -0.0000   0.0000    0.147
   149   0.0000   1.2218   0.0769  -0.0000  -0.0000  -0.0000  -0.0000  -0.0000   0.0000  -0.0000   0.0000    0.127
   150   0.0000   1.1978   0.0252  -0.0000   0.0000  -0.0000  -0.0000  -0.0000   0.0000  -0.0000   0.0000    0.117

  Surface # 6     fuselage_horizontal                     
     # Chordwise = 10   # Spanwise = 10     First strip =151
     Surface area =  123.841202       Ave. chord =   33.112617
     CLsurf  =  -0.00054     Clsurf  =   0.00000
     CYsurf  =   0.00000     Cmsurf  =   0.01610
     CDsurf  =  -0.00011     Cnsurf  =   0.00000
     CDisurf =  -0.00011     CDvsurf =   0.00000

  Forces referred to Ssurf, Cave about hinge axis thru LE
     CLsurf  =  -0.00055     CDsurf  =  -0.00011
     Deflect =

 Strip Forces referred to Strip Area, Chord
    j      Yle    Chord     Area     c cl      ai      cl_norm  cl       cd       cdv    cm_c/4    cm_LE  C.P.x/c
   151  -1.6830  26.5957   9.9468  -0.0263   0.0472  -0.0120  -0.0010  -0.0006   0.0000   0.0019   0.0003
   152  -1.3090  31.2096  11.6724  -0.0248   0.0556  -0.0031  -0.0008  -0.0002   0.0000   0.0021   0.0006
   153  -0.9350  34.0626  12.7394  -0.0187   0.0620  -0.0013  -0.0005  -0.0001   0.0000   0.0022   0.0008
   154  -0.5610  36.1619  13.5246  -0.0127   0.0666  -0.0006  -0.0004   0.0001   0.0000   0.0022   0.0010
   155  -0.1870  37.5332  14.0374  -0.0090   0.0692  -0.0003  -0.0002   0.0002   0.0000   0.0021   0.0015
   156   0.1870  37.5332  14.0374  -0.0090   0.0692  -0.0003  -0.0002   0.0002   0.0000   0.0021   0.0015
   157   0.5610  36.1619  13.5246  -0.0127   0.0666  -0.0006  -0.0004   0.0001   0.0000   0.0022   0.0010
   158   0.9350  34.0626  12.7394  -0.0187   0.0620  -0.0013  -0.0005  -0.0001   0.0000   0.0022   0.0008
   159   1.3090  31.2096  11.6724  -0.0248   0.0556  -0.0031  -0.0008  -0.0002   0.0000   0.0021   0.0006
   160   1.6830  26.5957   9.9468  -0.0263   0.0472  -0.0120  -0.0010  -0.0006   0.0000   0.0019   0.0003

  Surface # 7     fuselage_vertical                       
     # Chordwise = 10   # Spanwise = 10     First strip =161
     Surface area =  123.841202       Ave. chord =   33.112617
     CLsurf  =   0.00000     Clsurf  =   0.00000
     CYsurf  =   0.00000     Cmsurf  =  -0.00000
     CDsurf  =  -0.00000     Cnsurf  =  -0.00000
     CDisurf =  -0.00000     CDvsurf =   0.00000

  Forces referred to Ssurf, Cave about hinge axis thru LE
     CLsurf  =  -0.00000     CDsurf  =  -0.00000
     Deflect =

 Strip Forces referred to Strip Area, Chord
    j      Yle    Chord     Area     c cl      ai      cl_norm  cl       cd       cdv    cm_c/4    cm_LE  C.P.x/c
   161   0.0000  26.5957   9.9468   0.0000  -0.0000   0.0000   0.0000  -0.0000   0.0000   0.0000   0.0000   -0.502
   162   0.0000  31.2096  11.6724  -0.0000  -0.0000  -0.0000  -0.0000   0.0000   0.0000   0.0000   0.0000    0.371
   163   0.0000  34.0626  12.7394  -0.0000  -0.0000  -0.0000  -0.0000   0.0000   0.0000   0.0000   0.0000    0.466
   164   0.0000  36.1619  13.5246  -0.0000   0.0000  -0.0000  -0.0000  -0.0000   0.0000   0.0000   0.0000    0.486
   165   0.0000  37.5332  14.0374  -0.0000   0.0000  -0.0000  -0.0000  -0.0000   0.0000   0.0000   0.0000    0.484
   166   0.0000  37.5332  14.0374  -0.0000   0.0000  -0.0000  -0.0000  -0.0000   0.0000   0.0000   0.0000    0.539
   167   0.0000  36.1619  13.5246  -0.0000   0.0000  -0.0000  -0.0000   0.0000   0.0000   0.0000   0.0000    0.556
   168   0.0000  34.0626  12.7394  -0.0000   0.0000  -0.0000  -0.0000   0.0000   0.0000   0.0000   0.0000    0.565
   169   0.0000  31.2096  11.6724  -0.0000   0.0000  -0.0000  -0.0000  -0.0000   0.0000   0.0000   0.0000    0.568
   170   0.0000  26.5957   9.9468  -0.0000   0.0000  -0.0000  -0.0000   0.0000   0.0000   0.0000   0.0000    0.601
 ---------------------------------------------------------------
