 ---------------------------------------------------------------
 Surface and Strip Forces by surface

  Forces referred to Sref, Cref, Bref about Xref, Yref, Zref
 Standard axis orientation,  X fwd, Z down         

  Surface # 1     main_wing                               
     # Chordwise = 10   # Spanwise = 30     First strip =  1
     Surface area =   63.968842       Ave. chord =    3.715026
     CLsurf  =   0.01226     Clsurf  =   0.00182
     CYsurf  =  -0.00013     Cmsurf  =   0.00137
     CDsurf  =   0.00037     Cnsurf  =  -0.00014
     CDisurf =   0.00037     CDvsurf =   0.00000

  Forces referred to Ssurf, Cave about hinge axis thru LE
     CLsurf  =   0.02390     CDsurf  =   0.00073
     Deflect =

 Strip Forces referred to Strip Area, Chord
    j      Yle    Chord     Area     c cl      ai      cl_norm  cl       cd       cdv    cm_c/4    cm_LE  C.P.x/c
     1   0.0114   7.7520   0.3539   0.7469   0.0120   0.1249   0.0970   0.0176   0.0000  -0.0057  -0.0242    0.309
     2   0.1025   7.6885   1.0491   0.7350   0.0113   0.1233   0.0958   0.0045   0.0000  -0.0057  -0.0240    0.309
     3   0.2837   7.5620   1.7073   0.7307   0.0099   0.1246   0.0968   0.0036   0.0000  -0.0054  -0.0240    0.305
     4   0.5530   7.3741   2.3052   0.7203   0.0077   0.1259   0.0979   0.0030   0.0000  -0.0050  -0.0239    0.301
     5   0.9075   7.1267   2.8223   0.6994   0.0054   0.1265   0.0983   0.0025   0.0000  -0.0047  -0.0238    0.298
     6   1.3432   6.8226   3.2414   0.6638   0.0061   0.1254   0.0974   0.0020   0.0000  -0.0047  -0.0236    0.298
     7   1.8554   6.4651   3.5491   0.6104   0.0158   0.1216   0.0945   0.0013   0.0000  -0.0048  -0.0231    0.301
     8   2.4386   6.0582   3.7368   0.5375   0.0232   0.1143   0.0888   0.0008   0.0000  -0.0054  -0.0224    0.310
     9   3.0862   5.6062   3.8005   0.4459   0.0159   0.1024   0.0796   0.0002   0.0000  -0.0062  -0.0212    0.329
    10   3.7613   5.1351   3.4440   0.3441   0.0061   0.0863   0.0670  -0.0002   0.0000  -0.0072  -0.0195    0.357
    11   4.4532   4.6522   3.3149   0.2408  -0.0022   0.0666   0.0518  -0.0004   0.0000  -0.0080  -0.0170    0.404
    12   5.1831   4.1429   3.0930   0.1342  -0.0121   0.0417   0.0324  -0.0004   0.0000  -0.0093  -0.0142    0.538
    13   6.0123   3.7903   3.4706   0.0423  -0.0168   0.0135   0.0112  -0.0002   0.0000  -0.0107  -0.0120    1.212
    14   6.9353   3.6075   3.3775  -0.0188  -0.0127  -0.0063  -0.0052   0.0000   0.0000  -0.0116  -0.0092
    15   7.8737   3.4215   3.2389  -0.0629  -0.0092  -0.0223  -0.0184   0.0002   0.0000  -0.0125  -0.0071   -0.431
    16   8.8172   3.2345   3.0619  -0.0951  -0.0071  -0.0357  -0.0294   0.0002   0.0000  -0.0136  -0.0056   -0.213
    17   9.7556   3.0486   2.8543  -0.1181  -0.0063  -0.0470  -0.0387   0.0003   0.0000  -0.0149  -0.0047   -0.134
    18  10.6786   2.8657   2.6239  -0.1336  -0.0062  -0.0566  -0.0466   0.0003   0.0000  -0.0163  -0.0042   -0.100
    19  11.5760   2.6879   2.3787  -0.1425  -0.0065  -0.0644  -0.0530   0.0003   0.0000  -0.0178  -0.0041   -0.086
    20  12.4328   2.5181   2.1010  -0.1444  -0.0066  -0.0696  -0.0574   0.0003   0.0000  -0.0188  -0.0041   -0.078
    21  13.2400   2.3582   1.8520  -0.1402  -0.0062  -0.0722  -0.0595   0.0002   0.0000  -0.0193  -0.0040   -0.074
    22  13.9941   2.2087   1.6074  -0.1322  -0.0060  -0.0727  -0.0599   0.0002   0.0000  -0.0196  -0.0043   -0.078
    23  14.6868   2.0715   1.3716  -0.1211  -0.0059  -0.0710  -0.0585   0.0001   0.0000  -0.0201  -0.0049   -0.093
    24  15.3105   1.9479   1.1479  -0.1073  -0.0057  -0.0669  -0.0551   0.0000   0.0000  -0.0205  -0.0061   -0.121
    25  15.8583   1.8393   0.9381  -0.0912  -0.0052  -0.0602  -0.0496  -0.0000   0.0000  -0.0205  -0.0073   -0.163
    26  16.3244   1.7470   0.7427  -0.0736  -0.0046  -0.0512  -0.0422   0.0000   0.0000  -0.0188  -0.0074   -0.196
    27  16.6722   1.4928   0.4131  -0.0567  -0.0045  -0.1252  -0.0380  -0.0005   0.0000  -0.0145  -0.0025   -0.132
    28  16.9098   1.1466   0.2292  -0.0404  -0.0043  -0.1163  -0.0353  -0.0007   0.0000  -0.0151  -0.0031   -0.178
    29  17.0696   0.9138   0.1104  -0.0241  -0.0036  -0.0869  -0.0264  -0.0010   0.0000  -0.0139  -0.0035   -0.277
    30  17.1499   0.7967   0.0322  -0.0080  -0.0031  -0.0331  -0.0101  -0.0018   0.0000  -0.0066  -0.0020   -0.411

  Surface # 2     main_wing (YDUP)                        
     # Chordwise = 10   # Spanwise = 30     First strip = 31
     Surface area =   63.968842       Ave. chord =    3.715026
     CLsurf  =   0.01226     Clsurf  =  -0.00182
     CYsurf  =   0.00013     Cmsurf  =   0.00137
     CDsurf  =   0.00037     Cnsurf  =   0.00014
     CDisurf =   0.00037     CDvsurf =   0.00000

  Forces referred to Ssurf, Cave about hinge axis thru LE
     CLsurf  =   0.02390     CDsurf  =   0.00073
     Deflect =

 Strip Forces referred to Strip Area, Chord
    j      Yle    Chord     Area     c cl      ai      cl_norm  cl       cd       cdv    cm_c/4    cm_LE  C.P.x/c
    31  -0.0114   7.7520   0.3539   0.7469   0.0120   0.1249   0.0970   0.0176   0.0000  -0.0057   0.0242    0.309
    32  -0.1025   7.6885   1.0491   0.7350   0.0113   0.1233   0.0958   0.0045   0.0000  -0.0057   0.0240    0.309
    33  -0.2837   7.5620   1.7073   0.7307   0.0099   0.1246   0.0968   0.0036   0.0000  -0.0054   0.0240    0.305
    34  -0.5530   7.3741   2.3052   0.7203   0.0077   0.1259   0.0979   0.0030   0.0000  -0.0050   0.0239    0.301
    35  -0.9075   7.1267   2.8223   0.6994   0.0054   0.1265   0.0983   0.0025   0.0000  -0.0047   0.0238    0.298
    36  -1.3432   6.8226   3.2414   0.6638   0.0061   0.1254   0.0974   0.0020   0.0000  -0.0047   0.0236    0.298
    37  -1.8554   6.4651   3.5491   0.6104   0.0158   0.1216   0.0945   0.0013   0.0000  -0.0048   0.0231    0.301
    38  -2.4386   6.0582   3.7368   0.5375   0.0232   0.1143   0.0888   0.0008   0.0000  -0.0054   0.0224    0.310
    39  -3.0862   5.6062   3.8005   0.4459   0.0159   0.1024   0.0796   0.0002   0.0000  -0.0062   0.0212    0.329
    40  -3.7613   5.1351   3.4440   0.3441   0.0061   0.0863   0.0670  -0.0002   0.0000  -0.0072   0.0195    0.357
    41  -4.4532   4.6522   3.3149   0.2408  -0.0022   0.0666   0.0518  -0.0004   0.0000  -0.0080   0.0170    0.404
    42  -5.1831   4.1429   3.0930   0.1342  -0.0121   0.0417   0.0324  -0.0004   0.0000  -0.0093   0.0142    0.538
    43  -6.0123   3.7903   3.4706   0.0423  -0.0168   0.0135   0.0112  -0.0002   0.0000  -0.0107   0.0120    1.212
    44  -6.9353   3.6075   3.3775  -0.0188  -0.0127  -0.0063  -0.0052   0.0000   0.0000  -0.0116   0.0092
    45  -7.8737   3.4215   3.2389  -0.0629  -0.0092  -0.0223  -0.0184   0.0002   0.0000  -0.0125   0.0071   -0.431
    46  -8.8172   3.2345   3.0619  -0.0951  -0.0071  -0.0357  -0.0294   0.0002   0.0000  -0.0136   0.0056   -0.213
    47  -9.7556   3.0486   2.8543  -0.1181  -0.0063  -0.0470  -0.0387   0.0003   0.0000  -0.0149   0.0047   -0.134
    48 -10.6786   2.8657   2.6239  -0.1336  -0.0062  -0.0566  -0.0466   0.0003   0.0000  -0.0163   0.0042   -0.100
    49 -11.5760   2.6879   2.3787  -0.1425  -0.0065  -0.0644  -0.0530   0.0003   0.0000  -0.0178   0.0041   -0.086
    50 -12.4328   2.5181   2.1010  -0.1444  -0.0066  -0.0696  -0.0574   0.0003   0.0000  -0.0188   0.0041   -0.078
    51 -13.2400   2.3582   1.8520  -0.1402  -0.0062  -0.0722  -0.0595   0.0002   0.0000  -0.0193   0.0040   -0.074
    52 -13.9941   2.2087   1.6074  -0.1322  -0.0060  -0.0727  -0.0599   0.0002   0.0000  -0.0196   0.0043   -0.078
    53 -14.6868   2.0715   1.3716  -0.1211  -0.0059  -0.0710  -0.0585   0.0001   0.0000  -0.0201   0.0049   -0.093
    54 -15.3105   1.9479   1.1479  -0.1073  -0.0057  -0.0669  -0.0551   0.0000   0.0000  -0.0205   0.0061   -0.121
    55 -15.8583   1.8393   0.9381  -0.0912  -0.0052  -0.0602  -0.0496  -0.0000   0.0000  -0.0205   0.0073   -0.163
    56 -16.3244   1.7470   0.7427  -0.0736  -0.0046  -0.0512  -0.0422   0.0000   0.0000  -0.0188   0.0074   -0.196
    57 -16.6722   1.4928   0.4131  -0.0567  -0.0045  -0.1252  -0.0380  -0.0005   0.0000  -0.0145   0.0025   -0.132
    58 -16.9098   1.1466   0.2292  -0.0404  -0.0043  -0.1163  -0.0353  -0.0007   0.0000  -0.0151   0.0031   -0.178
    59 -17.0696   0.9138   0.1104  -0.0241  -0.0036  -0.0869  -0.0264  -0.0010   0.0000  -0.0139   0.0035   -0.277
    60 -17.1499   0.7967   0.0322  -0.0080  -0.0031  -0.0331  -0.0101  -0.0018   0.0000  -0.0066   0.0020   -0.411

  Surface # 3     horizontal_stabilizer                   
     # Chordwise = 10   # Spanwise = 30     First strip = 61
     Surface area =   20.744604       Ave. chord =    2.848572
     CLsurf  =  -0.02820     Clsurf  =   0.00275
     CYsurf  =   0.00454     Cmsurf  =   0.13523
     CDsurf  =   0.00010     Cnsurf  =  -0.00280
     CDisurf =   0.00010     CDvsurf =   0.00000

  Forces referred to Ssurf, Cave about hinge axis thru LE
     CLsurf  =  -0.17190     CDsurf  =   0.00060
     Deflect =

 Strip Forces referred to Strip Area, Chord
    j      Yle    Chord     Area     c cl      ai      cl_norm  cl       cd       cdv    cm_c/4    cm_LE  C.P.x/c
    61   0.0047   4.2713   0.0803  -0.5791  -0.0204  -0.1715  -0.1338   0.0543   0.0000   0.0081   0.0351    0.310
    62   0.0418   4.2566   0.2392  -0.6555  -0.0208  -0.1973  -0.1539   0.0065   0.0000   0.0076   0.0386    0.300
    63   0.1156   4.2274   0.3930  -0.6614  -0.0213  -0.2006  -0.1564   0.0034   0.0000   0.0071   0.0387    0.296
    64   0.2254   4.1839   0.5386  -0.6630  -0.0215  -0.2032  -0.1585   0.0026   0.0000   0.0063   0.0384    0.290
    65   0.3698   4.1268   0.6730  -0.6631  -0.0215  -0.2061  -0.1607   0.0021   0.0000   0.0053   0.0380    0.283
    66   0.5474   4.0565   0.7936  -0.6625  -0.0213  -0.2095  -0.1634   0.0018   0.0000   0.0042   0.0377    0.276
    67   0.7617   3.9717   0.9441  -0.6603  -0.0205  -0.2133  -0.1663   0.0014   0.0000   0.0032   0.0374    0.269
    68   1.0116   3.8728   1.0344  -0.6567  -0.0192  -0.2175  -0.1696   0.0010   0.0000   0.0022   0.0373    0.263
    69   1.2891   3.7630   1.1046  -0.6500  -0.0172  -0.2216  -0.1728   0.0007   0.0000   0.0014   0.0373    0.258
    70   1.5912   3.6435   1.1542  -0.6408  -0.0148  -0.2256  -0.1760   0.0004   0.0000   0.0008   0.0374    0.255
    71   1.9146   3.5155   1.1831  -0.6285  -0.0123  -0.2294  -0.1789   0.0002   0.0000   0.0003   0.0376    0.252
    72   2.2558   3.3805   1.1921  -0.6130  -0.0104  -0.2327  -0.1814   0.0000   0.0000  -0.0001   0.0378    0.249
    73   2.6109   3.2400   1.1821  -0.5941  -0.0093  -0.2352  -0.1835  -0.0000   0.0000  -0.0004   0.0380    0.248
    74   2.9762   3.0955   1.1548  -0.5721  -0.0089  -0.2371  -0.1849  -0.0001   0.0000  -0.0006   0.0381    0.247
    75   3.3476   2.9485   1.1122  -0.5476  -0.0091  -0.2383  -0.1859  -0.0002   0.0000  -0.0007   0.0382    0.246
    76   3.7210   2.8008   1.0564  -0.5210  -0.0096  -0.2387  -0.1862  -0.0002   0.0000  -0.0009   0.0381    0.245
    77   4.0924   2.6538   0.9900  -0.4927  -0.0102  -0.2382  -0.1858  -0.0003   0.0000  -0.0010   0.0379    0.245
    78   4.4577   2.5093   0.9155  -0.4631  -0.0110  -0.2368  -0.1847  -0.0003   0.0000  -0.0012   0.0375    0.244
    79   4.8128   2.3687   0.8353  -0.4330  -0.0119  -0.2345  -0.1829  -0.0003   0.0000  -0.0014   0.0370    0.242
    80   5.1540   2.2338   0.7518  -0.4024  -0.0129  -0.2311  -0.1803  -0.0002   0.0000  -0.0018   0.0361    0.240
    81   5.4774   2.1058   0.6671  -0.3715  -0.0141  -0.2264  -0.1765  -0.0002   0.0000  -0.0022   0.0350    0.237
    82   5.7795   1.9862   0.5830  -0.3405  -0.0155  -0.2199  -0.1715  -0.0003   0.0000  -0.0029   0.0333    0.233
    83   6.0570   1.8764   0.5012  -0.3086  -0.0171  -0.2110  -0.1646  -0.0003   0.0000  -0.0038   0.0311    0.227
    84   6.3069   1.7776   0.4225  -0.2761  -0.0188  -0.1993  -0.1554  -0.0003   0.0000  -0.0049   0.0283    0.219
    85   6.5264   1.6907   0.3478  -0.2423  -0.0204  -0.1839  -0.1434  -0.0004   0.0000  -0.0061   0.0248    0.208
    86   6.7314   1.6096   0.3326  -0.2051  -0.0221  -0.1635  -0.1275  -0.0004   0.0000  -0.0072   0.0205    0.193
    87   6.9144   1.5372   0.2507  -0.1631  -0.0237  -0.1361  -0.1062  -0.0005   0.0000  -0.0080   0.0154    0.175
    88   7.0535   1.4822   0.1746  -0.1184  -0.0250  -0.1025  -0.0799  -0.0005   0.0000  -0.0076   0.0103    0.155
    89   7.1471   1.4451   0.1029  -0.0718  -0.0259  -0.0638  -0.0498  -0.0005   0.0000  -0.0056   0.0056    0.138
    90   7.1941   1.4265   0.0340  -0.0241  -0.0263  -0.0217  -0.0169  -0.0005   0.0000  -0.0021   0.0018    0.127

  Surface # 4     horizontal_stabilizer (YDUP)            
     # Chordwise = 10   # Spanwise = 30     First strip = 91
     Surface area =   20.744604       Ave. chord =    2.848572
     CLsurf  =  -0.02820     Clsurf  =  -0.00275
     CYsurf  =  -0.00454     Cmsurf  =   0.13523
     CDsurf  =   0.00010     Cnsurf  =   0.00280
     CDisurf =   0.00010     CDvsurf =   0.00000

  Forces referred to Ssurf, Cave about hinge axis thru LE
     CLsurf  =  -0.17190     CDsurf  =   0.00060
     Deflect =

 Strip Forces referred to Strip Area, Chord
    j      Yle    Chord     Area     c cl      ai      cl_norm  cl       cd       cdv    cm_c/4    cm_LE  C.P.x/c
    91  -0.0047   4.2713   0.0803  -0.5791  -0.0204  -0.1715  -0.1338   0.0543   0.0000   0.0081  -0.0351    0.310
    92  -0.0418   4.2566   0.2392  -0.6555  -0.0208  -0.1973  -0.1539   0.0065   0.0000   0.0076  -0.0386    0.300
    93  -0.1156   4.2274   0.3930  -0.6614  -0.0213  -0.2006  -0.1564   0.0034   0.0000   0.0071  -0.0387    0.296
    94  -0.2254   4.1839   0.5386  -0.6630  -0.0215  -0.2032  -0.1585   0.0026   0.0000   0.0063  -0.0384    0.290
    95  -0.3698   4.1268   0.6730  -0.6631  -0.0215  -0.2061  -0.1607   0.0021   0.0000   0.0053  -0.0380    0.283
    96  -0.5474   4.0565   0.7936  -0.6625  -0.0213  -0.2095  -0.1634   0.0018   0.0000   0.0042  -0.0377    0.276
    97  -0.7617   3.9717   0.9441  -0.6603  -0.0205  -0.2133  -0.1663   0.0014   0.0000   0.0032  -0.0374    0.269
    98  -1.0116   3.8728   1.0344  -0.6567  -0.0192  -0.2175  -0.1696   0.0010   0.0000   0.0022  -0.0373    0.263
    99  -1.2891   3.7630   1.1046  -0.6500  -0.0172  -0.2216  -0.1728   0.0007   0.0000   0.0014  -0.0373    0.258
   100  -1.5912   3.6435   1.1542  -0.6408  -0.0148  -0.2256  -0.1760   0.0004   0.0000   0.0008  -0.0374    0.255
   101  -1.9146   3.5155   1.1831  -0.6285  -0.0123  -0.2294  -0.1789   0.0002   0.0000   0.0003  -0.0376    0.252
   102  -2.2558   3.3805   1.1921  -0.6130  -0.0104  -0.2327  -0.1814   0.0000   0.0000  -0.0001  -0.0378    0.249
   103  -2.6109   3.2400   1.1821  -0.5941  -0.0093  -0.2352  -0.1835  -0.0000   0.0000  -0.0004  -0.0380    0.248
   104  -2.9762   3.0955   1.1548  -0.5721  -0.0089  -0.2371  -0.1849  -0.0001   0.0000  -0.0006  -0.0381    0.247
   105  -3.3476   2.9485   1.1122  -0.5476  -0.0091  -0.2383  -0.1859  -0.0002   0.0000  -0.0007  -0.0382    0.246
   106  -3.7210   2.8008   1.0564  -0.5210  -0.0096  -0.2387  -0.1862  -0.0002   0.0000  -0.0009  -0.0381    0.245
   107  -4.0924   2.6538   0.9900  -0.4927  -0.0102  -0.2382  -0.1858  -0.0003   0.0000  -0.0010  -0.0379    0.245
   108  -4.4577   2.5093   0.9155  -0.4631  -0.0110  -0.2368  -0.1847  -0.0003   0.0000  -0.0012  -0.0375    0.244
   109  -4.8128   2.3687   0.8353  -0.4330  -0.0119  -0.2345  -0.1829  -0.0003   0.0000  -0.0014  -0.0370    0.242
   110  -5.1540   2.2338   0.7518  -0.4024  -0.0129  -0.2311  -0.1803  -0.0002   0.0000  -0.0018  -0.0361    0.240
   111  -5.4774   2.1058   0.6671  -0.3715  -0.0141  -0.2264  -0.1765  -0.0002   0.0000  -0.0022  -0.0350    0.237
   112  -5.7795   1.9862   0.5830  -0.3405  -0.0155  -0.2199  -0.1715  -0.0003   0.0000  -0.0029  -0.0333    0.233
   113  -6.0570   1.8764   0.5012  -0.3086  -0.0171  -0.2110  -0.1646  -0.0003   0.0000  -0.0038  -0.0311    0.227
   114  -6.3069   1.7776   0.4225  -0.2761  -0.0188  -0.1993  -0.1554  -0.0003   0.0000  -0.0049  -0.0283    0.219
   115  -6.5264   1.6907   0.3478  -0.2423  -0.0204  -0.1839  -0.1434  -0.0004   0.0000  -0.0061  -0.0248    0.208
   116  -6.7314   1.6096   0.3326  -0.2051  -0.0221  -0.1635  -0.1275  -0.0004   0.0000  -0.0072  -0.0205    0.193
   117  -6.9144   1.5372   0.2507  -0.1631  -0.0237  -0.1361  -0.1062  -0.0005   0.0000  -0.0080  -0.0154    0.175
   118  -7.0535   1.4822   0.1746  -0.1184  -0.0250  -0.1025  -0.0799  -0.0005   0.0000  -0.0076  -0.0103    0.155
   119  -7.1471   1.4451   0.1029  -0.0718  -0.0259  -0.0638  -0.0498  -0.0005   0.0000  -0.0056  -0.0056    0.138
   120  -7.1941   1.4265   0.0340  -0.0241  -0.0263  -0.0217  -0.0169  -0.0005   0.0000  -0.0021  -0.0018    0.127

  Surface # 5     vertical_stabilizer                     
     # Chordwise = 10   # Spanwise = 30     First strip =121
     Surface area =   34.910358       Ave. chord =    4.190919
     CLsurf  =  -0.00000     Clsurf  =  -0.00000
     CYsurf  =  -0.00000     Cmsurf  =   0.00000
     CDsurf  =   0.00000     Cnsurf  =   0.00000
     CDisurf =   0.00000     CDvsurf =   0.00000

  Forces referred to Ssurf, Cave about hinge axis thru LE
     CLsurf  =   0.00000     CDsurf  =   0.00000
     Deflect =

 Strip Forces referred to Strip Area, Chord
    j      Yle    Chord     Area     c cl      ai      cl_norm  cl       cd       cdv    cm_c/4    cm_LE  C.P.x/c
   121   0.0000  10.0347   0.6931   0.0000  -0.0000   0.0000   0.0000   0.0000   0.0000  -0.0000  -0.0000    0.818
   122   0.0000   9.8296   1.1101   0.0000  -0.0000   0.0000   0.0000   0.0000   0.0000  -0.0000  -0.0000    0.810
   123   0.0000   9.5266   1.4857   0.0000  -0.0000   0.0000   0.0000   0.0000   0.0000  -0.0000  -0.0000    0.796
   124   0.0000   9.1281   1.8040   0.0000  -0.0000   0.0000   0.0000   0.0000   0.0000  -0.0000  -0.0000    0.775
   125   0.0000   8.6377   2.0517   0.0000  -0.0000   0.0000   0.0000  -0.0000   0.0000  -0.0000  -0.0000    0.745
   126   0.0000   8.0598   2.2181   0.0000  -0.0000   0.0000   0.0000   0.0000   0.0000  -0.0000  -0.0000    0.713
   127   0.0000   7.4000   2.2957   0.0000  -0.0000   0.0000   0.0000   0.0000   0.0000  -0.0000  -0.0000    0.671
   128   0.0000   6.6646   2.2808   0.0000  -0.0000   0.0000   0.0000   0.0000   0.0000  -0.0000  -0.0000    0.629
   129   0.0000   5.8609   2.1733   0.0000  -0.0000   0.0000   0.0000   0.0000   0.0000  -0.0000  -0.0000    0.576
   130   0.0000   4.9969   1.9773   0.0000  -0.0000   0.0000   0.0000   0.0000   0.0000  -0.0000  -0.0000    0.499
   131   0.0000   4.4389   1.6667   0.0000  -0.0000   0.0000   0.0000   0.0000   0.0000  -0.0000  -0.0000    0.438
   132   0.0000   4.2198   1.6478   0.0000  -0.0000   0.0000   0.0000   0.0000   0.0000  -0.0000  -0.0000    0.406
   133   0.0000   3.9932   1.6033   0.0000  -0.0000   0.0000   0.0000   0.0000   0.0000  -0.0000  -0.0000    0.374
   134   0.0000   3.7615   1.5362   0.0000  -0.0000   0.0000   0.0000   0.0000   0.0000  -0.0000  -0.0000    0.357
   135   0.0000   3.5271   1.4499   0.0000  -0.0000   0.0000   0.0000  -0.0000   0.0000  -0.0000  -0.0000    0.340
   136   0.0000   3.2923   1.3482   0.0000  -0.0000   0.0000   0.0000  -0.0000   0.0000  -0.0000  -0.0000    0.323
   137   0.0000   3.0597   1.2352   0.0000  -0.0000   0.0000   0.0000  -0.0000   0.0000  -0.0000  -0.0000    0.314
   138   0.0000   2.8315   1.1147   0.0000  -0.0000   0.0000   0.0000  -0.0000   0.0000  -0.0000  -0.0000    0.298
   139   0.0000   2.6103   0.9908   0.0000  -0.0000   0.0000   0.0000  -0.0000   0.0000  -0.0000  -0.0000    0.287
   140   0.0000   2.3983   0.8670   0.0000  -0.0000   0.0000   0.0000  -0.0000   0.0000  -0.0000  -0.0000    0.280
   141   0.0000   2.1977   0.7464   0.0000  -0.0000   0.0000   0.0000  -0.0000   0.0000  -0.0000  -0.0000    0.272
   142   0.0000   2.0106   0.6318   0.0000  -0.0000   0.0000   0.0000  -0.0000   0.0000  -0.0000  -0.0000    0.263
   143   0.0000   1.8390   0.5251   0.0000  -0.0000   0.0000   0.0000  -0.0000   0.0000  -0.0000  -0.0000    0.256
   144   0.0000   1.6847   0.4276   0.0000  -0.0000   0.0000   0.0000  -0.0000   0.0000   0.0000  -0.0000    0.249
   145   0.0000   1.5493   0.3400   0.0000  -0.0000   0.0000   0.0000  -0.0000   0.0000   0.0000  -0.0000    0.238
   146   0.0000   1.4342   0.2622   0.0000  -0.0000   0.0000   0.0000  -0.0000   0.0000   0.0000  -0.0000    0.219
   147   0.0000   1.3407   0.1933   0.0000  -0.0000   0.0000   0.0000  -0.0000   0.0000   0.0000  -0.0000    0.196
   148   0.0000   1.2696   0.1322   0.0000  -0.0000   0.0000   0.0000  -0.0000   0.0000   0.0000  -0.0000    0.176
   149   0.0000   1.2218   0.0769   0.0000  -0.0000   0.0000   0.0000  -0.0000   0.0000   0.0000  -0.0000    0.150
   150   0.0000   1.1978   0.0252   0.0000  -0.0000   0.0000   0.0000  -0.0000   0.0000   0.0000  -0.0000    0.146

  Surface # 6     fuselage_horizontal                     
     # Chordwise = 10   # Spanwise = 10     First strip =151
     Surface area =  123.841202       Ave. chord =   33.112617
     CLsurf  =  -0.00974     Clsurf  =   0.00000
     CYsurf  =  -0.00000     Cmsurf  =  -0.02394
     CDsurf  =   0.00022     Cnsurf  =   0.00000
     CDisurf =   0.00022     CDvsurf =   0.00000

  Forces referred to Ssurf, Cave about hinge axis thru LE
     CLsurf  =  -0.00982     CDsurf  =   0.00022
     Deflect =

 Strip Forces referred to Strip Area, Chord
    j      Yle    Chord     Area     c cl      ai      cl_norm  cl       cd       cdv    cm_c/4    cm_LE  C.P.x/c
   151  -1.6830  26.5957   9.9468  -0.2435  -0.0596  -0.1139  -0.0092   0.0001   0.0000  -0.0004   0.0003    0.211
   152  -1.3090  31.2096  11.6724  -0.3276  -0.0550  -0.0408  -0.0105   0.0002   0.0000  -0.0008   0.0005    0.174
   153  -0.9350  34.0626  12.7394  -0.3481  -0.0331  -0.0249  -0.0102   0.0002   0.0000  -0.0016   0.0003    0.095
   154  -0.5610  36.1619  13.5246  -0.3531  -0.0215  -0.0164  -0.0098   0.0003   0.0000  -0.0021   0.0002    0.038
   155  -0.1870  37.5332  14.0374  -0.3543  -0.0170  -0.0110  -0.0094   0.0003   0.0000  -0.0023   0.0001    0.009
   156   0.1870  37.5332  14.0374  -0.3543  -0.0170  -0.0110  -0.0094   0.0003   0.0000  -0.0023   0.0001    0.009
   157   0.5610  36.1619  13.5246  -0.3531  -0.0215  -0.0164  -0.0098   0.0003   0.0000  -0.0021   0.0002    0.038
   158   0.9350  34.0626  12.7394  -0.3481  -0.0331  -0.0249  -0.0102   0.0002   0.0000  -0.0016   0.0003    0.095
   159   1.3090  31.2096  11.6724  -0.3276  -0.0550  -0.0408  -0.0105   0.0002   0.0000  -0.0008   0.0005    0.174
   160   1.6830  26.5957   9.9468  -0.2435  -0.0596  -0.1139  -0.0092   0.0001   0.0000  -0.0004   0.0003    0.211

  Surface # 7     fuselage_vertical                       
     # Chordwise = 10   # Spanwise = 10     First strip =161
     Surface area =  123.841202       Ave. chord =   33.112617
     CLsurf  =   0.00000     Clsurf  =   0.00000
     CYsurf  =   0.00000     Cmsurf  =  -0.00000
     CDsurf  =  -0.00000     Cnsurf  =  -0.00000
     CDisurf =  -0.00000     CDvsurf =   0.00000

  Forces referred to Ssurf, Cave about hinge axis thru LE
     CLsurf  =  -0.00000     CDsurf  =  -0.00000
     Deflect =

 Strip Forces referred to Strip Area, Chord
    j      Yle    Chord     Area     c cl      ai      cl_norm  cl       cd       cdv    cm_c/4    cm_LE  C.P.x/c
   161   0.0000  26.5957   9.9468  -0.0000   0.0000  -0.0000  -0.0000   0.0000   0.0000   0.0000   0.0000    0.901
   162   0.0000  31.2096  11.6724  -0.0000  -0.0000  -0.0000  -0.0000   0.0000   0.0000   0.0000   0.0000    0.837
   163   0.0000  34.0626  12.7394  -0.0000  -0.0000  -0.0000  -0.0000   0.0000   0.0000   0.0000   0.0000    0.827
   164   0.0000  36.1619  13.5246  -0.0000   0.0000  -0.0000  -0.0000   0.0000   0.0000   0.0000   0.0000    0.818
   165   0.0000  37.5332  14.0374  -0.0000   0.0000  -0.0000  -0.0000  -0.0000   0.0000   0.0000   0.0000    0.808
   166   0.0000  37.5332  14.0374  -0.0000  -0.0000  -0.0000  -0.0000  -0.0000   0.0000   0.0000   0.0000    0.770
   167   0.0000  36.1619  13.5246  -0.0000   0.0000  -0.0000  -0.0000   0.0000   0.0000   0.0000   0.0000    0.735
   168   0.0000  34.0626  12.7394  -0.0000   0.0000  -0.0000  -0.0000   0.0000   0.0000   0.0000   0.0000    0.670
   169   0.0000  31.2096  11.6724  -0.0000   0.0000  -0.0000  -0.0000  -0.0000   0.0000   0.0000   0.0000    0.524
   170   0.0000  26.5957   9.9468  -0.0000  -0.0000  -0.0000  -0.0000  -0.0000   0.0000   0.0000   0.0000    0.315
 ---------------------------------------------------------------
