 ---------------------------------------------------------------
 Surface and Strip Forces by surface

  Forces referred to Sref, Cref, Bref about Xref, Yref, Zref
 Standard axis orientation,  X fwd, Z down         

  Surface # 1     main_wing                               
     # Chordwise = 10   # Spanwise = 30     First strip =  1
     Surface area =   63.793327       Ave. chord =    3.717556
     CLsurf  =  -2.49097     Clsurf  =   0.54446
     CYsurf  =   0.09982     Cmsurf  =   0.31823
     CDsurf  =   0.26290     Cnsurf  =   0.13576
     CDisurf =   0.26290     CDvsurf =   0.00000

  Forces referred to Ssurf, Cave about hinge axis thru LE
     CLsurf  =  -4.87578     CDsurf  =   0.51458
     Deflect =

 Strip Forces referred to Strip Area, Chord
    j      Yle    Chord     Area     c cl      ai      cl_norm  cl       cd       cdv    cm_c/4    cm_LE  C.P.x/c
     1   0.0123   7.7514   0.3815 -20.2916  -0.7599  -0.3390  -0.3390 -65.3028   0.0000   1.0158   1.6430
     2   0.1106   7.6828   1.1303 -22.7332  -0.6876  -2.7496  -2.7493  -6.0554   0.0000   1.0940   1.8037    0.648
     3   0.3062   7.5463   1.8369 -22.7186  -0.5696  -2.9697  -2.9695  -1.2286   0.0000   1.0868   1.8094    0.616
     4   0.5968   7.3435   2.4751 -22.5720  -0.4105  -3.0680  -3.0678  -0.2244   0.0000   1.0401   1.7790    0.589
     5   0.9793   7.0766   3.0215 -21.0668  -0.2105  -3.0187  -3.0184   1.1342   0.0000   0.8871   1.6047    0.544
     6   1.4496   6.7484   3.4567 -21.2829   0.0223  -3.1729  -3.1726   0.4852   0.0000   0.7229   1.4866    0.478
     7   1.9610   6.3915   3.2367 -20.3961   0.1292  -3.2225  -3.2222   0.8340   0.0000   0.5024   1.2789    0.406
     8   2.4995   6.0157   3.4229 -20.3951   0.0723  -3.4163  -3.4159   0.6753   0.0000   0.3735   1.2012    0.359
     9   3.0975   5.5984   3.5010 -20.0662  -0.0009  -3.6223  -3.6219   1.0163   0.0000   0.2590   1.1362    0.322
    10   3.7485   5.1441   3.4716 -20.6904  -0.0895  -4.0542  -4.0538   0.8352   0.0000   0.1964   1.1823    0.298
    11   4.4453   4.6578   3.3395 -20.5588  -0.1908  -4.4571  -4.4567   1.1479   0.0000   0.1003   1.1841    0.273
    12   5.1804   4.1448   3.1137 -21.3933  -0.2986  -5.2171  -5.2166   1.4882   0.0000   0.0253   1.2942    0.255
    13   6.0123   3.7903   3.4546 -21.5079  -0.4008  -5.7363  -5.7359   1.6630   0.0000  -0.0180   1.3984    0.247
    14   6.9353   3.6074   3.3620 -21.4230  -0.4423  -5.9966  -5.9962   1.5482   0.0000  -0.0253   1.4570    0.246
    15   7.8737   3.4215   3.2240 -21.0336  -0.4540  -6.2023  -6.2019   1.4505   0.0000  -0.0241   1.5103    0.246
    16   8.8173   3.2345   3.0478 -20.4228  -0.4435  -6.3660  -6.3656   1.3673   0.0000  -0.0210   1.5549    0.247
    17   9.7557   3.0486   2.8411 -19.6382  -0.4233  -6.4914  -6.4909   1.2969   0.0000  -0.0183   1.5895    0.247
    18  10.6786   2.8657   2.6118 -18.7222  -0.4027  -6.5809  -6.5805   1.2393   0.0000  -0.0167   1.6140    0.247
    19  11.5760   2.6879   2.3677 -17.7063  -0.3874  -6.6337  -6.6333   1.1978   0.0000  -0.0165   1.6278    0.248
    20  12.4467   2.5153   2.1582 -16.6068  -0.3789  -6.6476  -6.6472   1.1731   0.0000  -0.0180   1.6300    0.247
    21  13.2645   2.3533   1.8259 -15.4499  -0.3806  -6.6105  -6.6101   1.1700   0.0000  -0.0217   1.6170    0.247
    22  14.0130   2.2050   1.5853 -14.2461  -0.3940  -6.5069  -6.5065   1.1937   0.0000  -0.0282   1.5844    0.246
    23  14.7005   2.0687   1.3533 -12.9813  -0.4216  -6.3224  -6.3220   1.2392   0.0000  -0.0391   1.5271    0.244
    24  15.3195   1.9461   1.1330 -11.6219  -0.4658  -6.0216  -6.0212   1.3072   0.0000  -0.0556   1.4351    0.241
    25  15.8633   1.8383   0.9263 -10.1221  -0.5280  -5.5585  -5.5581   1.3919   0.0000  -0.0776   1.2969    0.236
    26  16.3259   1.7467   0.7336  -8.4374  -0.6077  -4.8862  -4.8859   1.5014   0.0000  -0.1034   1.1025    0.229
    27  16.6722   1.4928   0.4112  -6.5391  -0.5727  -4.4271  -4.4254   1.2110   0.0000  -0.1365   0.8957    0.219
    28  16.9098   1.1466   0.2281  -4.6574  -0.4951  -4.0904  -4.0888   0.7027   0.0000  -0.1734   0.7867    0.208
    29  17.0696   0.9137   0.1099  -2.7923  -0.4691  -3.0709  -3.0698   0.3436   0.0000  -0.1767   0.5487    0.192
    30  17.1499   0.7966   0.0321  -0.9323  -0.4782  -1.1732  -1.1728   0.0519   0.0000  -0.0855   0.1935    0.177

  Surface # 2     main_wing (YDUP)                        
     # Chordwise = 10   # Spanwise = 30     First strip = 31
     Surface area =   63.793327       Ave. chord =    3.717556
     CLsurf  =  -2.49095     Clsurf  =  -0.54445
     CYsurf  =  -0.09982     Cmsurf  =   0.31823
     CDsurf  =   0.26289     Cnsurf  =  -0.13575
     CDisurf =   0.26289     CDvsurf =   0.00000

  Forces referred to Ssurf, Cave about hinge axis thru LE
     CLsurf  =  -4.87574     CDsurf  =   0.51454
     Deflect =

 Strip Forces referred to Strip Area, Chord
    j      Yle    Chord     Area     c cl      ai      cl_norm  cl       cd       cdv    cm_c/4    cm_LE  C.P.x/c
    31  -0.0123   7.7514   0.3815 -20.2916  -0.7595  -0.3390  -0.3390 -65.3029   0.0000   1.0158  -1.6430
    32  -0.1106   7.6828   1.1303 -22.7332  -0.6876  -2.7496  -2.7493  -6.0556   0.0000   1.0940  -1.8037    0.648
    33  -0.3062   7.5463   1.8369 -22.7185  -0.5697  -2.9697  -2.9695  -1.2284   0.0000   1.0868  -1.8094    0.616
    34  -0.5968   7.3435   2.4751 -22.5719  -0.4105  -3.0680  -3.0677  -0.2246   0.0000   1.0401  -1.7790    0.589
    35  -0.9793   7.0766   3.0215 -21.0667  -0.2105  -3.0187  -3.0184   1.1342   0.0000   0.8871  -1.6047    0.544
    36  -1.4496   6.7484   3.4567 -21.2827   0.0223  -3.1729  -3.1726   0.4852   0.0000   0.7229  -1.4866    0.478
    37  -1.9610   6.3915   3.2367 -20.3960   0.1293  -3.2225  -3.2222   0.8339   0.0000   0.5024  -1.2789    0.406
    38  -2.4995   6.0157   3.4229 -20.3949   0.0723  -3.4162  -3.4159   0.6752   0.0000   0.3735  -1.2011    0.359
    39  -3.0975   5.5984   3.5010 -20.0660  -0.0009  -3.6222  -3.6219   1.0163   0.0000   0.2590  -1.1362    0.322
    40  -3.7485   5.1441   3.4716 -20.6902  -0.0895  -4.0541  -4.0537   0.8352   0.0000   0.1964  -1.1823    0.298
    41  -4.4453   4.6578   3.3395 -20.5587  -0.1908  -4.4570  -4.4566   1.1479   0.0000   0.1003  -1.1841    0.273
    42  -5.1804   4.1448   3.1137 -21.3931  -0.2986  -5.2171  -5.2166   1.4882   0.0000   0.0253  -1.2941    0.255
    43  -6.0123   3.7903   3.4546 -21.5077  -0.4008  -5.7363  -5.7359   1.6630   0.0000  -0.0180  -1.3983    0.247
    44  -6.9353   3.6074   3.3620 -21.4229  -0.4423  -5.9966  -5.9962   1.5482   0.0000  -0.0253  -1.4570    0.246
    45  -7.8737   3.4215   3.2240 -21.0334  -0.4540  -6.2022  -6.2018   1.4505   0.0000  -0.0241  -1.5103    0.246
    46  -8.8173   3.2345   3.0478 -20.4226  -0.4435  -6.3659  -6.3655   1.3672   0.0000  -0.0210  -1.5549    0.247
    47  -9.7557   3.0486   2.8411 -19.6380  -0.4233  -6.4913  -6.4909   1.2969   0.0000  -0.0183  -1.5895    0.247
    48 -10.6786   2.8657   2.6118 -18.7220  -0.4027  -6.5808  -6.5804   1.2393   0.0000  -0.0167  -1.6140    0.247
    49 -11.5760   2.6879   2.3677 -17.7062  -0.3874  -6.6337  -6.6333   1.1979   0.0000  -0.0165  -1.6278    0.248
    50 -12.4467   2.5153   2.1582 -16.6067  -0.3789  -6.6476  -6.6471   1.1730   0.0000  -0.0180  -1.6299    0.247
    51 -13.2645   2.3533   1.8259 -15.4498  -0.3806  -6.6105  -6.6100   1.1700   0.0000  -0.0217  -1.6170    0.247
    52 -14.0130   2.2050   1.5853 -14.2460  -0.3940  -6.5069  -6.5064   1.1937   0.0000  -0.0282  -1.5844    0.246
    53 -14.7005   2.0687   1.3533 -12.9811  -0.4216  -6.3223  -6.3219   1.2392   0.0000  -0.0391  -1.5271    0.244
    54 -15.3195   1.9461   1.1330 -11.6217  -0.4658  -6.0215  -6.0211   1.3071   0.0000  -0.0556  -1.4350    0.241
    55 -15.8633   1.8383   0.9263 -10.1220  -0.5280  -5.5584  -5.5580   1.3919   0.0000  -0.0776  -1.2969    0.236
    56 -16.3259   1.7467   0.7336  -8.4373  -0.6077  -4.8862  -4.8859   1.5014   0.0000  -0.1034  -1.1025    0.229
    57 -16.6722   1.4928   0.4112  -6.5390  -0.5727  -4.4270  -4.4254   1.2110   0.0000  -0.1365  -0.8957    0.219
    58 -16.9098   1.1466   0.2281  -4.6574  -0.4951  -4.0903  -4.0888   0.7027   0.0000  -0.1734  -0.7867    0.208
    59 -17.0696   0.9137   0.1099  -2.7923  -0.4691  -3.0709  -3.0698   0.3436   0.0000  -0.1767  -0.5487    0.192
    60 -17.1499   0.7966   0.0321  -0.9323  -0.4782  -1.1732  -1.1728   0.0519   0.0000  -0.0855  -0.1935    0.177

  Surface # 3     horizontal_stabilizer                   
     # Chordwise = 10   # Spanwise = 30     First strip = 61
     Surface area =   20.071465       Ave. chord =    2.826957
     CLsurf  =   0.18247     Clsurf  =  -0.01617
     CYsurf  =   0.00175     Cmsurf  =  -0.81410
     CDsurf  =  -0.03179     Cnsurf  =  -0.00461
     CDisurf =  -0.03179     CDvsurf =   0.00000

  Forces referred to Ssurf, Cave about hinge axis thru LE
     CLsurf  =   1.13510     CDsurf  =  -0.19773
     Deflect =

 Strip Forces referred to Strip Area, Chord
    j      Yle    Chord     Area     c cl      ai      cl_norm  cl       cd       cdv    cm_c/4    cm_LE  C.P.x/c
    61   0.0046   4.6976   0.0861   4.0091  -0.0648   0.8484   0.8483   0.1622   0.0000   0.0125  -0.1988    0.235
    62   0.0412   4.6783   0.2563   3.9609  -0.0667   0.8497   0.8496  -0.0687   0.0000   0.0117  -0.1979    0.236
    63   0.1140   4.6399   0.4206   3.9541  -0.0694   0.8558   0.8556  -0.0833   0.0000   0.0120  -0.1990    0.236
    64   0.2222   4.5828   0.5752   3.9513  -0.0714   0.8661   0.8660  -0.0935   0.0000   0.0125  -0.2010    0.236
    65   0.3647   4.5076   0.7167   3.9430  -0.0724   0.8789   0.8788  -0.1000   0.0000   0.0130  -0.2036    0.235
    66   0.5398   4.4152   0.8422   3.9330  -0.0719   0.8951   0.8950  -0.1055   0.0000   0.0136  -0.2070    0.235
    67   0.7511   4.3037   0.9974   3.9184  -0.0696   0.9151   0.9150  -0.1133   0.0000   0.0142  -0.2113    0.234
    68   0.9975   4.1737   1.0868   3.8955  -0.0665   0.9382   0.9381  -0.1201   0.0000   0.0148  -0.2163    0.234
    69   1.2712   4.0293   1.1531   3.8683  -0.0654   0.9653   0.9652  -0.1305   0.0000   0.0154  -0.2223    0.234
    70   1.5691   3.8721   1.1959   3.8340  -0.0703   0.9956   0.9955  -0.1353   0.0000   0.0160  -0.2292    0.234
    71   1.8880   3.7039   1.2153   3.7952  -0.0820   1.0307   1.0305  -0.1499   0.0000   0.0168  -0.2370    0.234
    72   2.2244   3.5264   1.2123   3.7450  -0.0946   1.0686   1.0684  -0.1661   0.0000   0.0174  -0.2456    0.234
    73   2.5747   3.3416   1.1886   3.6936  -0.1015   1.1120   1.1118  -0.1658   0.0000   0.0184  -0.2553    0.233
    74   2.9349   3.1516   1.1463   3.6302  -0.1026   1.1594   1.1592  -0.1911   0.0000   0.0194  -0.2659    0.233
    75   3.3011   2.9584   1.0879   3.5531  -0.1012   1.2093   1.2091  -0.2113   0.0000   0.0204  -0.2770    0.233
    76   3.6693   2.7641   1.0165   3.4718  -0.0998   1.2649   1.2647  -0.2267   0.0000   0.0218  -0.2892    0.233
    77   4.0356   2.5709   0.9351   3.3641  -0.0993   1.3187   1.3185  -0.2635   0.0000   0.0228  -0.3013    0.233
    78   4.3958   2.3808   0.8469   3.2405  -0.1000   1.3731   1.3728  -0.3132   0.0000   0.0238  -0.3132    0.233
    79   4.7460   2.1961   0.7550   3.1113  -0.1019   1.4288   1.4286  -0.3143   0.0000   0.0256  -0.3252    0.232
    80   5.0824   2.0186   0.6623   2.9508  -0.1045   1.4748   1.4745  -0.3384   0.0000   0.0269  -0.3351    0.232
    81   5.4013   1.8503   0.5714   2.7704  -0.1076   1.5106   1.5104  -0.3494   0.0000   0.0284  -0.3424    0.231
    82   5.6992   1.6931   0.4845   2.5687  -0.1104   1.5314   1.5312  -0.3767   0.0000   0.0301  -0.3456    0.230
    83   5.9729   1.5487   0.4033   2.3457  -0.1121   1.5296   1.5293  -0.3961   0.0000   0.0321  -0.3430    0.229
    84   6.2193   1.4187   0.3288   2.1102  -0.1119   1.5016   1.5013  -0.3737   0.0000   0.0351  -0.3334    0.227
    85   6.4358   1.3045   0.2616   1.8565  -0.1092   1.4374   1.4372  -0.3774   0.0000   0.0387  -0.3139    0.223
    86   6.6379   1.1979   0.2413   1.5806  -0.1031   1.3320   1.3318  -0.3280   0.0000   0.0437  -0.2833    0.217
    87   6.8184   1.1027   0.1754   1.2600  -0.0937   1.1536   1.1534  -0.2873   0.0000   0.0474  -0.2359    0.209
    88   6.9555   1.0303   0.1183   0.9216  -0.0823   0.9023   0.9021  -0.2021   0.0000   0.0472  -0.1747    0.198
    89   7.0478   0.9816   0.0681   0.5607  -0.0708   0.5762   0.5761  -0.1309   0.0000   0.0368  -0.1050    0.186
    90   7.0942   0.9572   0.0222   0.1886  -0.0620   0.1986   0.1986  -0.0408   0.0000   0.0144  -0.0345    0.177

  Surface # 4     horizontal_stabilizer (YDUP)            
     # Chordwise = 10   # Spanwise = 30     First strip = 91
     Surface area =   20.071465       Ave. chord =    2.826957
     CLsurf  =   0.18247     Clsurf  =   0.01617
     CYsurf  =  -0.00175     Cmsurf  =  -0.81408
     CDsurf  =  -0.03178     Cnsurf  =   0.00461
     CDisurf =  -0.03178     CDvsurf =   0.00000

  Forces referred to Ssurf, Cave about hinge axis thru LE
     CLsurf  =   1.13508     CDsurf  =  -0.19773
     Deflect =

 Strip Forces referred to Strip Area, Chord
    j      Yle    Chord     Area     c cl      ai      cl_norm  cl       cd       cdv    cm_c/4    cm_LE  C.P.x/c
    91  -0.0046   4.6976   0.0861   4.0091  -0.0648   0.8484   0.8483   0.1622   0.0000   0.0125   0.1988    0.235
    92  -0.0412   4.6783   0.2563   3.9609  -0.0667   0.8497   0.8496  -0.0687   0.0000   0.0117   0.1979    0.236
    93  -0.1140   4.6399   0.4206   3.9541  -0.0694   0.8558   0.8556  -0.0833   0.0000   0.0120   0.1990    0.236
    94  -0.2222   4.5828   0.5752   3.9513  -0.0714   0.8661   0.8660  -0.0935   0.0000   0.0125   0.2010    0.236
    95  -0.3647   4.5076   0.7167   3.9429  -0.0724   0.8789   0.8788  -0.1000   0.0000   0.0130   0.2036    0.235
    96  -0.5398   4.4152   0.8422   3.9329  -0.0719   0.8951   0.8950  -0.1055   0.0000   0.0136   0.2070    0.235
    97  -0.7511   4.3037   0.9974   3.9184  -0.0696   0.9151   0.9150  -0.1133   0.0000   0.0142   0.2113    0.234
    98  -0.9975   4.1737   1.0868   3.8954  -0.0665   0.9382   0.9381  -0.1201   0.0000   0.0148   0.2163    0.234
    99  -1.2712   4.0293   1.1531   3.8683  -0.0654   0.9653   0.9652  -0.1305   0.0000   0.0154   0.2223    0.234
   100  -1.5691   3.8721   1.1959   3.8339  -0.0703   0.9956   0.9954  -0.1353   0.0000   0.0160   0.2292    0.234
   101  -1.8880   3.7039   1.2153   3.7952  -0.0820   1.0307   1.0305  -0.1499   0.0000   0.0168   0.2370    0.234
   102  -2.2244   3.5264   1.2123   3.7449  -0.0946   1.0686   1.0684  -0.1661   0.0000   0.0174   0.2456    0.234
   103  -2.5747   3.3416   1.1886   3.6935  -0.1015   1.1119   1.1118  -0.1658   0.0000   0.0184   0.2553    0.233
   104  -2.9349   3.1516   1.1463   3.6301  -0.1026   1.1594   1.1592  -0.1911   0.0000   0.0194   0.2658    0.233
   105  -3.3011   2.9584   1.0879   3.5530  -0.1012   1.2093   1.2091  -0.2113   0.0000   0.0204   0.2770    0.233
   106  -3.6693   2.7641   1.0165   3.4717  -0.0998   1.2649   1.2647  -0.2267   0.0000   0.0218   0.2892    0.233
   107  -4.0356   2.5709   0.9351   3.3640  -0.0993   1.3187   1.3185  -0.2635   0.0000   0.0228   0.3012    0.233
   108  -4.3958   2.3808   0.8469   3.2404  -0.1000   1.3730   1.3728  -0.3132   0.0000   0.0238   0.3132    0.233
   109  -4.7460   2.1961   0.7550   3.1112  -0.1019   1.4288   1.4286  -0.3143   0.0000   0.0256   0.3252    0.232
   110  -5.0824   2.0186   0.6623   2.9507  -0.1045   1.4747   1.4745  -0.3384   0.0000   0.0269   0.3351    0.232
   111  -5.4013   1.8503   0.5714   2.7703  -0.1076   1.5106   1.5103  -0.3494   0.0000   0.0284   0.3424    0.231
   112  -5.6992   1.6931   0.4845   2.5686  -0.1104   1.5314   1.5312  -0.3767   0.0000   0.0301   0.3456    0.230
   113  -5.9729   1.5487   0.4033   2.3456  -0.1121   1.5295   1.5293  -0.3961   0.0000   0.0321   0.3430    0.229
   114  -6.2193   1.4187   0.3288   2.1102  -0.1119   1.5015   1.5013  -0.3737   0.0000   0.0351   0.3333    0.227
   115  -6.4358   1.3045   0.2616   1.8565  -0.1092   1.4373   1.4371  -0.3774   0.0000   0.0387   0.3139    0.223
   116  -6.6379   1.1979   0.2413   1.5806  -0.1031   1.3319   1.3317  -0.3280   0.0000   0.0437   0.2833    0.217
   117  -6.8184   1.1027   0.1754   1.2599  -0.0937   1.1535   1.1534  -0.2873   0.0000   0.0474   0.2359    0.209
   118  -6.9555   1.0303   0.1183   0.9216  -0.0823   0.9022   0.9021  -0.2021   0.0000   0.0472   0.1747    0.198
   119  -7.0478   0.9816   0.0681   0.5607  -0.0708   0.5762   0.5761  -0.1309   0.0000   0.0368   0.1050    0.186
   120  -7.0942   0.9572   0.0222   0.1886  -0.0620   0.1986   0.1986  -0.0408   0.0000   0.0144   0.0345    0.177

  Surface # 5     vertical_stabilizer                     
     # Chordwise = 10   # Spanwise = 30     First strip =121
     Surface area =   27.880133       Ave. chord =    3.584947
     CLsurf  =   0.00000     Clsurf  =  -0.00000
     CYsurf  =  -0.00000     Cmsurf  =  -0.00000
     CDsurf  =  -0.00000     Cnsurf  =   0.00000
     CDisurf =  -0.00000     CDvsurf =   0.00000

  Forces referred to Ssurf, Cave about hinge axis thru LE
     CLsurf  =   0.00000     CDsurf  =  -0.00000
     Deflect =

 Strip Forces referred to Strip Area, Chord
    j      Yle    Chord     Area     c cl      ai      cl_norm  cl       cd       cdv    cm_c/4    cm_LE  C.P.x/c
   121   0.0000   8.1257   0.4979   0.0000  -0.0000   0.0000   0.0000  -0.0000   0.0000   0.0000   0.0000   -0.294
   122   0.0000   7.9240   0.7939   0.0000   0.0000   0.0000   0.0000  -0.0000   0.0000   0.0000   0.0000   -0.298
   123   0.0000   7.6259   1.0550   0.0000   0.0000   0.0000   0.0000  -0.0000   0.0000   0.0000   0.0000   -0.347
   124   0.0000   7.2338   1.2682   0.0000  -0.0000   0.0000   0.0000  -0.0000   0.0000   0.0000   0.0000   -0.380
   125   0.0000   6.7513   1.4226   0.0000  -0.0000   0.0000   0.0000  -0.0000   0.0000   0.0000   0.0000   -0.325
   126   0.0000   6.1827   1.5094   0.0000  -0.0000   0.0000   0.0000  -0.0000   0.0000   0.0000   0.0000   -0.293
   127   0.0000   5.5336   1.5228   0.0000  -0.0000   0.0000   0.0000  -0.0000   0.0000   0.0000   0.0000   -0.133
   128   0.0000   4.8100   1.4602   0.0000  -0.0000   0.0000   0.0000  -0.0000   0.0000   0.0000  -0.0000   -0.013
   129   0.0000   4.3478   1.3898   0.0000  -0.0000   0.0000   0.0000  -0.0000   0.0000   0.0000  -0.0000    0.018
   130   0.0000   4.1900   1.4293   0.0000  -0.0000   0.0000   0.0000  -0.0000   0.0000   0.0000  -0.0000    0.054
   131   0.0000   4.0228   1.4447   0.0000  -0.0000   0.0000   0.0000  -0.0000   0.0000   0.0000  -0.0000    0.105
   132   0.0000   3.8479   1.4371   0.0000  -0.0000   0.0000   0.0000  -0.0000   0.0000   0.0000  -0.0000    0.129
   133   0.0000   3.6670   1.4082   0.0000  -0.0000   0.0000   0.0000  -0.0000   0.0000   0.0000  -0.0000    0.159
   134   0.0000   3.4821   1.3602   0.0000  -0.0000   0.0000   0.0000  -0.0000   0.0000   0.0000  -0.0000    0.177
   135   0.0000   3.2949   1.2955   0.0000  -0.0000   0.0000   0.0000  -0.0000   0.0000   0.0000  -0.0000    0.195
   136   0.0000   3.1075   1.2172   0.0000  -0.0000   0.0000   0.0000  -0.0000   0.0000   0.0000  -0.0000    0.204
   137   0.0000   2.9218   1.1282   0.0000  -0.0000   0.0000   0.0000  -0.0000   0.0000   0.0000  -0.0000    0.213
   138   0.0000   2.7397   1.0316   0.0000  -0.0000   0.0000   0.0000  -0.0000   0.0000   0.0000  -0.0000    0.227
   139   0.0000   2.5631   0.9305   0.0000  -0.0000   0.0000   0.0000  -0.0000   0.0000   0.0000  -0.0000    0.228
   140   0.0000   2.3939   0.8277   0.0000  -0.0000   0.0000   0.0000  -0.0000   0.0000   0.0000  -0.0000    0.235
   141   0.0000   2.2338   0.7257   0.0000  -0.0000   0.0000   0.0000  -0.0000   0.0000   0.0000  -0.0000    0.235
   142   0.0000   2.0845   0.6265   0.0000  -0.0000   0.0000   0.0000  -0.0000   0.0000   0.0000  -0.0000    0.236
   143   0.0000   1.9475   0.5319   0.0000  -0.0000   0.0000   0.0000  -0.0000   0.0000   0.0000  -0.0000    0.232
   144   0.0000   1.8243   0.4429   0.0000  -0.0000   0.0000   0.0000  -0.0000   0.0000   0.0000  -0.0000    0.231
   145   0.0000   1.7162   0.3603   0.0000  -0.0000   0.0000   0.0000  -0.0000   0.0000   0.0000  -0.0000    0.224
   146   0.0000   1.6244   0.2840   0.0000  -0.0000   0.0000   0.0000  -0.0000   0.0000   0.0000  -0.0000    0.223
   147   0.0000   1.5497   0.2138   0.0000  -0.0000   0.0000   0.0000  -0.0000   0.0000   0.0000  -0.0000    0.213
   148   0.0000   1.4930   0.1487   0.0000  -0.0000   0.0000   0.0000  -0.0000   0.0000   0.0000  -0.0000    0.209
   149   0.0000   1.4548   0.0875   0.0000  -0.0000   0.0000   0.0000  -0.0000   0.0000   0.0000  -0.0000    0.203
   150   0.0000   1.4357   0.0289   0.0000  -0.0000   0.0000   0.0000  -0.0000   0.0000   0.0000  -0.0000    0.195

  Surface # 6     fuselage_horizontal                     
     # Chordwise = 10   # Spanwise = 10     First strip =151
     Surface area =  123.841209       Ave. chord =   33.112621
     CLsurf  =   0.01117     Clsurf  =  -0.00000
     CYsurf  =  -0.00000     Cmsurf  =  -0.05584
     CDsurf  =  -0.01831     Cnsurf  =  -0.00000
     CDisurf =  -0.01831     CDvsurf =   0.00000

  Forces referred to Ssurf, Cave about hinge axis thru LE
     CLsurf  =   0.01127     CDsurf  =  -0.01846
     Deflect =

 Strip Forces referred to Strip Area, Chord
    j      Yle    Chord     Area     c cl      ai      cl_norm  cl       cd       cdv    cm_c/4    cm_LE  C.P.x/c
   151  -1.6830  26.5957   9.9468   0.3728   0.2829   0.1695   0.0136   0.0113   0.0000  -0.0123  -0.0021    1.152
   152  -1.3090  31.2096  11.6724   0.4364   0.1151   0.0545   0.0140  -0.0005   0.0000  -0.0118  -0.0038    1.093
   153  -0.9350  34.0626  12.7394   0.3636  -0.0778   0.0272   0.0111  -0.0130   0.0000  -0.0089  -0.0039    1.045
   154  -0.5610  36.1619  13.5246   0.3090  -0.1589   0.0160   0.0095  -0.0282   0.0000  -0.0067  -0.0039    0.951
   155  -0.1870  37.5333  14.0374   0.2756  -0.1917   0.0106   0.0091  -0.0501   0.0000  -0.0052  -0.0048    0.817
   156   0.1870  37.5333  14.0374   0.2756  -0.1917   0.0106   0.0091  -0.0501   0.0000  -0.0052  -0.0048    0.817
   157   0.5610  36.1619  13.5246   0.3090  -0.1589   0.0160   0.0095  -0.0282   0.0000  -0.0067  -0.0039    0.951
   158   0.9350  34.0626  12.7394   0.3637  -0.0778   0.0272   0.0111  -0.0130   0.0000  -0.0089  -0.0039    1.045
   159   1.3090  31.2096  11.6724   0.4364   0.1151   0.0545   0.0140  -0.0005   0.0000  -0.0118  -0.0038    1.093
   160   1.6830  26.5957   9.9468   0.3728   0.2829   0.1695   0.0136   0.0113   0.0000  -0.0123  -0.0021    1.152

  Surface # 7     fuselage_vertical                       
     # Chordwise = 10   # Spanwise = 10     First strip =161
     Surface area =  123.841209       Ave. chord =   33.112621
     CLsurf  =  -0.00000     Clsurf  =  -0.00000
     CYsurf  =  -0.00000     Cmsurf  =   0.00000
     CDsurf  =  -0.00000     Cnsurf  =   0.00000
     CDisurf =  -0.00000     CDvsurf =   0.00000

  Forces referred to Ssurf, Cave about hinge axis thru LE
     CLsurf  =   0.00000     CDsurf  =  -0.00000
     Deflect =

 Strip Forces referred to Strip Area, Chord
    j      Yle    Chord     Area     c cl      ai      cl_norm  cl       cd       cdv    cm_c/4    cm_LE  C.P.x/c
   161   0.0000  26.5957   9.9468   0.0000   0.0000   0.0000   0.0000   0.0000   0.0000   0.0000   0.0000    0.002
   162   0.0000  31.2096  11.6724   0.0000   0.0001   0.0000   0.0000  -0.0000   0.0000  -0.0000  -0.0000    0.468
   163   0.0000  34.0626  12.7394   0.0000  -0.0000   0.0000   0.0000  -0.0000   0.0000  -0.0000  -0.0000    0.529
   164   0.0000  36.1619  13.5246   0.0000  -0.0000   0.0000   0.0000  -0.0000   0.0000  -0.0000  -0.0000    0.558
   165   0.0000  37.5333  14.0374   0.0000  -0.0000   0.0000   0.0000  -0.0000   0.0000  -0.0000  -0.0000    0.580
   166   0.0000  37.5333  14.0374   0.0000  -0.0000   0.0000   0.0000  -0.0000   0.0000  -0.0000  -0.0000    0.629
   167   0.0000  36.1619  13.5246   0.0000  -0.0000   0.0000   0.0000  -0.0000   0.0000  -0.0000  -0.0000    0.634
   168   0.0000  34.0626  12.7394   0.0000  -0.0000   0.0000   0.0000  -0.0000   0.0000  -0.0000  -0.0000    0.612
   169   0.0000  31.2096  11.6724   0.0000   0.0000   0.0000   0.0000  -0.0000   0.0000  -0.0000  -0.0000    0.575
   170   0.0000  26.5957   9.9468   0.0000  -0.0000   0.0000   0.0000  -0.0000   0.0000  -0.0000  -0.0000    0.549
 ---------------------------------------------------------------
