 ---------------------------------------------------------------
 Surface and Strip Forces by surface

  Forces referred to Sref, Cref, Bref about Xref, Yref, Zref
 Standard axis orientation,  X fwd, Z down         

  Surface # 1     main_wing                               
     # Chordwise = 10   # Spanwise = 30     First strip =  1
     Surface area =   63.968842       Ave. chord =    3.715026
     CLsurf  =   0.49827     Clsurf  =  -0.09766
     CYsurf  =  -0.02244     Cmsurf  =  -0.44791
     CDsurf  =   0.02089     Cnsurf  =  -0.01527
     CDisurf =   0.02089     CDvsurf =   0.00000

  Forces referred to Ssurf, Cave about hinge axis thru LE
     CLsurf  =   0.97331     CDsurf  =   0.04077
     Deflect =

 Strip Forces referred to Strip Area, Chord
    j      Yle    Chord     Area     c cl      ai      cl_norm  cl       cd       cdv    cm_c/4    cm_LE  C.P.x/c
     1   0.0114   7.7520   0.3539   6.3404   0.2263   0.8546   0.6632   0.9455   0.0000  -0.0415  -0.2027    0.313
     2   0.1025   7.6885   1.0491   5.6919   0.2261   0.9263   0.7189   0.1857   0.0000  -0.0417  -0.1870    0.308
     3   0.2837   7.5620   1.7073   5.6384   0.2251   0.9440   0.7327   0.1383   0.0000  -0.0387  -0.1857    0.303
     4   0.5530   7.3741   2.3052   5.6093   0.2222   0.9680   0.7513   0.1195   0.0000  -0.0342  -0.1852    0.295
     5   0.9075   7.1267   2.8223   5.5709   0.2152   0.9976   0.7742   0.1103   0.0000  -0.0292  -0.1855    0.288
     6   1.3432   6.8226   3.2414   5.5059   0.1980   1.0337   0.8023   0.0971   0.0000  -0.0245  -0.1870    0.281
     7   1.8554   6.4651   3.5491   5.4052   0.1609   1.0762   0.8352   0.0775   0.0000  -0.0209  -0.1900    0.275
     8   2.4386   6.0582   3.7368   5.2657   0.1245   1.1211   0.8701   0.0706   0.0000  -0.0183  -0.1948    0.271
     9   3.0862   5.6062   3.8005   5.0902   0.1089   1.1751   0.9120   0.0564   0.0000  -0.0167  -0.2016    0.268
    10   3.7613   5.1351   3.4440   4.8364   0.0965   1.2218   0.9482   0.0461   0.0000  -0.0178  -0.2095    0.269
    11   4.4532   4.6522   3.3149   4.6522   0.0807   1.3016   1.0101   0.0300   0.0000  -0.0155  -0.2196    0.265
    12   5.1831   4.1429   3.0930   4.3760   0.0558   1.3797   1.0708   0.0102   0.0000  -0.0145  -0.2304    0.264
    13   6.0123   3.7903   3.4706   4.0985   0.0384   1.3492   1.0978   0.0011   0.0000  -0.0074  -0.2530    0.257
    14   6.9353   3.6075   3.3775   3.8775   0.0347   1.3409   1.0910   0.0025   0.0000  -0.0078  -0.2519    0.257
    15   7.8737   3.4215   3.2389   3.6756   0.0287   1.3403   1.0906   0.0016   0.0000  -0.0084  -0.2523    0.258
    16   8.8172   3.2345   3.0619   3.4815   0.0246   1.3433   1.0930  -0.0000   0.0000  -0.0091  -0.2534    0.258
    17   9.7556   3.0486   2.8543   3.2885   0.0234   1.3466   1.0957  -0.0017   0.0000  -0.0101  -0.2548    0.259
    18  10.6786   2.8657   2.6239   3.0985   0.0240   1.3501   1.0985  -0.0033   0.0000  -0.0111  -0.2563    0.260
    19  11.5760   2.6879   2.3787   2.9106   0.0258   1.3525   1.1005  -0.0051   0.0000  -0.0120  -0.2575    0.261
    20  12.4328   2.5181   2.1010   2.7267   0.0292   1.3527   1.1007  -0.0062   0.0000  -0.0122  -0.2576    0.261
    21  13.2400   2.3582   1.8520   2.5454   0.0346   1.3484   1.0972  -0.0063   0.0000  -0.0114  -0.2561    0.260
    22  13.9941   2.2087   1.6074   2.3621   0.0419   1.3360   1.0871  -0.0064   0.0000  -0.0097  -0.2524    0.259
    23  14.6868   2.0715   1.3716   2.1708   0.0520   1.3091   1.0652  -0.0059   0.0000  -0.0070  -0.2451    0.257
    24  15.3105   1.9479   1.1479   1.9639   0.0648   1.2593   1.0247  -0.0048   0.0000  -0.0028  -0.2323    0.253
    25  15.8583   1.8393   0.9381   1.7298   0.0792   1.1741   0.9553  -0.0016   0.0000   0.0015  -0.2131    0.248
    26  16.3244   1.7470   0.7427   1.4586   0.0936   1.0398   0.8460   0.0102   0.0000  -0.0011  -0.1913    0.251
    27  16.6722   1.4928   0.4131   1.1618   0.1080   2.6082   0.7971  -0.0366   0.0000  -0.0046  -0.1020    0.256
    28  16.9098   1.1466   0.2292   0.8596   0.1269   2.5428   0.7771  -0.0866   0.0000   0.0255  -0.0847    0.217
    29  17.0696   0.9138   0.1104   0.5303   0.1417   2.0027   0.6120  -0.1252   0.0000   0.0532  -0.0505    0.163
    30  17.1499   0.7967   0.0322   0.1794   0.1495   0.8049   0.2460  -0.0955   0.0000   0.0335  -0.0138    0.114

  Surface # 2     main_wing (YDUP)                        
     # Chordwise = 10   # Spanwise = 30     First strip = 31
     Surface area =   63.968842       Ave. chord =    3.715026
     CLsurf  =   0.49827     Clsurf  =   0.09766
     CYsurf  =   0.02244     Cmsurf  =  -0.44791
     CDsurf  =   0.02089     Cnsurf  =   0.01527
     CDisurf =   0.02089     CDvsurf =   0.00000

  Forces referred to Ssurf, Cave about hinge axis thru LE
     CLsurf  =   0.97331     CDsurf  =   0.04077
     Deflect =

 Strip Forces referred to Strip Area, Chord
    j      Yle    Chord     Area     c cl      ai      cl_norm  cl       cd       cdv    cm_c/4    cm_LE  C.P.x/c
    31  -0.0114   7.7520   0.3539   6.3404   0.2263   0.8546   0.6632   0.9455   0.0000  -0.0415   0.2027    0.313
    32  -0.1025   7.6885   1.0491   5.6919   0.2262   0.9263   0.7189   0.1857   0.0000  -0.0417   0.1870    0.308
    33  -0.2837   7.5620   1.7073   5.6384   0.2251   0.9440   0.7327   0.1383   0.0000  -0.0387   0.1857    0.303
    34  -0.5530   7.3741   2.3052   5.6093   0.2222   0.9680   0.7513   0.1195   0.0000  -0.0342   0.1852    0.295
    35  -0.9075   7.1267   2.8223   5.5709   0.2152   0.9976   0.7742   0.1103   0.0000  -0.0292   0.1855    0.288
    36  -1.3432   6.8226   3.2414   5.5059   0.1980   1.0337   0.8023   0.0971   0.0000  -0.0245   0.1870    0.281
    37  -1.8554   6.4651   3.5491   5.4052   0.1609   1.0762   0.8352   0.0775   0.0000  -0.0209   0.1900    0.275
    38  -2.4386   6.0582   3.7368   5.2657   0.1245   1.1211   0.8701   0.0706   0.0000  -0.0183   0.1948    0.271
    39  -3.0862   5.6062   3.8005   5.0902   0.1089   1.1751   0.9120   0.0564   0.0000  -0.0167   0.2016    0.268
    40  -3.7613   5.1351   3.4440   4.8364   0.0965   1.2218   0.9482   0.0461   0.0000  -0.0178   0.2095    0.269
    41  -4.4532   4.6522   3.3149   4.6522   0.0807   1.3016   1.0101   0.0300   0.0000  -0.0155   0.2196    0.265
    42  -5.1831   4.1429   3.0930   4.3760   0.0558   1.3797   1.0708   0.0102   0.0000  -0.0145   0.2304    0.264
    43  -6.0123   3.7903   3.4706   4.0985   0.0384   1.3492   1.0978   0.0011   0.0000  -0.0074   0.2530    0.257
    44  -6.9353   3.6075   3.3775   3.8775   0.0347   1.3409   1.0910   0.0025   0.0000  -0.0078   0.2519    0.257
    45  -7.8737   3.4215   3.2389   3.6756   0.0287   1.3403   1.0906   0.0016   0.0000  -0.0084   0.2523    0.258
    46  -8.8172   3.2345   3.0619   3.4815   0.0246   1.3433   1.0930  -0.0000   0.0000  -0.0091   0.2534    0.258
    47  -9.7556   3.0486   2.8543   3.2884   0.0234   1.3466   1.0957  -0.0017   0.0000  -0.0101   0.2548    0.259
    48 -10.6786   2.8657   2.6239   3.0985   0.0240   1.3501   1.0985  -0.0033   0.0000  -0.0111   0.2563    0.260
    49 -11.5760   2.6879   2.3787   2.9106   0.0258   1.3525   1.1005  -0.0051   0.0000  -0.0120   0.2575    0.261
    50 -12.4328   2.5181   2.1010   2.7267   0.0292   1.3527   1.1007  -0.0062   0.0000  -0.0122   0.2576    0.261
    51 -13.2400   2.3582   1.8520   2.5454   0.0346   1.3484   1.0972  -0.0063   0.0000  -0.0114   0.2561    0.260
    52 -13.9941   2.2087   1.6074   2.3621   0.0419   1.3360   1.0871  -0.0064   0.0000  -0.0097   0.2524    0.259
    53 -14.6868   2.0715   1.3716   2.1708   0.0520   1.3091   1.0652  -0.0059   0.0000  -0.0070   0.2451    0.257
    54 -15.3105   1.9479   1.1479   1.9639   0.0648   1.2593   1.0247  -0.0048   0.0000  -0.0028   0.2323    0.253
    55 -15.8583   1.8393   0.9381   1.7298   0.0792   1.1741   0.9553  -0.0016   0.0000   0.0015   0.2131    0.248
    56 -16.3244   1.7470   0.7427   1.4586   0.0936   1.0398   0.8460   0.0102   0.0000  -0.0011   0.1913    0.251
    57 -16.6722   1.4928   0.4131   1.1618   0.1080   2.6082   0.7971  -0.0366   0.0000  -0.0046   0.1020    0.256
    58 -16.9098   1.1466   0.2292   0.8596   0.1269   2.5428   0.7771  -0.0866   0.0000   0.0255   0.0847    0.217
    59 -17.0696   0.9138   0.1104   0.5303   0.1417   2.0027   0.6120  -0.1252   0.0000   0.0532   0.0505    0.163
    60 -17.1499   0.7967   0.0322   0.1794   0.1495   0.8049   0.2460  -0.0955   0.0000   0.0335   0.0138    0.114

  Surface # 3     horizontal_stabilizer                   
     # Chordwise = 10   # Spanwise = 30     First strip = 61
     Surface area =   20.744604       Ave. chord =    2.848572
     CLsurf  =   0.06396     Clsurf  =  -0.00658
     CYsurf  =  -0.01007     Cmsurf  =  -0.31385
     CDsurf  =   0.00651     Cnsurf  =   0.00532
     CDisurf =   0.00651     CDvsurf =   0.00000

  Forces referred to Ssurf, Cave about hinge axis thru LE
     CLsurf  =   0.38972     CDsurf  =   0.03920
     Deflect =

 Strip Forces referred to Strip Area, Chord
    j      Yle    Chord     Area     c cl      ai      cl_norm  cl       cd       cdv    cm_c/4    cm_LE  C.P.x/c
    61   0.0047   4.2713   0.0803   1.6510   0.1684   0.4572   0.3476   0.2536   0.0000  -0.0164  -0.0984    0.297
    62   0.0418   4.2566   0.2392   1.3522   0.1690   0.4105   0.3120   0.0594   0.0000  -0.0165  -0.0840    0.303
    63   0.1156   4.2274   0.3930   1.3303   0.1693   0.4094   0.3112   0.0468   0.0000  -0.0155  -0.0826    0.300
    64   0.2254   4.1839   0.5386   1.3242   0.1688   0.4126   0.3136   0.0437   0.0000  -0.0139  -0.0816    0.294
    65   0.3698   4.1268   0.6730   1.3225   0.1672   0.4182   0.3179   0.0424   0.0000  -0.0118  -0.0808    0.287
    66   0.5474   4.0565   0.7936   1.3195   0.1644   0.4248   0.3229   0.0417   0.0000  -0.0097  -0.0801    0.280
    67   0.7617   3.9717   0.9441   1.3166   0.1599   0.4333   0.3293   0.0409   0.0000  -0.0077  -0.0798    0.273
    68   1.0116   3.8728   1.0344   1.3103   0.1535   0.4426   0.3364   0.0401   0.0000  -0.0058  -0.0798    0.267
    69   1.2891   3.7630   1.1046   1.3046   0.1453   0.4538   0.3449   0.0398   0.0000  -0.0042  -0.0803    0.262
    70   1.5912   3.6435   1.1542   1.2961   0.1361   0.4660   0.3542   0.0396   0.0000  -0.0029  -0.0812    0.258
    71   1.9146   3.5155   1.1831   1.2853   0.1269   0.4792   0.3642   0.0396   0.0000  -0.0019  -0.0825    0.255
    72   2.2558   3.3805   1.1921   1.2722   0.1187   0.4935   0.3751   0.0396   0.0000  -0.0010  -0.0842    0.253
    73   2.6109   3.2400   1.1821   1.2581   0.1123   0.5094   0.3872   0.0399   0.0000  -0.0002  -0.0862    0.251
    74   2.9762   3.0955   1.1548   1.2416   0.1077   0.5265   0.4002   0.0400   0.0000   0.0005  -0.0884    0.249
    75   3.3476   2.9485   1.1122   1.2217   0.1045   0.5442   0.4136   0.0399   0.0000   0.0013  -0.0907    0.247
    76   3.7210   2.8008   1.0564   1.1986   0.1024   0.5624   0.4275   0.0399   0.0000   0.0020  -0.0931    0.245
    77   4.0924   2.6538   0.9900   1.1722   0.1013   0.5808   0.4415   0.0396   0.0000   0.0029  -0.0954    0.243
    78   4.4577   2.5093   0.9155   1.1413   0.1009   0.5984   0.4549   0.0392   0.0000   0.0039  -0.0974    0.241
    79   4.8128   2.3687   0.8353   1.1047   0.1014   0.6140   0.4667   0.0386   0.0000   0.0052  -0.0989    0.239
    80   5.1540   2.2338   0.7518   1.0621   0.1027   0.6264   0.4761   0.0377   0.0000   0.0068  -0.0996    0.236
    81   5.4774   2.1058   0.6671   1.0126   0.1050   0.6338   0.4818   0.0366   0.0000   0.0088  -0.0991    0.232
    82   5.7795   1.9862   0.5830   0.9545   0.1083   0.6339   0.4818   0.0343   0.0000   0.0113  -0.0970    0.226
    83   6.0570   1.8764   0.5012   0.8892   0.1123   0.6254   0.4754   0.0324   0.0000   0.0145  -0.0928    0.219
    84   6.3069   1.7776   0.4225   0.8138   0.1170   0.6046   0.4596   0.0297   0.0000   0.0183  -0.0861    0.210
    85   6.5264   1.6907   0.3478   0.7285   0.1218   0.5696   0.4329   0.0258   0.0000   0.0224  -0.0768    0.198
    86   6.7314   1.6096   0.3326   0.6282   0.1267   0.5163   0.3924   0.0217   0.0000   0.0261  -0.0647    0.183
    87   6.9144   1.5372   0.2507   0.5061   0.1315   0.4361   0.3314   0.0162   0.0000   0.0284  -0.0493    0.164
    88   7.0535   1.4822   0.1746   0.3716   0.1352   0.3326   0.2528   0.0100   0.0000   0.0268  -0.0333    0.144
    89   7.1471   1.4451   0.1029   0.2271   0.1379   0.2089   0.1588   0.0042   0.0000   0.0196  -0.0185    0.126
    90   7.1941   1.4265   0.0340   0.0764   0.1393   0.0720   0.0547  -0.0018   0.0000   0.0073  -0.0058    0.117

  Surface # 4     horizontal_stabilizer (YDUP)            
     # Chordwise = 10   # Spanwise = 30     First strip = 91
     Surface area =   20.744604       Ave. chord =    2.848572
     CLsurf  =   0.06396     Clsurf  =   0.00658
     CYsurf  =   0.01007     Cmsurf  =  -0.31385
     CDsurf  =   0.00651     Cnsurf  =  -0.00532
     CDisurf =   0.00651     CDvsurf =   0.00000

  Forces referred to Ssurf, Cave about hinge axis thru LE
     CLsurf  =   0.38972     CDsurf  =   0.03920
     Deflect =

 Strip Forces referred to Strip Area, Chord
    j      Yle    Chord     Area     c cl      ai      cl_norm  cl       cd       cdv    cm_c/4    cm_LE  C.P.x/c
    91  -0.0047   4.2713   0.0803   1.6510   0.1684   0.4572   0.3476   0.2536   0.0000  -0.0164   0.0984    0.297
    92  -0.0418   4.2566   0.2392   1.3522   0.1690   0.4105   0.3120   0.0594   0.0000  -0.0165   0.0840    0.303
    93  -0.1156   4.2274   0.3930   1.3303   0.1693   0.4094   0.3112   0.0468   0.0000  -0.0155   0.0826    0.300
    94  -0.2254   4.1839   0.5386   1.3242   0.1688   0.4126   0.3136   0.0437   0.0000  -0.0139   0.0816    0.294
    95  -0.3698   4.1268   0.6730   1.3225   0.1672   0.4182   0.3179   0.0424   0.0000  -0.0118   0.0808    0.287
    96  -0.5474   4.0565   0.7936   1.3195   0.1644   0.4248   0.3229   0.0417   0.0000  -0.0097   0.0801    0.280
    97  -0.7617   3.9717   0.9441   1.3166   0.1599   0.4333   0.3293   0.0409   0.0000  -0.0077   0.0798    0.273
    98  -1.0116   3.8728   1.0344   1.3103   0.1535   0.4426   0.3364   0.0401   0.0000  -0.0058   0.0798    0.267
    99  -1.2891   3.7630   1.1046   1.3046   0.1453   0.4538   0.3449   0.0398   0.0000  -0.0042   0.0803    0.262
   100  -1.5912   3.6435   1.1542   1.2961   0.1361   0.4660   0.3542   0.0396   0.0000  -0.0030   0.0812    0.258
   101  -1.9146   3.5155   1.1831   1.2853   0.1269   0.4792   0.3642   0.0396   0.0000  -0.0019   0.0825    0.255
   102  -2.2558   3.3805   1.1921   1.2722   0.1187   0.4935   0.3751   0.0396   0.0000  -0.0010   0.0842    0.253
   103  -2.6109   3.2400   1.1821   1.2581   0.1123   0.5094   0.3872   0.0399   0.0000  -0.0002   0.0862    0.251
   104  -2.9762   3.0955   1.1548   1.2416   0.1077   0.5265   0.4002   0.0400   0.0000   0.0005   0.0884    0.249
   105  -3.3476   2.9485   1.1122   1.2217   0.1045   0.5442   0.4136   0.0399   0.0000   0.0013   0.0907    0.247
   106  -3.7210   2.8008   1.0564   1.1986   0.1024   0.5624   0.4274   0.0399   0.0000   0.0020   0.0931    0.245
   107  -4.0924   2.6538   0.9900   1.1722   0.1013   0.5808   0.4415   0.0396   0.0000   0.0029   0.0954    0.243
   108  -4.4577   2.5093   0.9155   1.1413   0.1009   0.5984   0.4549   0.0392   0.0000   0.0039   0.0974    0.241
   109  -4.8128   2.3687   0.8353   1.1047   0.1014   0.6140   0.4667   0.0386   0.0000   0.0052   0.0989    0.239
   110  -5.1540   2.2338   0.7518   1.0621   0.1027   0.6264   0.4761   0.0377   0.0000   0.0068   0.0996    0.236
   111  -5.4774   2.1058   0.6671   1.0126   0.1050   0.6338   0.4818   0.0366   0.0000   0.0088   0.0991    0.232
   112  -5.7795   1.9862   0.5830   0.9545   0.1083   0.6339   0.4818   0.0343   0.0000   0.0113   0.0970    0.226
   113  -6.0570   1.8764   0.5012   0.8892   0.1123   0.6254   0.4754   0.0324   0.0000   0.0145   0.0928    0.219
   114  -6.3069   1.7776   0.4225   0.8138   0.1170   0.6046   0.4596   0.0297   0.0000   0.0183   0.0861    0.210
   115  -6.5264   1.6907   0.3478   0.7285   0.1218   0.5696   0.4329   0.0258   0.0000   0.0224   0.0768    0.198
   116  -6.7314   1.6096   0.3326   0.6282   0.1267   0.5163   0.3924   0.0217   0.0000   0.0261   0.0647    0.183
   117  -6.9144   1.5372   0.2507   0.5061   0.1315   0.4361   0.3314   0.0162   0.0000   0.0284   0.0493    0.164
   118  -7.0535   1.4822   0.1746   0.3716   0.1352   0.3326   0.2528   0.0100   0.0000   0.0268   0.0333    0.144
   119  -7.1471   1.4451   0.1029   0.2271   0.1379   0.2089   0.1588   0.0042   0.0000   0.0196   0.0185    0.126
   120  -7.1941   1.4265   0.0340   0.0764   0.1393   0.0720   0.0547  -0.0018   0.0000   0.0073   0.0058    0.117

  Surface # 5     vertical_stabilizer                     
     # Chordwise = 10   # Spanwise = 30     First strip =121
     Surface area =   34.910358       Ave. chord =    4.190919
     CLsurf  =   0.00000     Clsurf  =   0.00000
     CYsurf  =   0.00000     Cmsurf  =  -0.00000
     CDsurf  =  -0.00000     Cnsurf  =  -0.00000
     CDisurf =  -0.00000     CDvsurf =   0.00000

  Forces referred to Ssurf, Cave about hinge axis thru LE
     CLsurf  =  -0.00000     CDsurf  =  -0.00000
     Deflect =

 Strip Forces referred to Strip Area, Chord
    j      Yle    Chord     Area     c cl      ai      cl_norm  cl       cd       cdv    cm_c/4    cm_LE  C.P.x/c
   121   0.0000  10.0347   0.6931  -0.0000   0.0000  -0.0000  -0.0000   0.0000   0.0000   0.0000   0.0000    0.362
   122   0.0000   9.8296   1.1101  -0.0000   0.0000  -0.0000  -0.0000   0.0000   0.0000   0.0000   0.0000    0.372
   123   0.0000   9.5266   1.4857  -0.0000  -0.0000  -0.0000  -0.0000   0.0000   0.0000   0.0000   0.0000    0.380
   124   0.0000   9.1281   1.8040  -0.0000   0.0000  -0.0000  -0.0000   0.0000   0.0000   0.0000   0.0000    0.381
   125   0.0000   8.6377   2.0517  -0.0000   0.0000  -0.0000  -0.0000   0.0000   0.0000   0.0000   0.0000    0.384
   126   0.0000   8.0598   2.2181  -0.0000   0.0000  -0.0000  -0.0000   0.0000   0.0000   0.0000   0.0000    0.381
   127   0.0000   7.4000   2.2957  -0.0000   0.0000  -0.0000  -0.0000  -0.0000   0.0000   0.0000   0.0000    0.371
   128   0.0000   6.6646   2.2808  -0.0000   0.0000  -0.0000  -0.0000  -0.0000   0.0000   0.0000   0.0000    0.359
   129   0.0000   5.8609   2.1733  -0.0000   0.0000  -0.0000  -0.0000   0.0000   0.0000   0.0000   0.0000    0.338
   130   0.0000   4.9969   1.9773  -0.0000   0.0000  -0.0000  -0.0000   0.0000   0.0000   0.0000   0.0000    0.303
   131   0.0000   4.4389   1.6667  -0.0000   0.0000  -0.0000  -0.0000  -0.0000   0.0000   0.0000   0.0000    0.264
   132   0.0000   4.2198   1.6478  -0.0000   0.0000  -0.0000  -0.0000  -0.0000   0.0000   0.0000   0.0000    0.257
   133   0.0000   3.9932   1.6033  -0.0000   0.0000  -0.0000  -0.0000  -0.0000   0.0000  -0.0000   0.0000    0.248
   134   0.0000   3.7615   1.5362  -0.0000   0.0000  -0.0000  -0.0000  -0.0000   0.0000  -0.0000   0.0000    0.242
   135   0.0000   3.5271   1.4499  -0.0000   0.0000  -0.0000  -0.0000  -0.0000   0.0000  -0.0000   0.0000    0.238
   136   0.0000   3.2923   1.3482  -0.0000   0.0000  -0.0000  -0.0000  -0.0000   0.0000  -0.0000   0.0000    0.238
   137   0.0000   3.0597   1.2352  -0.0000   0.0000  -0.0000  -0.0000  -0.0000   0.0000  -0.0000   0.0000    0.234
   138   0.0000   2.8315   1.1147  -0.0000   0.0000  -0.0000  -0.0000  -0.0000   0.0000  -0.0000   0.0000    0.226
   139   0.0000   2.6103   0.9908  -0.0000   0.0000  -0.0000  -0.0000  -0.0000   0.0000  -0.0000   0.0000    0.222
   140   0.0000   2.3983   0.8670  -0.0000   0.0000  -0.0000  -0.0000  -0.0000   0.0000  -0.0000   0.0000    0.218
   141   0.0000   2.1977   0.7464  -0.0000   0.0000  -0.0000  -0.0000  -0.0000   0.0000  -0.0000   0.0000    0.219
   142   0.0000   2.0106   0.6318  -0.0000   0.0000  -0.0000  -0.0000  -0.0000   0.0000  -0.0000   0.0000    0.215
   143   0.0000   1.8390   0.5251  -0.0000   0.0000  -0.0000  -0.0000  -0.0000   0.0000  -0.0000   0.0000    0.211
   144   0.0000   1.6847   0.4276  -0.0000   0.0000  -0.0000  -0.0000  -0.0000   0.0000  -0.0000   0.0000    0.201
   145   0.0000   1.5493   0.3400  -0.0000   0.0000  -0.0000  -0.0000  -0.0000   0.0000  -0.0000   0.0000    0.192
   146   0.0000   1.4342   0.2622  -0.0000   0.0000  -0.0000  -0.0000  -0.0000   0.0000  -0.0000   0.0000    0.175
   147   0.0000   1.3407   0.1933  -0.0000   0.0000  -0.0000  -0.0000  -0.0000   0.0000  -0.0000   0.0000    0.155
   148   0.0000   1.2696   0.1322  -0.0000   0.0000  -0.0000  -0.0000  -0.0000   0.0000  -0.0000   0.0000    0.130
   149   0.0000   1.2218   0.0769  -0.0000   0.0000  -0.0000  -0.0000  -0.0000   0.0000  -0.0000   0.0000    0.111
   150   0.0000   1.1978   0.0252  -0.0000   0.0000  -0.0000  -0.0000  -0.0000   0.0000  -0.0000   0.0000    0.100

  Surface # 6     fuselage_horizontal                     
     # Chordwise = 10   # Spanwise = 10     First strip =151
     Surface area =  123.841202       Ave. chord =   33.112617
     CLsurf  =   0.01746     Clsurf  =  -0.00000
     CYsurf  =  -0.00000     Cmsurf  =   0.09558
     CDsurf  =  -0.00019     Cnsurf  =   0.00000
     CDisurf =  -0.00019     CDvsurf =   0.00000

  Forces referred to Ssurf, Cave about hinge axis thru LE
     CLsurf  =   0.01761     CDsurf  =  -0.00020
     Deflect =

 Strip Forces referred to Strip Area, Chord
    j      Yle    Chord     Area     c cl      ai      cl_norm  cl       cd       cdv    cm_c/4    cm_LE  C.P.x/c
   151  -1.6830  26.5957   9.9468   0.4034   0.2575   0.1527   0.0163  -0.0054   0.0000   0.0063   0.0003   -0.138
   152  -1.3090  31.2096  11.6724   0.5613   0.2732   0.0665   0.0185  -0.0016   0.0000   0.0081   0.0009   -0.187
   153  -0.9350  34.0626  12.7394   0.6104   0.2470   0.0427   0.0182  -0.0001   0.0000   0.0099   0.0018   -0.294
   154  -0.5610  36.1619  13.5246   0.6373   0.2366   0.0291   0.0177   0.0011   0.0000   0.0108   0.0028   -0.358
   155  -0.1870  37.5332  14.0374   0.6530   0.2352   0.0198   0.0171   0.0033   0.0000   0.0110   0.0046   -0.392
   156   0.1870  37.5332  14.0374   0.6530   0.2352   0.0198   0.0171   0.0033   0.0000   0.0110   0.0046   -0.392
   157   0.5610  36.1619  13.5246   0.6373   0.2366   0.0291   0.0177   0.0011   0.0000   0.0108   0.0028   -0.358
   158   0.9350  34.0626  12.7394   0.6104   0.2470   0.0427   0.0182  -0.0001   0.0000   0.0099   0.0018   -0.294
   159   1.3090  31.2096  11.6724   0.5613   0.2732   0.0665   0.0185  -0.0016   0.0000   0.0081   0.0009   -0.187
   160   1.6830  26.5957   9.9468   0.4034   0.2575   0.1527   0.0163  -0.0054   0.0000   0.0063   0.0003   -0.138

  Surface # 7     fuselage_vertical                       
     # Chordwise = 10   # Spanwise = 10     First strip =161
     Surface area =  123.841202       Ave. chord =   33.112617
     CLsurf  =   0.00000     Clsurf  =  -0.00000
     CYsurf  =   0.00000     Cmsurf  =  -0.00000
     CDsurf  =   0.00000     Cnsurf  =  -0.00000
     CDisurf =   0.00000     CDvsurf =   0.00000

  Forces referred to Ssurf, Cave about hinge axis thru LE
     CLsurf  =  -0.00000     CDsurf  =   0.00000
     Deflect =

 Strip Forces referred to Strip Area, Chord
    j      Yle    Chord     Area     c cl      ai      cl_norm  cl       cd       cdv    cm_c/4    cm_LE  C.P.x/c
   161   0.0000  26.5957   9.9468  -0.0000  -0.0000  -0.0000  -0.0000   0.0000   0.0000   0.0000   0.0000    1.666
   162   0.0000  31.2096  11.6724  -0.0000   0.0000  -0.0000  -0.0000  -0.0000   0.0000  -0.0000  -0.0000
   163   0.0000  34.0626  12.7394  -0.0000   0.0000  -0.0000  -0.0000  -0.0000   0.0000  -0.0000  -0.0000
   164   0.0000  36.1619  13.5246  -0.0000   0.0000  -0.0000  -0.0000   0.0000   0.0000  -0.0000  -0.0000   -0.485
   165   0.0000  37.5332  14.0374  -0.0000   0.0000  -0.0000  -0.0000  -0.0000   0.0000  -0.0000  -0.0000   -0.022
   166   0.0000  37.5332  14.0374  -0.0000   0.0000  -0.0000  -0.0000  -0.0000   0.0000   0.0000   0.0000    0.458
   167   0.0000  36.1619  13.5246  -0.0000  -0.0000  -0.0000  -0.0000  -0.0000   0.0000   0.0000   0.0000    0.562
   168   0.0000  34.0626  12.7394  -0.0000   0.0000  -0.0000  -0.0000   0.0000   0.0000   0.0000   0.0000    0.640
   169   0.0000  31.2096  11.6724  -0.0000  -0.0000  -0.0000  -0.0000   0.0000   0.0000   0.0000   0.0000    0.697
   170   0.0000  26.5957   9.9468  -0.0000   0.0000  -0.0000  -0.0000   0.0000   0.0000   0.0000   0.0000    0.782
 ---------------------------------------------------------------
