 ---------------------------------------------------------------
 Surface and Strip Forces by surface

  Forces referred to Sref, Cref, Bref about Xref, Yref, Zref
 Standard axis orientation,  X fwd, Z down         

  Surface # 1     main_wing                               
     # Chordwise = 10   # Spanwise = 20     First strip =  1
     Surface area =   63.790974       Ave. chord =    3.717419
     CLsurf  =  -2.14496     Clsurf  =   0.47179
     CYsurf  =   0.08039     Cmsurf  =   0.36256
     CDsurf  =   0.09647     Cnsurf  =   0.18314
     CDisurf =   0.09647     CDvsurf =   0.00000

  Forces referred to Ssurf, Cave about hinge axis thru LE
     CLsurf  =  -4.19864     CDsurf  =   0.18883
     Deflect =

 Strip Forces referred to Strip Area, Chord
    j      Yle    Chord     Area     c cl      ai      cl_norm  cl       cd       cdv    cm_c/4    cm_LE  C.P.x/c
     1   0.0271   7.7411   0.8376 -17.0101  -0.5255   4.9893   4.9888 -40.9484   0.0000   1.2701   1.7897   -0.005
     2   0.2428   7.5905   2.4436 -18.4936  -0.4086  -1.9453  -1.9451  -2.9997   0.0000   1.3298   1.9073    0.934
     3   0.6690   7.2932   3.8488 -18.1507  -0.2325  -2.4693  -2.4691  -0.3290   0.0000   1.3027   1.8934    0.778
     4   1.2950   6.8563   4.9402 -17.1961  -0.0217  -2.5973  -2.5971   0.2852   0.0000   1.1503   1.7483    0.693
     5   2.1056   6.2906   5.6339 -16.1709   0.1875  -2.6724  -2.6722   0.3509   0.0000   0.8338   1.4523    0.562
     6   3.0065   5.6619   5.0672 -15.5274   0.2528  -2.8865  -2.8863   0.5759   0.0000   0.4837   1.1502    0.418
     7   3.9586   4.9974   5.0150 -15.9552   0.0738  -3.3910  -3.3907   0.8436   0.0000   0.2513   1.0324    0.324
     8   5.0073   4.2656   4.6382 -17.1762  -0.1680  -4.3036  -4.3032   1.2159   0.0000   0.0934   1.0821    0.272
     9   6.1989   3.7534   4.8429 -18.0922  -0.3848  -5.1657  -5.1653   1.5355   0.0000  -0.0146   1.1886    0.247
    10   7.5095   3.4937   4.6216 -18.2755  -0.4569  -5.5551  -5.5548   1.3784   0.0000  -0.0287   1.2771    0.245
    11   8.8364   3.2307   4.2738 -17.8620  -0.4601  -5.8379  -5.8375   1.2672   0.0000  -0.0264   1.3537    0.245
    12  10.1470   2.9710   3.8335 -17.0370  -0.4326  -6.0307  -6.0303   1.1768   0.0000  -0.0217   1.4097    0.246
    13  11.4090   2.7210   3.3357 -15.9308  -0.4060  -6.1425  -6.1421   1.1169   0.0000  -0.0211   1.4403    0.247
    14  12.6340   2.4782   3.0105 -14.6057  -0.3917  -6.1751  -6.1747   1.0785   0.0000  -0.0230   1.4481    0.246
    15  13.7866   2.2498   2.4374 -13.0839  -0.3965  -6.0954  -6.0950   1.0763   0.0000  -0.0299   1.4217    0.245
    16  14.7941   2.0502   1.8970 -11.4117  -0.4271  -5.8481  -5.8477   1.1101   0.0000  -0.0451   1.3443    0.242
    17  15.6315   1.8843   1.4027  -9.5575  -0.4864  -5.3562  -5.3558   1.1643   0.0000  -0.0713   1.1949    0.237
    18  16.2783   1.7561   0.9575  -7.4462  -0.5680  -4.5187  -4.5184   1.2070   0.0000  -0.1038   0.9548    0.227
    19  16.8016   1.3043   0.6198  -4.7991  -0.5158  -3.8835  -3.8820   0.8271   0.0000  -0.1514   0.7183    0.211
    20  17.1200   0.8402   0.1342  -1.6116  -0.4603  -1.9852  -1.9845   0.2091   0.0000  -0.1391   0.3182    0.180

  Surface # 2     main_wing (YDUP)                        
     # Chordwise = 10   # Spanwise = 20     First strip = 21
     Surface area =   63.790974       Ave. chord =    3.717419
     CLsurf  =  -2.14495     Clsurf  =  -0.47179
     CYsurf  =  -0.08039     Cmsurf  =   0.36256
     CDsurf  =   0.09648     Cnsurf  =  -0.18314
     CDisurf =   0.09648     CDvsurf =   0.00000

  Forces referred to Ssurf, Cave about hinge axis thru LE
     CLsurf  =  -4.19863     CDsurf  =   0.18884
     Deflect =

 Strip Forces referred to Strip Area, Chord
    j      Yle    Chord     Area     c cl      ai      cl_norm  cl       cd       cdv    cm_c/4    cm_LE  C.P.x/c
    21  -0.0271   7.7411   0.8376 -17.0102  -0.5258   4.9891   4.9886 -40.9472   0.0000   1.2701  -1.7898   -0.005
    22  -0.2428   7.5905   2.4436 -18.4936  -0.4085  -1.9453  -1.9451  -2.9997   0.0000   1.3298  -1.9073    0.934
    23  -0.6690   7.2932   3.8488 -18.1506  -0.2325  -2.4693  -2.4691  -0.3290   0.0000   1.3027  -1.8934    0.778
    24  -1.2950   6.8563   4.9402 -17.1960  -0.0217  -2.5973  -2.5971   0.2852   0.0000   1.1503  -1.7483    0.693
    25  -2.1056   6.2906   5.6339 -16.1709   0.1875  -2.6724  -2.6722   0.3509   0.0000   0.8338  -1.4523    0.562
    26  -3.0065   5.6619   5.0672 -15.5274   0.2528  -2.8865  -2.8863   0.5759   0.0000   0.4837  -1.1502    0.418
    27  -3.9586   4.9974   5.0150 -15.9552   0.0738  -3.3910  -3.3907   0.8436   0.0000   0.2513  -1.0324    0.324
    28  -5.0073   4.2656   4.6382 -17.1761  -0.1680  -4.3036  -4.3032   1.2159   0.0000   0.0934  -1.0821    0.272
    29  -6.1989   3.7534   4.8429 -18.0921  -0.3848  -5.1657  -5.1653   1.5355   0.0000  -0.0146  -1.1886    0.247
    30  -7.5095   3.4937   4.6216 -18.2755  -0.4569  -5.5551  -5.5548   1.3785   0.0000  -0.0287  -1.2771    0.245
    31  -8.8364   3.2307   4.2738 -17.8619  -0.4601  -5.8378  -5.8375   1.2672   0.0000  -0.0264  -1.3537    0.245
    32 -10.1470   2.9710   3.8335 -17.0370  -0.4326  -6.0307  -6.0303   1.1768   0.0000  -0.0217  -1.4097    0.246
    33 -11.4090   2.7210   3.3357 -15.9308  -0.4060  -6.1425  -6.1421   1.1169   0.0000  -0.0211  -1.4403    0.247
    34 -12.6340   2.4782   3.0105 -14.6056  -0.3917  -6.1750  -6.1746   1.0785   0.0000  -0.0230  -1.4481    0.246
    35 -13.7866   2.2498   2.4374 -13.0838  -0.3965  -6.0953  -6.0949   1.0763   0.0000  -0.0299  -1.4217    0.245
    36 -14.7941   2.0502   1.8970 -11.4116  -0.4271  -5.8481  -5.8477   1.1101   0.0000  -0.0451  -1.3443    0.242
    37 -15.6315   1.8843   1.4027  -9.5575  -0.4864  -5.3561  -5.3558   1.1643   0.0000  -0.0713  -1.1949    0.237
    38 -16.2783   1.7561   0.9575  -7.4462  -0.5679  -4.5187  -4.5184   1.2070   0.0000  -0.1038  -0.9548    0.227
    39 -16.8016   1.3043   0.6198  -4.7991  -0.5158  -3.8834  -3.8820   0.8271   0.0000  -0.1514  -0.7183    0.211
    40 -17.1200   0.8402   0.1342  -1.6116  -0.4603  -1.9852  -1.9845   0.2091   0.0000  -0.1391  -0.3182    0.180

  Surface # 3     horizontal_stabilizer                   
     # Chordwise = 10   # Spanwise = 20     First strip = 41
     Surface area =   20.072786       Ave. chord =    2.827143
     CLsurf  =   0.24570     Clsurf  =  -0.02158
     CYsurf  =  -0.00991     Cmsurf  =  -1.07574
     CDsurf  =  -0.01976     Cnsurf  =   0.00036
     CDisurf =  -0.01976     CDvsurf =   0.00000

  Forces referred to Ssurf, Cave about hinge axis thru LE
     CLsurf  =   1.52855     CDsurf  =  -0.12294
     Deflect =

 Strip Forces referred to Strip Area, Chord
    j      Yle    Chord     Area     c cl      ai      cl_norm  cl       cd       cdv    cm_c/4    cm_LE  C.P.x/c
    41   0.0103   4.6946   0.1934   5.4285   0.1340   1.1368   1.1366   0.2128   0.0000   0.0194  -0.2670    0.233
    42   0.0924   4.6512   0.5701   5.3822   0.1293   1.1739   1.1737   0.0075   0.0000   0.0191  -0.2675    0.234
    43   0.2547   4.5656   0.9173   5.3699   0.1246   1.1966   1.1964  -0.0120   0.0000   0.0200  -0.2713    0.233
    44   0.4930   4.4399   1.2180   5.3465   0.1213   1.2281   1.2279  -0.0288   0.0000   0.0210  -0.2772    0.233
    45   0.8160   4.2695   1.5847   5.3033   0.1171   1.2691   1.2689  -0.0433   0.0000   0.0220  -0.2857    0.233
    46   1.2202   4.0563   1.7628   5.2303   0.1009   1.3193   1.3191  -0.0555   0.0000   0.0229  -0.2965    0.233
    47   1.6825   3.8123   1.8577   5.1256   0.0598   1.3781   1.3779  -0.0718   0.0000   0.0235  -0.3095    0.233
    48   2.1917   3.5437   1.8711   4.9907   0.0114   1.4455   1.4452  -0.0860   0.0000   0.0240  -0.3248    0.233
    49   2.7353   3.2569   1.8099   4.8205  -0.0096   1.5207   1.5204  -0.0993   0.0000   0.0251  -0.3415    0.234
    50   3.2997   2.9591   1.6859   4.6285  -0.0109   1.6108   1.6105  -0.1260   0.0000   0.0267  -0.3607    0.233
    51   3.8713   2.6576   1.5141   4.4093  -0.0101   1.7152   1.7149  -0.1712   0.0000   0.0291  -0.3818    0.233
    52   4.4357   2.3597   1.3114   4.1444  -0.0126   1.8188   1.8186  -0.1994   0.0000   0.0325  -0.4026    0.232
    53   4.9793   2.0730   1.0945   3.8425  -0.0182   1.9278   1.9275  -0.2569   0.0000   0.0358  -0.4234    0.231
    54   5.4885   1.8043   0.8792   3.4757  -0.0250   2.0100   2.0096  -0.3041   0.0000   0.0393  -0.4378    0.230
    55   5.9508   1.5604   0.6781   3.0435  -0.0297   2.0400   2.0396  -0.3351   0.0000   0.0445  -0.4388    0.228
    56   6.3550   1.3472   0.5000   2.5431  -0.0287   1.9763   1.9760  -0.3359   0.0000   0.0523  -0.4155    0.224
    57   6.6617   1.1853   0.2890   2.0113  -0.0200   1.7761   1.7758  -0.2996   0.0000   0.0616  -0.3590    0.215
    58   6.8736   1.0735   0.1917   1.4782  -0.0055   1.4413   1.4411  -0.2435   0.0000   0.0655  -0.2760    0.205
    59   7.0178   0.9975   0.1087   0.9062   0.0115   0.9470   0.9469  -0.1382   0.0000   0.0564  -0.1691    0.190
    60   7.0908   0.9589   0.0351   0.3063   0.0259   0.3319   0.3318  -0.0425   0.0000   0.0237  -0.0556    0.179

  Surface # 4     horizontal_stabilizer (YDUP)            
     # Chordwise = 10   # Spanwise = 20     First strip = 61
     Surface area =   20.072786       Ave. chord =    2.827143
     CLsurf  =   0.24570     Clsurf  =   0.02158
     CYsurf  =   0.00991     Cmsurf  =  -1.07574
     CDsurf  =  -0.01976     Cnsurf  =  -0.00036
     CDisurf =  -0.01976     CDvsurf =   0.00000

  Forces referred to Ssurf, Cave about hinge axis thru LE
     CLsurf  =   1.52855     CDsurf  =  -0.12294
     Deflect =

 Strip Forces referred to Strip Area, Chord
    j      Yle    Chord     Area     c cl      ai      cl_norm  cl       cd       cdv    cm_c/4    cm_LE  C.P.x/c
    61  -0.0103   4.6946   0.1934   5.4285   0.1340   1.1368   1.1366   0.2128   0.0000   0.0194   0.2670    0.233
    62  -0.0924   4.6512   0.5701   5.3822   0.1293   1.1739   1.1737   0.0074   0.0000   0.0191   0.2675    0.234
    63  -0.2547   4.5656   0.9173   5.3699   0.1246   1.1966   1.1964  -0.0120   0.0000   0.0200   0.2713    0.233
    64  -0.4930   4.4399   1.2180   5.3465   0.1213   1.2281   1.2279  -0.0288   0.0000   0.0210   0.2772    0.233
    65  -0.8160   4.2695   1.5847   5.3033   0.1171   1.2691   1.2689  -0.0433   0.0000   0.0220   0.2857    0.233
    66  -1.2202   4.0563   1.7628   5.2303   0.1009   1.3193   1.3191  -0.0555   0.0000   0.0229   0.2965    0.233
    67  -1.6825   3.8123   1.8577   5.1256   0.0598   1.3781   1.3779  -0.0718   0.0000   0.0235   0.3095    0.233
    68  -2.1917   3.5437   1.8711   4.9907   0.0114   1.4454   1.4452  -0.0860   0.0000   0.0240   0.3248    0.233
    69  -2.7353   3.2569   1.8099   4.8205  -0.0096   1.5207   1.5204  -0.0993   0.0000   0.0251   0.3415    0.234
    70  -3.2997   2.9591   1.6859   4.6285  -0.0109   1.6108   1.6105  -0.1260   0.0000   0.0267   0.3607    0.233
    71  -3.8713   2.6576   1.5141   4.4093  -0.0101   1.7152   1.7149  -0.1712   0.0000   0.0291   0.3818    0.233
    72  -4.4357   2.3597   1.3114   4.1444  -0.0126   1.8188   1.8186  -0.1994   0.0000   0.0325   0.4026    0.232
    73  -4.9793   2.0730   1.0945   3.8425  -0.0182   1.9278   1.9275  -0.2569   0.0000   0.0358   0.4234    0.231
    74  -5.4885   1.8043   0.8792   3.4757  -0.0250   2.0100   2.0096  -0.3041   0.0000   0.0393   0.4378    0.230
    75  -5.9508   1.5604   0.6781   3.0435  -0.0297   2.0400   2.0396  -0.3351   0.0000   0.0445   0.4388    0.228
    76  -6.3550   1.3472   0.5000   2.5430  -0.0287   1.9763   1.9760  -0.3359   0.0000   0.0523   0.4155    0.224
    77  -6.6617   1.1853   0.2890   2.0113  -0.0200   1.7761   1.7758  -0.2996   0.0000   0.0616   0.3590    0.215
    78  -6.8736   1.0735   0.1917   1.4781  -0.0055   1.4413   1.4411  -0.2435   0.0000   0.0655   0.2760    0.205
    79  -7.0178   0.9975   0.1087   0.9062   0.0115   0.9470   0.9469  -0.1382   0.0000   0.0564   0.1691    0.190
    80  -7.0908   0.9589   0.0351   0.3063   0.0259   0.3319   0.3318  -0.0425   0.0000   0.0237   0.0556    0.179

  Surface # 5     vertical_stabilizer                     
     # Chordwise = 10   # Spanwise = 20     First strip = 81
     Surface area =   26.974527       Ave. chord =    3.612513
     CLsurf  =   0.00000     Clsurf  =  -0.00000
     CYsurf  =  -0.00000     Cmsurf  =  -0.00000
     CDsurf  =  -0.00000     Cnsurf  =   0.00000
     CDisurf =  -0.00000     CDvsurf =   0.00000

  Forces referred to Ssurf, Cave about hinge axis thru LE
     CLsurf  =   0.00000     CDsurf  =  -0.00000
     Deflect =

 Strip Forces referred to Strip Area, Chord
    j      Yle    Chord     Area     c cl      ai      cl_norm  cl       cd       cdv    cm_c/4    cm_LE  C.P.x/c
    81   0.0000   8.1033   0.7081   0.0000  -0.0000   0.0000   0.0000  -0.0000   0.0000  -0.0000  -0.0000    0.316
    82   0.0000   7.7953   1.2357   0.0000   0.0000   0.0000   0.0000  -0.0000   0.0000  -0.0000  -0.0000    0.319
    83   0.0000   7.3128   1.6577   0.0000  -0.0000   0.0000   0.0000  -0.0000   0.0000  -0.0000  -0.0000    0.267
    84   0.0000   6.6651   1.9342   0.0000  -0.0000   0.0000   0.0000  -0.0000   0.0000  -0.0000  -0.0000    0.270
    85   0.0000   5.8661   2.0384   0.0000  -0.0000   0.0000   0.0000  -0.0000   0.0000  -0.0000  -0.0000    0.326
    86   0.0000   4.9330   1.9589   0.0000  -0.0000   0.0000   0.0000  -0.0000   0.0000  -0.0000  -0.0000    0.372
    87   0.0000   4.2949   2.2317   0.0000  -0.0000   0.0000   0.0000  -0.0000   0.0000   0.0000  -0.0000    0.207
    88   0.0000   4.0244   2.2380   0.0000  -0.0000   0.0000   0.0000  -0.0000   0.0000   0.0000  -0.0000    0.189
    89   0.0000   3.7387   2.1678   0.0000  -0.0000   0.0000   0.0000  -0.0000   0.0000   0.0000  -0.0000    0.237
    90   0.0000   3.4444   2.0327   0.0000  -0.0000   0.0000   0.0000  -0.0000   0.0000  -0.0000  -0.0000    0.265
    91   0.0000   3.1483   1.8474   0.0000  -0.0000   0.0000   0.0000  -0.0000   0.0000   0.0000  -0.0000    0.235
    92   0.0000   2.8574   1.6279   0.0000  -0.0000   0.0000   0.0000  -0.0000   0.0000   0.0000  -0.0000    0.247
    93   0.0000   2.5785   1.3906   0.0000  -0.0000   0.0000   0.0000  -0.0000   0.0000   0.0000  -0.0000    0.232
    94   0.0000   2.3180   1.1503   0.0000  -0.0000   0.0000   0.0000  -0.0000   0.0000  -0.0000  -0.0000    0.259
    95   0.0000   2.0821   0.9193   0.0000  -0.0000   0.0000   0.0000  -0.0000   0.0000   0.0000  -0.0000    0.250
    96   0.0000   1.8763   0.7063   0.0000  -0.0000   0.0000   0.0000  -0.0000   0.0000   0.0000  -0.0000    0.240
    97   0.0000   1.7056   0.5158   0.0000  -0.0000   0.0000   0.0000  -0.0000   0.0000   0.0000  -0.0000    0.233
    98   0.0000   1.5739   0.3482   0.0000  -0.0000   0.0000   0.0000  -0.0000   0.0000   0.0000  -0.0000    0.231
    99   0.0000   1.4843   0.2002   0.0000  -0.0000   0.0000   0.0000  -0.0000   0.0000   0.0000  -0.0000    0.216
   100   0.0000   1.4389   0.0652   0.0000  -0.0000   0.0000   0.0000  -0.0000   0.0000   0.0000  -0.0000    0.209

  Surface # 6     fuselage_horizontal                     
     # Chordwise = 10   # Spanwise = 10     First strip =101
     Surface area =  112.392822       Ave. chord =   30.376440
     CLsurf  =   0.00806     Clsurf  =  -0.00000
     CYsurf  =  -0.00000     Cmsurf  =  -0.01706
     CDsurf  =  -0.01066     Cnsurf  =   0.00000
     CDisurf =  -0.01066     CDvsurf =   0.00000

  Forces referred to Ssurf, Cave about hinge axis thru LE
     CLsurf  =   0.00896     CDsurf  =  -0.01184
     Deflect =

 Strip Forces referred to Strip Area, Chord
    j      Yle    Chord     Area     c cl      ai      cl_norm  cl       cd       cdv    cm_c/4    cm_LE  C.P.x/c
   101  -1.6650  21.5445   7.9715  -0.0105   0.3786  -0.1205  -0.0089   0.0475   0.0000  -0.0052  -0.0005   -0.333
   102  -1.2950  27.3129  10.1058  -0.2414   0.3899  -0.0868  -0.0211   0.0687   0.0000  -0.0016   0.0001    0.176
   103  -0.9250  31.3629  11.6043   0.0465   0.3402  -0.0128  -0.0059   0.0419   0.0000  -0.0034  -0.0010   -0.325
   104  -0.5550  34.6182  12.8087   0.3941   0.0680   0.0189   0.0145  -0.0167   0.0000  -0.0033  -0.0023    0.480
   105  -0.1850  37.0437  13.7062   0.8390  -0.0200   0.0489   0.0489  -0.1467   0.0000  -0.0047  -0.0063    0.347
   106   0.1850  37.0437  13.7062   0.8390  -0.0200   0.0489   0.0489  -0.1467   0.0000  -0.0047  -0.0063    0.347
   107   0.5550  34.6182  12.8087   0.3941   0.0680   0.0189   0.0145  -0.0167   0.0000  -0.0033  -0.0023    0.480
   108   0.9250  31.3629  11.6043   0.0465   0.3402  -0.0128  -0.0059   0.0419   0.0000  -0.0034  -0.0010   -0.325
   109   1.2950  27.3129  10.1058  -0.2415   0.3899  -0.0868  -0.0211   0.0687   0.0000  -0.0016   0.0001    0.176
   110   1.6650  21.5445   7.9715  -0.0105   0.3786  -0.1205  -0.0089   0.0475   0.0000  -0.0052  -0.0005   -0.333

  Surface # 7     fuselage_vertical                       
     # Chordwise = 10   # Spanwise = 10     First strip =111
     Surface area =  114.215408       Ave. chord =   30.376440
     CLsurf  =  -0.00000     Clsurf  =   0.00000
     CYsurf  =  -0.00000     Cmsurf  =   0.00000
     CDsurf  =  -0.00000     Cnsurf  =   0.00000
     CDisurf =  -0.00000     CDvsurf =   0.00000

  Forces referred to Ssurf, Cave about hinge axis thru LE
     CLsurf  =   0.00000     CDsurf  =  -0.00000
     Deflect =

 Strip Forces referred to Strip Area, Chord
    j      Yle    Chord     Area     c cl      ai      cl_norm  cl       cd       cdv    cm_c/4    cm_LE  C.P.x/c
   111   0.0000  21.5445   8.1007  -0.0000   0.0000  -0.0000  -0.0000  -0.0000   0.0000   0.0000   0.0000    1.281
   112   0.0000  27.3129  10.2696  -0.0000  -0.0001  -0.0000  -0.0000   0.0000   0.0000   0.0000   0.0000
   113   0.0000  31.3629  11.7925  -0.0000  -0.0000  -0.0000  -0.0000  -0.0000   0.0000   0.0000   0.0000
   114   0.0000  34.6182  13.0164  -0.0000  -0.0000  -0.0000  -0.0000  -0.0000   0.0000   0.0000   0.0000
   115   0.0000  37.0437  13.9284   0.0000  -0.0000   0.0000   0.0000  -0.0000   0.0000   0.0000   0.0000   -0.698
   116   0.0000  37.0437  13.9284   0.0000  -0.0000   0.0000   0.0000  -0.0000   0.0000  -0.0000  -0.0000    0.740
   117   0.0000  34.6182  13.0164   0.0000  -0.0000   0.0000   0.0000  -0.0000   0.0000  -0.0000  -0.0000    0.756
   118   0.0000  31.3629  11.7925   0.0000  -0.0000   0.0000   0.0000  -0.0000   0.0000  -0.0000  -0.0000    0.755
   119   0.0000  27.3129  10.2696   0.0000   0.0000   0.0000   0.0000  -0.0000   0.0000  -0.0000  -0.0000    0.792
   120   0.0000  21.5445   8.1007   0.0000   0.0000   0.0001   0.0000  -0.0000   0.0000  -0.0000  -0.0000    0.796
 ---------------------------------------------------------------
