 ---------------------------------------------------------------
 Surface and Strip Forces by surface

  Forces referred to Sref, Cref, Bref about Xref, Yref, Zref
 Standard axis orientation,  X fwd, Z down         

  Surface # 1     main_wing                               
     # Chordwise = 10   # Spanwise = 30     First strip =  1
     Surface area =   63.793327       Ave. chord =    3.717556
     CLsurf  =  -3.15432     Clsurf  =   0.69092
     CYsurf  =   0.05196     Cmsurf  =   0.41382
     CDsurf  =   0.38862     Cnsurf  =   0.16670
     CDisurf =   0.38862     CDvsurf =   0.00000

  Forces referred to Ssurf, Cave about hinge axis thru LE
     CLsurf  =  -6.17404     CDsurf  =   0.76065
     Deflect =

 Strip Forces referred to Strip Area, Chord
    j      Yle    Chord     Area     c cl      ai      cl_norm  cl       cd       cdv    cm_c/4    cm_LE  C.P.x/c
     1   0.0123   7.7514   0.3815 -25.0797  -0.9111  -7.1854  -7.1847 ********   0.0000   1.0814   1.8593    0.401
     2   0.1106   7.6828   1.1303 -29.3635  -0.8451  -4.1813  -4.1809 -10.2126   0.0000   1.2138   2.1338    0.540
     3   0.3062   7.5463   1.8369 -29.5315  -0.7289  -3.9782  -3.9778  -1.7777   0.0000   1.2127   2.1552    0.555
     4   0.5968   7.3435   2.4751 -29.2783  -0.5702  -3.9713  -3.9709   0.5285   0.0000   1.1575   2.1190    0.541
     5   0.9793   7.0766   3.0215 -27.6356  -0.3637  -3.8461  -3.8457   1.7721   0.0000   1.0362   1.9796    0.519
     6   1.4496   6.7484   3.4567 -27.9905  -0.1148  -4.1236  -4.1232   0.7743   0.0000   0.8481   1.8542    0.456
     7   1.9610   6.3915   3.2367 -26.8911   0.0175  -4.1670  -4.1667   1.2381   0.0000   0.6253   1.6497    0.400
     8   2.4995   6.0157   3.4229 -27.1471  -0.0093  -4.4846  -4.4842   0.8940   0.0000   0.4922   1.5938    0.360
     9   3.0975   5.5984   3.5010 -26.2662  -0.0530  -4.6404  -4.6399   1.5649   0.0000   0.3613   1.5091    0.328
    10   3.7485   5.1441   3.4716 -26.8479  -0.1214  -5.1704  -5.1699   1.5015   0.0000   0.2421   1.5216    0.297
    11   4.4453   4.6578   3.3395 -26.4380  -0.2160  -5.6215  -5.6210   1.6770   0.0000   0.1448   1.5382    0.276
    12   5.1804   4.1448   3.1137 -26.8860  -0.3283  -6.4069  -6.4063   2.4165   0.0000   0.0356   1.6302    0.256
    13   6.0123   3.7903   3.4546 -27.1418  -0.4564  -7.0775  -7.0771   2.5230   0.0000  -0.0255   1.7618    0.246
    14   6.9353   3.6074   3.3620 -27.0236  -0.5216  -7.4124  -7.4120   2.3955   0.0000  -0.0428   1.8269    0.244
    15   7.8737   3.4215   3.2240 -26.5692  -0.5483  -7.6910  -7.6906   2.2767   0.0000  -0.0458   1.8925    0.244
    16   8.8173   3.2345   3.0478 -25.8404  -0.5456  -7.9182  -7.9177   2.1782   0.0000  -0.0445   1.9495    0.244
    17   9.7557   3.0486   2.8411 -24.8894  -0.5288  -8.0970  -8.0965   2.0829   0.0000  -0.0421   1.9957    0.245
    18  10.6786   2.8657   2.6118 -23.7572  -0.5092  -8.2257  -8.2252   2.0071   0.0000  -0.0408   2.0285    0.245
    19  11.5760   2.6879   2.3677 -22.4819  -0.4939  -8.3018  -8.3013   1.9477   0.0000  -0.0412   2.0465    0.245
    20  12.4467   2.5153   2.1582 -21.0791  -0.4852  -8.3193  -8.3188   1.9066   0.0000  -0.0443   2.0474    0.245
    21  13.2645   2.3533   1.8259 -19.5816  -0.4864  -8.2606  -8.2601   1.8886   0.0000  -0.0509   2.0260    0.244
    22  14.0130   2.2050   1.5853 -18.0084  -0.4993  -8.1063  -8.1058   1.8983   0.0000  -0.0619   1.9766    0.242
    23  14.7005   2.0687   1.3533 -16.3344  -0.5255  -7.8336  -7.8332   1.9312   0.0000  -0.0785   1.8923    0.240
    24  15.3195   1.9461   1.1330 -14.5335  -0.5666  -7.4040  -7.4035   1.9784   0.0000  -0.1018   1.7624    0.236
    25  15.8633   1.8383   0.9263 -12.5658  -0.6225  -6.7689  -6.7685   2.0364   0.0000  -0.1306   1.5757    0.231
    26  16.3259   1.7467   0.7336 -10.3865  -0.6915  -5.8761  -5.8758   2.1284   0.0000  -0.1597   1.3248    0.223
    27  16.6722   1.4928   0.4112  -8.0008  -0.6331  -5.3092  -5.3072   1.5951   0.0000  -0.1991   1.0657    0.212
    28  16.9098   1.1466   0.2281  -5.6744  -0.5321  -4.9271  -4.9253   0.7561   0.0000  -0.2450   0.9269    0.200
    29  17.0696   0.9137   0.1099  -3.3882  -0.4843  -3.7060  -3.7046   0.1645   0.0000  -0.2388   0.6429    0.186
    30  17.1499   0.7966   0.0321  -1.1281  -0.4808  -1.4233  -1.4227  -0.1643   0.0000  -0.1106   0.2274    0.172

  Surface # 2     main_wing (YDUP)                        
     # Chordwise = 10   # Spanwise = 30     First strip = 31
     Surface area =   63.793327       Ave. chord =    3.717556
     CLsurf  =  -3.15430     Clsurf  =  -0.69091
     CYsurf  =  -0.05195     Cmsurf  =   0.41382
     CDsurf  =   0.38859     Cnsurf  =  -0.16670
     CDisurf =   0.38859     CDvsurf =   0.00000

  Forces referred to Ssurf, Cave about hinge axis thru LE
     CLsurf  =  -6.17399     CDsurf  =   0.76059
     Deflect =

 Strip Forces referred to Strip Area, Chord
    j      Yle    Chord     Area     c cl      ai      cl_norm  cl       cd       cdv    cm_c/4    cm_LE  C.P.x/c
    31  -0.0123   7.7514   0.3815 -25.0797  -0.9103  -7.1854  -7.1847 ********   0.0000   1.0814  -1.8593    0.401
    32  -0.1106   7.6828   1.1303 -29.3634  -0.8450  -4.1813  -4.1809 -10.2129   0.0000   1.2138  -2.1338    0.540
    33  -0.3062   7.5463   1.8369 -29.5314  -0.7289  -3.9782  -3.9778  -1.7778   0.0000   1.2127  -2.1552    0.555
    34  -0.5968   7.3435   2.4751 -29.2781  -0.5701  -3.9713  -3.9709   0.5284   0.0000   1.1575  -2.1190    0.541
    35  -0.9793   7.0766   3.0215 -27.6354  -0.3637  -3.8460  -3.8457   1.7721   0.0000   1.0362  -1.9796    0.519
    36  -1.4496   6.7484   3.4567 -27.9903  -0.1148  -4.1236  -4.1232   0.7743   0.0000   0.8481  -1.8542    0.456
    37  -1.9610   6.3915   3.2367 -26.8909   0.0175  -4.1670  -4.1666   1.2381   0.0000   0.6253  -1.6497    0.400
    38  -2.4995   6.0157   3.4229 -27.1469  -0.0093  -4.4846  -4.4842   0.8940   0.0000   0.4922  -1.5938    0.360
    39  -3.0975   5.5984   3.5010 -26.2660  -0.0530  -4.6403  -4.6399   1.5649   0.0000   0.3613  -1.5091    0.328
    40  -3.7485   5.1441   3.4716 -26.8477  -0.1214  -5.1703  -5.1699   1.5015   0.0000   0.2421  -1.5216    0.297
    41  -4.4453   4.6578   3.3395 -26.4378  -0.2160  -5.6215  -5.6210   1.6770   0.0000   0.1448  -1.5382    0.276
    42  -5.1804   4.1448   3.1137 -26.8857  -0.3282  -6.4068  -6.4062   2.4164   0.0000   0.0356  -1.6302    0.256
    43  -6.0123   3.7903   3.4546 -27.1417  -0.4564  -7.0775  -7.0770   2.5230   0.0000  -0.0255  -1.7617    0.246
    44  -6.9353   3.6074   3.3620 -27.0234  -0.5216  -7.4124  -7.4119   2.3954   0.0000  -0.0428  -1.8269    0.244
    45  -7.8737   3.4215   3.2240 -26.5690  -0.5483  -7.6910  -7.6905   2.2767   0.0000  -0.0458  -1.8924    0.244
    46  -8.8173   3.2345   3.0478 -25.8402  -0.5456  -7.9181  -7.9176   2.1782   0.0000  -0.0445  -1.9495    0.244
    47  -9.7557   3.0486   2.8411 -24.8891  -0.5288  -8.0969  -8.0964   2.0828   0.0000  -0.0421  -1.9957    0.245
    48 -10.6786   2.8657   2.6118 -23.7570  -0.5092  -8.2256  -8.2251   2.0070   0.0000  -0.0408  -2.0284    0.245
    49 -11.5760   2.6879   2.3677 -22.4817  -0.4939  -8.3017  -8.3012   1.9477   0.0000  -0.0412  -2.0465    0.245
    50 -12.4467   2.5153   2.1582 -21.0789  -0.4852  -8.3192  -8.3187   1.9065   0.0000  -0.0443  -2.0474    0.245
    51 -13.2645   2.3533   1.8259 -19.5814  -0.4864  -8.2605  -8.2600   1.8885   0.0000  -0.0509  -2.0260    0.244
    52 -14.0130   2.2050   1.5853 -18.0082  -0.4993  -8.1062  -8.1057   1.8983   0.0000  -0.0619  -1.9766    0.242
    53 -14.7005   2.0687   1.3533 -16.3341  -0.5255  -7.8335  -7.8330   1.9311   0.0000  -0.0785  -1.8923    0.240
    54 -15.3195   1.9461   1.1330 -14.5333  -0.5666  -7.4039  -7.4034   1.9783   0.0000  -0.1018  -1.7623    0.236
    55 -15.8633   1.8383   0.9263 -12.5656  -0.6225  -6.7688  -6.7684   2.0363   0.0000  -0.1306  -1.5757    0.231
    56 -16.3259   1.7467   0.7336 -10.3864  -0.6915  -5.8760  -5.8757   2.1283   0.0000  -0.1597  -1.3248    0.223
    57 -16.6722   1.4928   0.4112  -8.0007  -0.6331  -5.3091  -5.3072   1.5951   0.0000  -0.1991  -1.0657    0.212
    58 -16.9098   1.1466   0.2281  -5.6743  -0.5321  -4.9271  -4.9253   0.7561   0.0000  -0.2450  -0.9269    0.200
    59 -17.0696   0.9137   0.1099  -3.3882  -0.4843  -3.7059  -3.7046   0.1645   0.0000  -0.2388  -0.6429    0.186
    60 -17.1499   0.7966   0.0321  -1.1281  -0.4808  -1.4232  -1.4227  -0.1643   0.0000  -0.1106  -0.2274    0.172

  Surface # 3     horizontal_stabilizer                   
     # Chordwise = 10   # Spanwise = 30     First strip = 61
     Surface area =   20.071465       Ave. chord =    2.826957
     CLsurf  =   0.20487     Clsurf  =  -0.01818
     CYsurf  =   0.00753     Cmsurf  =  -0.92516
     CDsurf  =  -0.04763     Cnsurf  =  -0.00839
     CDisurf =  -0.04763     CDvsurf =   0.00000

  Forces referred to Ssurf, Cave about hinge axis thru LE
     CLsurf  =   1.27432     CDsurf  =  -0.29633
     Deflect =

 Strip Forces referred to Strip Area, Chord
    j      Yle    Chord     Area     c cl      ai      cl_norm  cl       cd       cdv    cm_c/4    cm_LE  C.P.x/c
    61   0.0046   4.6976   0.0861   4.5510  -0.1674   0.9788   0.9786   0.2645   0.0000   0.0181  -0.2218    0.231
    62   0.0412   4.6783   0.2563   4.4717  -0.1688   0.9524   0.9523  -0.1181   0.0000   0.0168  -0.2199    0.232
    63   0.1140   4.6399   0.4206   4.4625  -0.1709   0.9575   0.9574  -0.1428   0.0000   0.0171  -0.2211    0.232
    64   0.2222   4.5828   0.5752   4.4586  -0.1723   0.9682   0.9680  -0.1569   0.0000   0.0177  -0.2232    0.232
    65   0.3647   4.5076   0.7167   4.4518  -0.1721   0.9826   0.9824  -0.1656   0.0000   0.0185  -0.2261    0.231
    66   0.5398   4.4152   0.8422   4.4445  -0.1697   1.0014   1.0012  -0.1728   0.0000   0.0193  -0.2299    0.231
    67   0.7511   4.3037   0.9974   4.4309  -0.1645   1.0239   1.0237  -0.1854   0.0000   0.0203  -0.2347    0.230
    68   0.9975   4.1737   1.0868   4.4113  -0.1570   1.0509   1.0508  -0.1947   0.0000   0.0213  -0.2404    0.230
    69   1.2712   4.0293   1.1531   4.3865  -0.1502   1.0822   1.0820  -0.2087   0.0000   0.0224  -0.2472    0.229
    70   1.5691   3.8721   1.1959   4.3569  -0.1482   1.1184   1.1183  -0.2180   0.0000   0.0237  -0.2550    0.229
    71   1.8880   3.7039   1.2153   4.3171  -0.1524   1.1583   1.1582  -0.2321   0.0000   0.0250  -0.2637    0.228
    72   2.2244   3.5264   1.2123   4.2629  -0.1582   1.2008   1.2006  -0.2562   0.0000   0.0262  -0.2732    0.228
    73   2.5747   3.3416   1.1886   4.2188  -0.1594   1.2543   1.2541  -0.2622   0.0000   0.0281  -0.2846    0.228
    74   2.9349   3.1516   1.1463   4.1503  -0.1559   1.3079   1.3077  -0.2877   0.0000   0.0298  -0.2964    0.227
    75   3.3011   2.9584   1.0879   4.0593  -0.1507   1.3618   1.3616  -0.3253   0.0000   0.0312  -0.3087    0.227
    76   3.6693   2.7641   1.0165   3.9701  -0.1459   1.4256   1.4254  -0.3375   0.0000   0.0335  -0.3222    0.226
    77   4.0356   2.5709   0.9351   3.8479  -0.1425   1.4842   1.4839  -0.3927   0.0000   0.0352  -0.3355    0.226
    78   4.3958   2.3808   0.8469   3.7136  -0.1408   1.5458   1.5455  -0.4356   0.0000   0.0374  -0.3490    0.226
    79   4.7460   2.1961   0.7550   3.5619  -0.1408   1.6077   1.6075  -0.4435   0.0000   0.0399  -0.3618    0.225
    80   5.0824   2.0186   0.6623   3.3757  -0.1423   1.6569   1.6566  -0.4791   0.0000   0.0421  -0.3722    0.225
    81   5.4013   1.8503   0.5714   3.1671  -0.1448   1.6955   1.6952  -0.5001   0.0000   0.0444  -0.3796    0.224
    82   5.6992   1.6931   0.4845   2.9329  -0.1477   1.7149   1.7146  -0.5339   0.0000   0.0468  -0.3823    0.223
    83   5.9729   1.5487   0.4033   2.6776  -0.1503   1.7112   1.7110  -0.5425   0.0000   0.0499  -0.3784    0.221
    84   6.2193   1.4187   0.3288   2.4025  -0.1518   1.6763   1.6760  -0.5280   0.0000   0.0535  -0.3661    0.218
    85   6.4358   1.3045   0.2616   2.1082  -0.1514   1.5991   1.5988  -0.5215   0.0000   0.0571  -0.3433    0.214
    86   6.6379   1.1979   0.2413   1.7872  -0.1487   1.4766   1.4763  -0.4737   0.0000   0.0616  -0.3082    0.208
    87   6.8184   1.1027   0.1754   1.4213  -0.1434   1.2758   1.2756  -0.4051   0.0000   0.0638  -0.2558    0.200
    88   6.9555   1.0303   0.1183   1.0325  -0.1363   0.9925   0.9923  -0.2974   0.0000   0.0595  -0.1890    0.190
    89   7.0478   0.9816   0.0681   0.6272  -0.1284   0.6327   0.6326  -0.1921   0.0000   0.0446  -0.1140    0.180
    90   7.0942   0.9572   0.0222   0.2103  -0.1220   0.2176   0.2176  -0.0665   0.0000   0.0169  -0.0377    0.172

  Surface # 4     horizontal_stabilizer (YDUP)            
     # Chordwise = 10   # Spanwise = 30     First strip = 91
     Surface area =   20.071465       Ave. chord =    2.826957
     CLsurf  =   0.20486     Clsurf  =   0.01818
     CYsurf  =  -0.00753     Cmsurf  =  -0.92514
     CDsurf  =  -0.04763     Cnsurf  =   0.00839
     CDisurf =  -0.04763     CDvsurf =   0.00000

  Forces referred to Ssurf, Cave about hinge axis thru LE
     CLsurf  =   1.27429     CDsurf  =  -0.29632
     Deflect =

 Strip Forces referred to Strip Area, Chord
    j      Yle    Chord     Area     c cl      ai      cl_norm  cl       cd       cdv    cm_c/4    cm_LE  C.P.x/c
    91  -0.0046   4.6976   0.0861   4.5510  -0.1673   0.9788   0.9786   0.2646   0.0000   0.0181   0.2218    0.231
    92  -0.0412   4.6783   0.2563   4.4717  -0.1688   0.9524   0.9523  -0.1181   0.0000   0.0168   0.2199    0.232
    93  -0.1140   4.6399   0.4206   4.4625  -0.1709   0.9575   0.9574  -0.1428   0.0000   0.0171   0.2211    0.232
    94  -0.2222   4.5828   0.5752   4.4586  -0.1723   0.9682   0.9680  -0.1569   0.0000   0.0177   0.2232    0.232
    95  -0.3647   4.5076   0.7167   4.4518  -0.1721   0.9826   0.9824  -0.1656   0.0000   0.0185   0.2261    0.231
    96  -0.5398   4.4152   0.8422   4.4445  -0.1697   1.0014   1.0012  -0.1728   0.0000   0.0193   0.2299    0.231
    97  -0.7511   4.3037   0.9974   4.4309  -0.1645   1.0239   1.0237  -0.1854   0.0000   0.0203   0.2347    0.230
    98  -0.9975   4.1737   1.0868   4.4112  -0.1570   1.0509   1.0508  -0.1947   0.0000   0.0213   0.2404    0.230
    99  -1.2712   4.0293   1.1531   4.3865  -0.1502   1.0822   1.0820  -0.2087   0.0000   0.0224   0.2472    0.229
   100  -1.5691   3.8721   1.1959   4.3568  -0.1482   1.1184   1.1182  -0.2180   0.0000   0.0237   0.2550    0.229
   101  -1.8880   3.7039   1.2153   4.3170  -0.1524   1.1583   1.1581  -0.2321   0.0000   0.0250   0.2637    0.228
   102  -2.2244   3.5264   1.2123   4.2628  -0.1582   1.2008   1.2006  -0.2562   0.0000   0.0262   0.2732    0.228
   103  -2.5747   3.3416   1.1886   4.2187  -0.1594   1.2543   1.2541  -0.2622   0.0000   0.0281   0.2846    0.228
   104  -2.9349   3.1516   1.1463   4.1502  -0.1559   1.3078   1.3076  -0.2877   0.0000   0.0298   0.2964    0.227
   105  -3.3011   2.9584   1.0879   4.0592  -0.1507   1.3618   1.3616  -0.3253   0.0000   0.0312   0.3087    0.227
   106  -3.6693   2.7641   1.0165   3.9699  -0.1459   1.4256   1.4253  -0.3375   0.0000   0.0335   0.3222    0.226
   107  -4.0356   2.5709   0.9351   3.8478  -0.1425   1.4841   1.4839  -0.3927   0.0000   0.0352   0.3355    0.226
   108  -4.3958   2.3808   0.8469   3.7134  -0.1408   1.5457   1.5455  -0.4356   0.0000   0.0374   0.3490    0.226
   109  -4.7460   2.1961   0.7550   3.5618  -0.1408   1.6076   1.6074  -0.4435   0.0000   0.0399   0.3618    0.225
   110  -5.0824   2.0186   0.6623   3.3756  -0.1423   1.6568   1.6566  -0.4791   0.0000   0.0421   0.3722    0.225
   111  -5.4013   1.8503   0.5714   3.1670  -0.1448   1.6954   1.6952  -0.5001   0.0000   0.0444   0.3796    0.224
   112  -5.6992   1.6931   0.4845   2.9328  -0.1477   1.7148   1.7146  -0.5339   0.0000   0.0468   0.3823    0.223
   113  -5.9729   1.5487   0.4033   2.6774  -0.1503   1.7112   1.7109  -0.5425   0.0000   0.0499   0.3784    0.221
   114  -6.2193   1.4187   0.3288   2.4024  -0.1518   1.6762   1.6759  -0.5280   0.0000   0.0535   0.3661    0.218
   115  -6.4358   1.3045   0.2616   2.1081  -0.1514   1.5990   1.5988  -0.5215   0.0000   0.0571   0.3433    0.214
   116  -6.6379   1.1979   0.2413   1.7872  -0.1487   1.4765   1.4763  -0.4737   0.0000   0.0616   0.3082    0.208
   117  -6.8184   1.1027   0.1754   1.4212  -0.1434   1.2757   1.2755  -0.4051   0.0000   0.0638   0.2558    0.200
   118  -6.9555   1.0303   0.1183   1.0324  -0.1363   0.9924   0.9923  -0.2974   0.0000   0.0595   0.1890    0.190
   119  -7.0478   0.9816   0.0681   0.6271  -0.1284   0.6327   0.6326  -0.1921   0.0000   0.0446   0.1140    0.180
   120  -7.0942   0.9572   0.0222   0.2103  -0.1220   0.2176   0.2175  -0.0665   0.0000   0.0169   0.0377    0.172

  Surface # 5     vertical_stabilizer                     
     # Chordwise = 10   # Spanwise = 30     First strip =121
     Surface area =   27.880133       Ave. chord =    3.584947
     CLsurf  =   0.00000     Clsurf  =  -0.00000
     CYsurf  =  -0.00000     Cmsurf  =  -0.00000
     CDsurf  =  -0.00000     Cnsurf  =   0.00000
     CDisurf =  -0.00000     CDvsurf =   0.00000

  Forces referred to Ssurf, Cave about hinge axis thru LE
     CLsurf  =   0.00000     CDsurf  =  -0.00000
     Deflect =

 Strip Forces referred to Strip Area, Chord
    j      Yle    Chord     Area     c cl      ai      cl_norm  cl       cd       cdv    cm_c/4    cm_LE  C.P.x/c
   121   0.0000   8.1257   0.4979   0.0000  -0.0000   0.0000   0.0000  -0.0000   0.0000   0.0000   0.0000
   122   0.0000   7.9240   0.7939   0.0000   0.0000   0.0000   0.0000  -0.0000   0.0000   0.0000   0.0000
   123   0.0000   7.6259   1.0550   0.0000   0.0000   0.0000   0.0000  -0.0000   0.0000   0.0000   0.0000
   124   0.0000   7.2338   1.2682   0.0000  -0.0000   0.0000   0.0000  -0.0000   0.0000   0.0000   0.0000
   125   0.0000   6.7513   1.4226   0.0000  -0.0000   0.0000   0.0000  -0.0000   0.0000   0.0000   0.0000
   126   0.0000   6.1827   1.5094   0.0000  -0.0000   0.0000   0.0000  -0.0000   0.0000   0.0000   0.0000
   127   0.0000   5.5336   1.5228   0.0000  -0.0000   0.0000   0.0000  -0.0000   0.0000   0.0000   0.0000   -0.870
   128   0.0000   4.8100   1.4602   0.0000   0.0000   0.0000   0.0000  -0.0000   0.0000   0.0000   0.0000   -0.496
   129   0.0000   4.3478   1.3898   0.0000   0.0000   0.0000   0.0000  -0.0000   0.0000   0.0000   0.0000   -0.103
   130   0.0000   4.1900   1.4293   0.0000   0.0000   0.0000   0.0000  -0.0000   0.0000   0.0000   0.0000   -0.056
   131   0.0000   4.0228   1.4447   0.0000   0.0000   0.0000   0.0000  -0.0000   0.0000   0.0000   0.0000    0.003
   132   0.0000   3.8479   1.4371   0.0000   0.0000   0.0000   0.0000  -0.0000   0.0000   0.0000  -0.0000    0.056
   133   0.0000   3.6670   1.4082   0.0000   0.0000   0.0000   0.0000  -0.0000   0.0000   0.0000  -0.0000    0.094
   134   0.0000   3.4821   1.3602   0.0000   0.0000   0.0000   0.0000  -0.0000   0.0000   0.0000  -0.0000    0.125
   135   0.0000   3.2949   1.2955   0.0000   0.0000   0.0000   0.0000  -0.0000   0.0000   0.0000  -0.0000    0.141
   136   0.0000   3.1075   1.2172   0.0000   0.0000   0.0000   0.0000  -0.0000   0.0000   0.0000  -0.0000    0.156
   137   0.0000   2.9218   1.1282   0.0000   0.0000   0.0000   0.0000  -0.0000   0.0000   0.0000  -0.0000    0.170
   138   0.0000   2.7397   1.0316   0.0000  -0.0000   0.0000   0.0000  -0.0000   0.0000   0.0000  -0.0000    0.178
   139   0.0000   2.5631   0.9305   0.0000  -0.0000   0.0000   0.0000  -0.0000   0.0000   0.0000  -0.0000    0.183
   140   0.0000   2.3939   0.8277   0.0000  -0.0000   0.0000   0.0000  -0.0000   0.0000   0.0000  -0.0000    0.197
   141   0.0000   2.2338   0.7257   0.0000  -0.0000   0.0000   0.0000  -0.0000   0.0000   0.0000  -0.0000    0.203
   142   0.0000   2.0845   0.6265   0.0000  -0.0000   0.0000   0.0000  -0.0000   0.0000   0.0000  -0.0000    0.200
   143   0.0000   1.9475   0.5319   0.0000  -0.0000   0.0000   0.0000  -0.0000   0.0000   0.0000  -0.0000    0.202
   144   0.0000   1.8243   0.4429   0.0000  -0.0000   0.0000   0.0000  -0.0000   0.0000   0.0000  -0.0000    0.198
   145   0.0000   1.7162   0.3603   0.0000  -0.0000   0.0000   0.0000  -0.0000   0.0000   0.0000  -0.0000    0.198
   146   0.0000   1.6244   0.2840   0.0000  -0.0000   0.0000   0.0000  -0.0000   0.0000   0.0000  -0.0000    0.191
   147   0.0000   1.5497   0.2138   0.0000  -0.0000   0.0000   0.0000  -0.0000   0.0000   0.0000  -0.0000    0.182
   148   0.0000   1.4930   0.1487   0.0000  -0.0000   0.0000   0.0000  -0.0000   0.0000   0.0000  -0.0000    0.178
   149   0.0000   1.4548   0.0875   0.0000  -0.0000   0.0000   0.0000  -0.0000   0.0000   0.0000  -0.0000    0.174
   150   0.0000   1.4357   0.0289   0.0000  -0.0000   0.0000   0.0000  -0.0000   0.0000   0.0000  -0.0000    0.164

  Surface # 6     fuselage_horizontal                     
     # Chordwise = 10   # Spanwise = 10     First strip =151
     Surface area =  123.841209       Ave. chord =   33.112621
     CLsurf  =  -0.00511     Clsurf  =  -0.00000
     CYsurf  =  -0.00000     Cmsurf  =  -0.11252
     CDsurf  =  -0.03223     Cnsurf  =   0.00000
     CDisurf =  -0.03223     CDvsurf =   0.00000

  Forces referred to Ssurf, Cave about hinge axis thru LE
     CLsurf  =  -0.00515     CDsurf  =  -0.03249
     Deflect =

 Strip Forces referred to Strip Area, Chord
    j      Yle    Chord     Area     c cl      ai      cl_norm  cl       cd       cdv    cm_c/4    cm_LE  C.P.x/c
   151  -1.6830  26.5957   9.9468  -0.1056   0.1891  -0.0422  -0.0034   0.0165   0.0000  -0.0144  -0.0018
   152  -1.3090  31.2096  11.6724  -0.0918   0.0028  -0.0119  -0.0031  -0.0035   0.0000  -0.0160  -0.0038
   153  -0.9350  34.0626  12.7394  -0.1515  -0.2153  -0.0128  -0.0053  -0.0233   0.0000  -0.0140  -0.0043
   154  -0.5610  36.1619  13.5246  -0.1573  -0.2984  -0.0101  -0.0060  -0.0476   0.0000  -0.0124  -0.0051
   155  -0.1870  37.5333  14.0374  -0.1588  -0.3303  -0.0084  -0.0072  -0.0852   0.0000  -0.0109  -0.0068
   156   0.1870  37.5333  14.0374  -0.1588  -0.3302  -0.0084  -0.0072  -0.0852   0.0000  -0.0109  -0.0068
   157   0.5610  36.1619  13.5246  -0.1573  -0.2984  -0.0101  -0.0060  -0.0476   0.0000  -0.0124  -0.0051
   158   0.9350  34.0626  12.7394  -0.1515  -0.2153  -0.0128  -0.0053  -0.0233   0.0000  -0.0140  -0.0043
   159   1.3090  31.2096  11.6724  -0.0918   0.0028  -0.0119  -0.0031  -0.0035   0.0000  -0.0160  -0.0038
   160   1.6830  26.5957   9.9468  -0.1056   0.1891  -0.0422  -0.0034   0.0165   0.0000  -0.0144  -0.0018

  Surface # 7     fuselage_vertical                       
     # Chordwise = 10   # Spanwise = 10     First strip =161
     Surface area =  123.841209       Ave. chord =   33.112621
     CLsurf  =  -0.00000     Clsurf  =  -0.00000
     CYsurf  =  -0.00000     Cmsurf  =   0.00000
     CDsurf  =  -0.00000     Cnsurf  =   0.00000
     CDisurf =  -0.00000     CDvsurf =   0.00000

  Forces referred to Ssurf, Cave about hinge axis thru LE
     CLsurf  =   0.00000     CDsurf  =  -0.00000
     Deflect =

 Strip Forces referred to Strip Area, Chord
    j      Yle    Chord     Area     c cl      ai      cl_norm  cl       cd       cdv    cm_c/4    cm_LE  C.P.x/c
   161   0.0000  26.5957   9.9468   0.0000   0.0000   0.0000   0.0000   0.0000   0.0000  -0.0000  -0.0000    0.678
   162   0.0000  31.2096  11.6724   0.0000   0.0001   0.0000   0.0000   0.0000   0.0000  -0.0000  -0.0000    0.671
   163   0.0000  34.0626  12.7394   0.0000  -0.0000   0.0000   0.0000  -0.0000   0.0000  -0.0000  -0.0000    0.685
   164   0.0000  36.1619  13.5246   0.0000  -0.0000   0.0000   0.0000  -0.0000   0.0000  -0.0000  -0.0000    0.680
   165   0.0000  37.5333  14.0374   0.0000  -0.0000   0.0000   0.0000  -0.0000   0.0000  -0.0000  -0.0000    0.668
   166   0.0000  37.5333  14.0374   0.0000  -0.0000   0.0000   0.0000  -0.0000   0.0000  -0.0000  -0.0000    0.631
   167   0.0000  36.1619  13.5246   0.0000  -0.0000   0.0000   0.0000  -0.0000   0.0000  -0.0000  -0.0000    0.616
   168   0.0000  34.0626  12.7394   0.0000  -0.0000   0.0000   0.0000  -0.0000   0.0000  -0.0000  -0.0000    0.586
   169   0.0000  31.2096  11.6724   0.0000   0.0000   0.0000   0.0000  -0.0000   0.0000  -0.0000  -0.0000    0.469
   170   0.0000  26.5957   9.9468   0.0000   0.0000   0.0000   0.0000  -0.0000   0.0000  -0.0000  -0.0000    0.326
 ---------------------------------------------------------------
