 ---------------------------------------------------------------
 Surface and Strip Forces by surface

  Forces referred to Sref, Cref, Bref about Xref, Yref, Zref
 Standard axis orientation,  X fwd, Z down         

  Surface # 1     main_wing                               
     # Chordwise = 10   # Spanwise = 20     First strip =  1
     Surface area =   63.790974       Ave. chord =    3.717419
     CLsurf  =  -3.03851     Clsurf  =   0.67109
     CYsurf  =  -0.00507     Cmsurf  =   0.52094
     CDsurf  =   0.29540     Cnsurf  =   0.17391
     CDisurf =   0.29540     CDvsurf =   0.00000

  Forces referred to Ssurf, Cave about hinge axis thru LE
     CLsurf  =  -5.94745     CDsurf  =   0.57821
     Deflect =

 Strip Forces referred to Strip Area, Chord
    j      Yle    Chord     Area     c cl      ai      cl_norm  cl       cd       cdv    cm_c/4    cm_LE  C.P.x/c
     1   0.0271   7.7411   0.8376 -25.9931  -0.8475  -5.6005  -5.6000 -64.1486   0.0000   1.3884   2.1914    0.498
     2   0.2428   7.5905   2.4436 -28.3607  -0.7287  -3.8985  -3.8981  -4.5681   0.0000   1.4772   2.3719    0.629
     3   0.6690   7.2932   3.8488 -27.9942  -0.5420  -3.8465  -3.8462  -0.1557   0.0000   1.4535   2.3736    0.628
     4   1.2950   6.8563   4.9402 -27.1064  -0.2971  -3.9343  -3.9340   0.6292   0.0000   1.3081   2.2589    0.583
     5   2.1056   6.2906   5.6339 -25.6501  -0.0186  -4.0516  -4.0512   0.8255   0.0000   0.9746   1.9614    0.491
     6   3.0065   5.6619   5.0672 -24.5880   0.1119  -4.3017  -4.3013   1.2603   0.0000   0.5919   1.6501    0.388
     7   3.9586   4.9974   5.0150 -24.2263  -0.0225  -4.7854  -4.7850   1.8820   0.0000   0.2984   1.4857    0.312
     8   5.0073   4.2656   4.6382 -25.3141  -0.2376  -5.8653  -5.8648   2.1004   0.0000   0.1204   1.5778    0.271
     9   6.1989   3.7534   4.8429 -25.9822  -0.4656  -6.8338  -6.8334   2.6688   0.0000  -0.0213   1.7065    0.247
    10   7.5095   3.4937   4.6216 -25.9262  -0.5487  -7.3407  -7.3402   2.4403   0.0000  -0.0464   1.8058    0.244
    11   8.8364   3.2307   4.2738 -25.1869  -0.5578  -7.7219  -7.7214   2.2718   0.0000  -0.0473   1.8985    0.244
    12  10.1470   2.9710   3.8335 -23.9465  -0.5351  -7.9911  -7.9906   2.1270   0.0000  -0.0428   1.9689    0.245
    13  11.4090   2.7210   3.3357 -22.3394  -0.5120  -8.1444  -8.1439   2.0387   0.0000  -0.0442   2.0050    0.245
    14  12.6340   2.4782   3.0105 -20.4271  -0.5012  -8.1792  -8.1787   1.9751   0.0000  -0.0486   2.0087    0.244
    15  13.7866   2.2498   2.4374 -18.2341  -0.5109  -8.0416  -8.0411   1.9616   0.0000  -0.0611   1.9618    0.242
    16  14.7941   2.0502   1.8970 -15.8195  -0.5484  -7.6516  -7.6511   1.9944   0.0000  -0.0854   1.8406    0.239
    17  15.6315   1.8843   1.4027 -13.1534  -0.6155  -6.9140  -6.9135   2.0438   0.0000  -0.1234   1.6191    0.232
    18  16.2783   1.7561   0.9575 -10.1636  -0.7041  -5.7191  -5.7188   2.0734   0.0000  -0.1654   1.2794    0.221
    19  16.8016   1.3043   0.6198  -6.4971  -0.6175  -4.9412  -4.9394   1.2871   0.0000  -0.2323   0.9464    0.203
    20  17.1200   0.8402   0.1342  -2.1702  -0.5292  -2.5795  -2.5785   0.1673   0.0000  -0.2003   0.4161    0.172

  Surface # 2     main_wing (YDUP)                        
     # Chordwise = 10   # Spanwise = 20     First strip = 21
     Surface area =   63.790974       Ave. chord =    3.717419
     CLsurf  =  -3.03851     Clsurf  =  -0.67109
     CYsurf  =   0.00508     Cmsurf  =   0.52094
     CDsurf  =   0.29540     Cnsurf  =  -0.17390
     CDisurf =   0.29540     CDvsurf =   0.00000

  Forces referred to Ssurf, Cave about hinge axis thru LE
     CLsurf  =  -5.94744     CDsurf  =   0.57820
     Deflect =

 Strip Forces referred to Strip Area, Chord
    j      Yle    Chord     Area     c cl      ai      cl_norm  cl       cd       cdv    cm_c/4    cm_LE  C.P.x/c
    21  -0.0271   7.7411   0.8376 -25.9931  -0.8473  -5.6005  -5.6000 -64.1491   0.0000   1.3884  -2.1914    0.498
    22  -0.2428   7.5905   2.4436 -28.3606  -0.7287  -3.8985  -3.8981  -4.5680   0.0000   1.4772  -2.3719    0.629
    23  -0.6690   7.2932   3.8488 -27.9942  -0.5420  -3.8465  -3.8462  -0.1557   0.0000   1.4535  -2.3736    0.628
    24  -1.2950   6.8563   4.9402 -27.1064  -0.2971  -3.9343  -3.9340   0.6292   0.0000   1.3081  -2.2589    0.583
    25  -2.1056   6.2906   5.6339 -25.6501  -0.0186  -4.0516  -4.0512   0.8255   0.0000   0.9746  -1.9614    0.491
    26  -3.0065   5.6619   5.0672 -24.5879   0.1119  -4.3017  -4.3013   1.2603   0.0000   0.5919  -1.6501    0.388
    27  -3.9586   4.9974   5.0150 -24.2263  -0.0225  -4.7854  -4.7850   1.8820   0.0000   0.2984  -1.4857    0.312
    28  -5.0073   4.2656   4.6382 -25.3141  -0.2376  -5.8653  -5.8648   2.1004   0.0000   0.1204  -1.5778    0.271
    29  -6.1989   3.7534   4.8429 -25.9821  -0.4656  -6.8338  -6.8334   2.6688   0.0000  -0.0213  -1.7065    0.247
    30  -7.5095   3.4937   4.6216 -25.9261  -0.5487  -7.3406  -7.3402   2.4403   0.0000  -0.0464  -1.8058    0.244
    31  -8.8364   3.2307   4.2738 -25.1868  -0.5578  -7.7219  -7.7214   2.2718   0.0000  -0.0473  -1.8985    0.244
    32 -10.1470   2.9710   3.8335 -23.9464  -0.5351  -7.9911  -7.9906   2.1270   0.0000  -0.0428  -1.9689    0.245
    33 -11.4090   2.7210   3.3357 -22.3393  -0.5120  -8.1444  -8.1439   2.0387   0.0000  -0.0442  -2.0050    0.245
    34 -12.6340   2.4782   3.0105 -20.4270  -0.5012  -8.1791  -8.1786   1.9751   0.0000  -0.0486  -2.0087    0.244
    35 -13.7866   2.2498   2.4374 -18.2341  -0.5109  -8.0416  -8.0411   1.9616   0.0000  -0.0611  -1.9618    0.242
    36 -14.7941   2.0502   1.8970 -15.8194  -0.5484  -7.6515  -7.6511   1.9944   0.0000  -0.0854  -1.8406    0.239
    37 -15.6315   1.8843   1.4027 -13.1533  -0.6155  -6.9139  -6.9135   2.0438   0.0000  -0.1234  -1.6191    0.232
    38 -16.2783   1.7561   0.9575 -10.1636  -0.7041  -5.7191  -5.7187   2.0733   0.0000  -0.1654  -1.2794    0.221
    39 -16.8016   1.3043   0.6198  -6.4971  -0.6175  -4.9412  -4.9394   1.2871   0.0000  -0.2323  -0.9464    0.203
    40 -17.1200   0.8402   0.1342  -2.1702  -0.5292  -2.5795  -2.5785   0.1673   0.0000  -0.2003  -0.4161    0.172

  Surface # 3     horizontal_stabilizer                   
     # Chordwise = 10   # Spanwise = 20     First strip = 41
     Surface area =   20.072786       Ave. chord =    2.827143
     CLsurf  =   0.18821     Clsurf  =  -0.01671
     CYsurf  =   0.00652     Cmsurf  =  -0.84826
     CDsurf  =  -0.04074     Cnsurf  =  -0.00716
     CDisurf =  -0.04074     CDvsurf =   0.00000

  Forces referred to Ssurf, Cave about hinge axis thru LE
     CLsurf  =   1.17063     CDsurf  =  -0.25339
     Deflect =

 Strip Forces referred to Strip Area, Chord
    j      Yle    Chord     Area     c cl      ai      cl_norm  cl       cd       cdv    cm_c/4    cm_LE  C.P.x/c
    41   0.0103   4.6946   0.1934   4.1751  -0.1344   0.8908   0.8906   0.0209   0.0000   0.0176  -0.2026    0.230
    42   0.0924   4.6512   0.5701   4.1436  -0.1370   0.8872   0.8870  -0.1249   0.0000   0.0175  -0.2031    0.230
    43   0.2547   4.5656   0.9173   4.1363  -0.1387   0.9018   0.9017  -0.1391   0.0000   0.0183  -0.2060    0.230
    44   0.4930   4.4399   1.2180   4.1235  -0.1368   0.9241   0.9240  -0.1525   0.0000   0.0193  -0.2107    0.229
    45   0.8160   4.2695   1.5847   4.0985  -0.1311   0.9549   0.9548  -0.1652   0.0000   0.0205  -0.2173    0.229
    46   1.2202   4.0563   1.7628   4.0568  -0.1281   0.9946   0.9945  -0.1799   0.0000   0.0217  -0.2261    0.228
    47   1.6825   3.8123   1.8577   3.9958  -0.1387   1.0420   1.0419  -0.1973   0.0000   0.0227  -0.2369    0.228
    48   2.1917   3.5437   1.8711   3.9134  -0.1548   1.0976   1.0974  -0.2177   0.0000   0.0238  -0.2497    0.228
    49   2.7353   3.2569   1.8099   3.8048  -0.1551   1.1610   1.1608  -0.2336   0.0000   0.0253  -0.2641    0.228
    50   3.2997   2.9591   1.6859   3.6824  -0.1450   1.2362   1.2360  -0.2637   0.0000   0.0272  -0.2810    0.228
    51   3.8713   2.6576   1.5141   3.5376  -0.1362   1.3215   1.3213  -0.3049   0.0000   0.0299  -0.2998    0.227
    52   4.4357   2.3597   1.3114   3.3571  -0.1324   1.4118   1.4116  -0.3420   0.0000   0.0334  -0.3189    0.226
    53   4.9793   2.0730   1.0945   3.1351  -0.1333   1.4998   1.4995  -0.3941   0.0000   0.0372  -0.3374    0.225
    54   5.4885   1.8043   0.8792   2.8538  -0.1373   1.5676   1.5673  -0.4383   0.0000   0.0413  -0.3505    0.224
    55   5.9508   1.5604   0.6781   2.5078  -0.1420   1.5922   1.5919  -0.4639   0.0000   0.0466  -0.3515    0.221
    56   6.3550   1.3472   0.5000   2.1004  -0.1442   1.5441   1.5438  -0.4642   0.0000   0.0531  -0.3333    0.216
    57   6.6617   1.1853   0.2890   1.6605  -0.1417   1.3873   1.3871  -0.4188   0.0000   0.0589  -0.2884    0.208
    58   6.8736   1.0735   0.1917   1.2164  -0.1350   1.1220   1.1218  -0.3423   0.0000   0.0603  -0.2207    0.196
    59   7.0178   0.9975   0.1087   0.7434  -0.1259   0.7384   0.7383  -0.2126   0.0000   0.0498  -0.1351    0.183
    60   7.0908   0.9589   0.0351   0.2507  -0.1175   0.2591   0.2591  -0.0729   0.0000   0.0203  -0.0446    0.172

  Surface # 4     horizontal_stabilizer (YDUP)            
     # Chordwise = 10   # Spanwise = 20     First strip = 61
     Surface area =   20.072786       Ave. chord =    2.827143
     CLsurf  =   0.18821     Clsurf  =   0.01671
     CYsurf  =  -0.00652     Cmsurf  =  -0.84825
     CDsurf  =  -0.04074     Cnsurf  =   0.00716
     CDisurf =  -0.04074     CDvsurf =   0.00000

  Forces referred to Ssurf, Cave about hinge axis thru LE
     CLsurf  =   1.17063     CDsurf  =  -0.25339
     Deflect =

 Strip Forces referred to Strip Area, Chord
    j      Yle    Chord     Area     c cl      ai      cl_norm  cl       cd       cdv    cm_c/4    cm_LE  C.P.x/c
    61  -0.0103   4.6946   0.1934   4.1751  -0.1344   0.8908   0.8906   0.0209   0.0000   0.0176   0.2026    0.230
    62  -0.0924   4.6512   0.5701   4.1436  -0.1370   0.8872   0.8870  -0.1249   0.0000   0.0175   0.2031    0.230
    63  -0.2547   4.5656   0.9173   4.1363  -0.1387   0.9018   0.9017  -0.1391   0.0000   0.0183   0.2060    0.230
    64  -0.4930   4.4399   1.2180   4.1235  -0.1368   0.9241   0.9240  -0.1525   0.0000   0.0193   0.2107    0.229
    65  -0.8160   4.2695   1.5847   4.0985  -0.1311   0.9549   0.9548  -0.1652   0.0000   0.0205   0.2173    0.229
    66  -1.2202   4.0563   1.7628   4.0568  -0.1281   0.9946   0.9945  -0.1799   0.0000   0.0217   0.2261    0.228
    67  -1.6825   3.8123   1.8577   3.9958  -0.1387   1.0420   1.0419  -0.1973   0.0000   0.0227   0.2369    0.228
    68  -2.1917   3.5437   1.8711   3.9134  -0.1548   1.0976   1.0974  -0.2177   0.0000   0.0238   0.2497    0.228
    69  -2.7353   3.2569   1.8099   3.8048  -0.1551   1.1610   1.1608  -0.2336   0.0000   0.0253   0.2641    0.228
    70  -3.2997   2.9591   1.6859   3.6824  -0.1450   1.2362   1.2360  -0.2637   0.0000   0.0272   0.2810    0.228
    71  -3.8713   2.6576   1.5141   3.5376  -0.1362   1.3215   1.3213  -0.3049   0.0000   0.0299   0.2998    0.227
    72  -4.4357   2.3597   1.3114   3.3571  -0.1324   1.4118   1.4116  -0.3420   0.0000   0.0334   0.3189    0.226
    73  -4.9793   2.0730   1.0945   3.1351  -0.1333   1.4997   1.4995  -0.3941   0.0000   0.0372   0.3374    0.225
    74  -5.4885   1.8043   0.8792   2.8538  -0.1373   1.5675   1.5673  -0.4383   0.0000   0.0413   0.3505    0.224
    75  -5.9508   1.5604   0.6781   2.5077  -0.1420   1.5922   1.5919  -0.4639   0.0000   0.0466   0.3515    0.221
    76  -6.3550   1.3472   0.5000   2.1004  -0.1442   1.5441   1.5438  -0.4642   0.0000   0.0531   0.3333    0.216
    77  -6.6617   1.1853   0.2890   1.6605  -0.1417   1.3873   1.3871  -0.4188   0.0000   0.0589   0.2884    0.208
    78  -6.8736   1.0735   0.1917   1.2164  -0.1350   1.1219   1.1218  -0.3423   0.0000   0.0603   0.2207    0.196
    79  -7.0178   0.9975   0.1087   0.7434  -0.1259   0.7384   0.7383  -0.2126   0.0000   0.0498   0.1351    0.183
    80  -7.0908   0.9589   0.0351   0.2507  -0.1175   0.2591   0.2591  -0.0729   0.0000   0.0203   0.0446    0.172

  Surface # 5     vertical_stabilizer                     
     # Chordwise = 10   # Spanwise = 20     First strip = 81
     Surface area =   26.974527       Ave. chord =    3.612513
     CLsurf  =   0.00000     Clsurf  =  -0.00000
     CYsurf  =  -0.00000     Cmsurf  =  -0.00000
     CDsurf  =  -0.00000     Cnsurf  =   0.00000
     CDisurf =  -0.00000     CDvsurf =   0.00000

  Forces referred to Ssurf, Cave about hinge axis thru LE
     CLsurf  =   0.00000     CDsurf  =  -0.00000
     Deflect =

 Strip Forces referred to Strip Area, Chord
    j      Yle    Chord     Area     c cl      ai      cl_norm  cl       cd       cdv    cm_c/4    cm_LE  C.P.x/c
    81   0.0000   8.1033   0.7081   0.0000  -0.0000   0.0000   0.0000   0.0000   0.0000   0.0000   0.0000   -0.051
    82   0.0000   7.7953   1.2357   0.0000   0.0000   0.0000   0.0000  -0.0000   0.0000   0.0000   0.0000   -0.025
    83   0.0000   7.3128   1.6577   0.0000  -0.0000   0.0000   0.0000  -0.0000   0.0000   0.0000   0.0000   -0.027
    84   0.0000   6.6651   1.9342   0.0000  -0.0000   0.0000   0.0000  -0.0000   0.0000   0.0000   0.0000   -0.058
    85   0.0000   5.8661   2.0384   0.0000  -0.0000   0.0000   0.0000  -0.0000   0.0000   0.0000   0.0000   -0.041
    86   0.0000   4.9330   1.9589   0.0000  -0.0000   0.0000   0.0000  -0.0000   0.0000   0.0000   0.0000    0.008
    87   0.0000   4.2949   2.2317   0.0000  -0.0000   0.0000   0.0000  -0.0000   0.0000   0.0000  -0.0000    0.107
    88   0.0000   4.0244   2.2380   0.0000  -0.0000   0.0000   0.0000  -0.0000   0.0000   0.0000  -0.0000    0.125
    89   0.0000   3.7387   2.1678   0.0000  -0.0000   0.0000   0.0000  -0.0000   0.0000   0.0000  -0.0000    0.157
    90   0.0000   3.4444   2.0327   0.0000  -0.0000   0.0000   0.0000  -0.0000   0.0000   0.0000  -0.0000    0.191
    91   0.0000   3.1483   1.8474   0.0000  -0.0000   0.0000   0.0000  -0.0000   0.0000   0.0000  -0.0000    0.180
    92   0.0000   2.8574   1.6279   0.0000   0.0000   0.0000   0.0000  -0.0000   0.0000   0.0000  -0.0000    0.234
    93   0.0000   2.5785   1.3906   0.0000  -0.0000   0.0000   0.0000  -0.0000   0.0000   0.0000  -0.0000    0.215
    94   0.0000   2.3180   1.1503   0.0000  -0.0000   0.0000   0.0000  -0.0000   0.0000   0.0000  -0.0000    0.218
    95   0.0000   2.0821   0.9193   0.0000  -0.0000   0.0000   0.0000  -0.0000   0.0000   0.0000  -0.0000    0.204
    96   0.0000   1.8763   0.7063   0.0000  -0.0000   0.0000   0.0000  -0.0000   0.0000   0.0000  -0.0000    0.207
    97   0.0000   1.7056   0.5158   0.0000  -0.0000   0.0000   0.0000  -0.0000   0.0000   0.0000  -0.0000    0.191
    98   0.0000   1.5739   0.3482   0.0000  -0.0000   0.0000   0.0000  -0.0000   0.0000   0.0000  -0.0000    0.194
    99   0.0000   1.4843   0.2002   0.0000  -0.0000   0.0000   0.0000  -0.0000   0.0000   0.0000  -0.0000    0.186
   100   0.0000   1.4389   0.0652   0.0000  -0.0000   0.0000   0.0000  -0.0000   0.0000   0.0000  -0.0000    0.185

  Surface # 6     fuselage_horizontal                     
     # Chordwise = 10   # Spanwise = 10     First strip =101
     Surface area =  112.392822       Ave. chord =   30.376440
     CLsurf  =  -0.04082     Clsurf  =   0.00000
     CYsurf  =   0.00002     Cmsurf  =  -0.12611
     CDsurf  =  -0.02147     Cnsurf  =  -0.00000
     CDisurf =  -0.02147     CDvsurf =   0.00000

  Forces referred to Ssurf, Cave about hinge axis thru LE
     CLsurf  =  -0.04535     CDsurf  =  -0.02385
     Deflect =

 Strip Forces referred to Strip Area, Chord
    j      Yle    Chord     Area     c cl      ai      cl_norm  cl       cd       cdv    cm_c/4    cm_LE  C.P.x/c
   101  -1.6650  21.5445   7.9715  -1.1922   0.0800  -1.1379  -0.0524   0.0864   0.0000  -0.0095   0.0005    0.069
   102  -1.2950  27.3129  10.1058  -2.1719   0.0398  -0.3452  -0.0761   0.0997   0.0000  -0.0028   0.0034    0.213
   103  -0.9250  31.3629  11.6043  -1.8835  -0.0253  -0.1315  -0.0584   0.0482   0.0000  -0.0080   0.0019    0.113
   104  -0.5550  34.6182  12.8087  -1.1792  -0.2542  -0.0468  -0.0355  -0.0406   0.0000  -0.0130  -0.0017   -0.117
   105  -0.1850  37.0437  13.7062  -0.3298  -0.3270  -0.0167  -0.0167  -0.2245   0.0000  -0.0179  -0.0095   -0.819
   106   0.1850  37.0437  13.7062  -0.3298  -0.3270  -0.0167  -0.0167  -0.2245   0.0000  -0.0179  -0.0095   -0.819
   107   0.5550  34.6182  12.8087  -1.1792  -0.2542  -0.0468  -0.0355  -0.0404   0.0000  -0.0130  -0.0017   -0.117
   108   0.9250  31.3629  11.6043  -1.8835  -0.0252  -0.1315  -0.0584   0.0482   0.0000  -0.0080   0.0019    0.113
   109   1.2950  27.3129  10.1058  -2.1719   0.0398  -0.3452  -0.0761   0.0997   0.0000  -0.0028   0.0034    0.213
   110   1.6650  21.5445   7.9715  -1.1923   0.0800  -1.1379  -0.0524   0.0864   0.0000  -0.0095   0.0005    0.069

  Surface # 7     fuselage_vertical                       
     # Chordwise = 10   # Spanwise = 10     First strip =111
     Surface area =  114.215408       Ave. chord =   30.376440
     CLsurf  =  -0.00000     Clsurf  =  -0.00000
     CYsurf  =  -0.00000     Cmsurf  =   0.00000
     CDsurf  =   0.00000     Cnsurf  =   0.00000
     CDisurf =   0.00000     CDvsurf =   0.00000

  Forces referred to Ssurf, Cave about hinge axis thru LE
     CLsurf  =   0.00000     CDsurf  =   0.00000
     Deflect =

 Strip Forces referred to Strip Area, Chord
    j      Yle    Chord     Area     c cl      ai      cl_norm  cl       cd       cdv    cm_c/4    cm_LE  C.P.x/c
   111   0.0000  21.5445   8.1007   0.0000   0.0000   0.0000   0.0000   0.0000   0.0000  -0.0000  -0.0000    0.591
   112   0.0000  27.3129  10.2696   0.0000   0.0001   0.0000   0.0000   0.0000   0.0000  -0.0000  -0.0000    0.545
   113   0.0000  31.3629  11.7925   0.0000  -0.0000   0.0000   0.0000   0.0000   0.0000  -0.0000  -0.0000    0.546
   114   0.0000  34.6182  13.0164   0.0000  -0.0000   0.0000   0.0000   0.0000   0.0000  -0.0000  -0.0000    0.537
   115   0.0000  37.0437  13.9284   0.0000  -0.0000   0.0000   0.0000  -0.0000   0.0000  -0.0000  -0.0000    0.574
   116   0.0000  37.0437  13.9284   0.0000  -0.0000   0.0000   0.0000  -0.0000   0.0000  -0.0000  -0.0000    0.416
   117   0.0000  34.6182  13.0164   0.0000  -0.0000   0.0000   0.0000  -0.0000   0.0000  -0.0000  -0.0000    0.349
   118   0.0000  31.3629  11.7925   0.0000  -0.0000   0.0000   0.0000   0.0000   0.0000   0.0000   0.0000   -0.026
   119   0.0000  27.3129  10.2696   0.0000   0.0000   0.0000   0.0000   0.0000   0.0000   0.0000   0.0000    0.182
   120   0.0000  21.5445   8.1007   0.0000   0.0000   0.0000   0.0000  -0.0000   0.0000   0.0000   0.0000    0.192
 ---------------------------------------------------------------
