 ---------------------------------------------------------------
 Surface and Strip Forces by surface

  Forces referred to Sref, Cref, Bref about Xref, Yref, Zref
 Standard axis orientation,  X fwd, Z down         

  Surface # 1     main_wing                               
     # Chordwise = 10   # Spanwise = 30     First strip =  1
     Surface area =   63.968842       Ave. chord =    3.715026
     CLsurf  =   0.37890     Clsurf  =  -0.07370
     CYsurf  =  -0.02037     Cmsurf  =  -0.33878
     CDsurf  =   0.01240     Cnsurf  =  -0.00699
     CDisurf =   0.01240     CDvsurf =   0.00000

  Forces referred to Ssurf, Cave about hinge axis thru LE
     CLsurf  =   0.74055     CDsurf  =   0.02421
     Deflect =

 Strip Forces referred to Strip Area, Chord
    j      Yle    Chord     Area     c cl      ai      cl_norm  cl       cd       cdv    cm_c/4    cm_LE  C.P.x/c
     1   0.0114   7.7520   0.3539   4.8849   0.1733   0.7265   0.5627   0.5868   0.0000  -0.0330  -0.1565    0.309
     2   0.1025   7.6885   1.0491   4.4853   0.1730   0.7403   0.5734   0.1171   0.0000  -0.0330  -0.1470    0.308
     3   0.2837   7.5620   1.7073   4.4507   0.1719   0.7517   0.5822   0.0876   0.0000  -0.0307  -0.1462    0.303
     4   0.5530   7.3741   2.3052   4.4280   0.1691   0.7691   0.5957   0.0757   0.0000  -0.0271  -0.1458    0.296
     5   0.9075   7.1267   2.8223   4.3943   0.1633   0.7910   0.6127   0.0695   0.0000  -0.0233  -0.1460    0.288
     6   1.3432   6.8226   3.2414   4.3369   0.1505   0.8172   0.6330   0.0608   0.0000  -0.0198  -0.1470    0.281
     7   1.8554   6.4651   3.5491   4.2481   0.1250   0.8471   0.6561   0.0480   0.0000  -0.0170  -0.1492    0.276
     8   2.4386   6.0582   3.7368   4.1248   0.0996   0.8788   0.6807   0.0430   0.0000  -0.0152  -0.1526    0.272
     9   3.0862   5.6062   3.8005   3.9682   0.0860   0.9154   0.7090   0.0333   0.0000  -0.0143  -0.1574    0.270
    10   3.7613   5.1351   3.4440   3.7561   0.0741   0.9474   0.7337   0.0264   0.0000  -0.0151  -0.1630    0.271
    11   4.4532   4.6522   3.3149   3.5825   0.0602   0.9993   0.7739   0.0156   0.0000  -0.0139  -0.1699    0.268
    12   5.1831   4.1429   3.0930   3.3480   0.0390   1.0508   0.8138   0.0031   0.0000  -0.0135  -0.1774    0.267
    13   6.0123   3.7903   3.4706   3.1193   0.0247   1.0180   0.8294  -0.0025   0.0000  -0.0093  -0.1944    0.261
    14   6.9353   3.6075   3.3775   2.9381   0.0230   1.0073   0.8207  -0.0012   0.0000  -0.0098  -0.1929    0.262
    15   7.8737   3.4215   3.2389   2.7743   0.0193   1.0029   0.8171  -0.0013   0.0000  -0.0105  -0.1927    0.263
    16   8.8172   3.2345   3.0619   2.6190   0.0167   1.0016   0.8160  -0.0020   0.0000  -0.0114  -0.1932    0.264
    17   9.7556   3.0486   2.8543   2.4672   0.0160   1.0012   0.8157  -0.0027   0.0000  -0.0124  -0.1940    0.265
    18  10.6786   2.8657   2.6239   2.3193   0.0165   1.0013   0.8158  -0.0034   0.0000  -0.0135  -0.1950    0.267
    19  11.5760   2.6879   2.3787   2.1745   0.0178   1.0011   0.8156  -0.0043   0.0000  -0.0147  -0.1960    0.268
    20  12.4328   2.5181   2.1010   2.0345   0.0203   0.9998   0.8146  -0.0047   0.0000  -0.0150  -0.1961    0.268
    21  13.2400   2.3582   1.8520   1.8979   0.0244   0.9959   0.8114  -0.0045   0.0000  -0.0145  -0.1949    0.268
    22  13.9941   2.2087   1.6074   1.7608   0.0300   0.9865   0.8037  -0.0043   0.0000  -0.0134  -0.1922    0.267
    23  14.6868   2.0715   1.3716   1.6184   0.0376   0.9667   0.7876  -0.0039   0.0000  -0.0114  -0.1868    0.264
    24  15.3105   1.9479   1.1479   1.4647   0.0473   0.9303   0.7580  -0.0031   0.0000  -0.0082  -0.1774    0.261
    25  15.8583   1.8393   0.9381   1.2909   0.0582   0.8681   0.7073  -0.0012   0.0000  -0.0049  -0.1631    0.257
    26  16.3244   1.7470   0.7427   1.0894   0.0693   0.7703   0.6276   0.0053   0.0000  -0.0063  -0.1467    0.260
    27  16.6722   1.4928   0.4131   0.8686   0.0802   1.9669   0.5888  -0.0200   0.0000  -0.0083  -0.0764    0.264
    28  16.9098   1.1466   0.2292   0.6431   0.0944   1.9076   0.5710  -0.0477   0.0000   0.0144  -0.0634    0.225
    29  17.0696   0.9138   0.1104   0.3969   0.1057   1.4906   0.4462  -0.0686   0.0000   0.0360  -0.0378    0.169
    30  17.1499   0.7967   0.0322   0.1343   0.1117   0.5889   0.1763  -0.0514   0.0000   0.0234  -0.0104    0.117

  Surface # 2     main_wing (YDUP)                        
     # Chordwise = 10   # Spanwise = 30     First strip = 31
     Surface area =   63.968842       Ave. chord =    3.715026
     CLsurf  =   0.37890     Clsurf  =   0.07370
     CYsurf  =   0.02037     Cmsurf  =  -0.33878
     CDsurf  =   0.01240     Cnsurf  =   0.00699
     CDisurf =   0.01240     CDvsurf =   0.00000

  Forces referred to Ssurf, Cave about hinge axis thru LE
     CLsurf  =   0.74055     CDsurf  =   0.02421
     Deflect =

 Strip Forces referred to Strip Area, Chord
    j      Yle    Chord     Area     c cl      ai      cl_norm  cl       cd       cdv    cm_c/4    cm_LE  C.P.x/c
    31  -0.0114   7.7520   0.3539   4.8849   0.1733   0.7265   0.5627   0.5868   0.0000  -0.0330   0.1565    0.309
    32  -0.1025   7.6885   1.0491   4.4853   0.1730   0.7403   0.5734   0.1171   0.0000  -0.0330   0.1470    0.308
    33  -0.2837   7.5620   1.7073   4.4507   0.1719   0.7517   0.5822   0.0876   0.0000  -0.0307   0.1462    0.303
    34  -0.5530   7.3741   2.3052   4.4280   0.1691   0.7691   0.5957   0.0757   0.0000  -0.0271   0.1458    0.296
    35  -0.9075   7.1267   2.8223   4.3943   0.1633   0.7910   0.6127   0.0695   0.0000  -0.0233   0.1460    0.288
    36  -1.3432   6.8226   3.2414   4.3369   0.1505   0.8172   0.6330   0.0608   0.0000  -0.0198   0.1470    0.281
    37  -1.8554   6.4651   3.5491   4.2481   0.1250   0.8471   0.6561   0.0480   0.0000  -0.0170   0.1492    0.276
    38  -2.4386   6.0582   3.7368   4.1248   0.0996   0.8788   0.6807   0.0430   0.0000  -0.0152   0.1526    0.272
    39  -3.0862   5.6062   3.8005   3.9682   0.0860   0.9154   0.7090   0.0333   0.0000  -0.0143   0.1574    0.270
    40  -3.7613   5.1351   3.4440   3.7561   0.0741   0.9474   0.7337   0.0264   0.0000  -0.0151   0.1630    0.271
    41  -4.4532   4.6522   3.3149   3.5825   0.0602   0.9993   0.7739   0.0156   0.0000  -0.0139   0.1699    0.268
    42  -5.1831   4.1429   3.0930   3.3480   0.0390   1.0508   0.8138   0.0031   0.0000  -0.0135   0.1774    0.267
    43  -6.0123   3.7903   3.4706   3.1193   0.0247   1.0180   0.8294  -0.0025   0.0000  -0.0093   0.1944    0.261
    44  -6.9353   3.6075   3.3775   2.9381   0.0230   1.0073   0.8207  -0.0012   0.0000  -0.0098   0.1929    0.262
    45  -7.8737   3.4215   3.2389   2.7743   0.0193   1.0029   0.8171  -0.0013   0.0000  -0.0105   0.1927    0.263
    46  -8.8172   3.2345   3.0619   2.6190   0.0167   1.0016   0.8160  -0.0020   0.0000  -0.0114   0.1932    0.264
    47  -9.7556   3.0486   2.8543   2.4672   0.0160   1.0012   0.8157  -0.0027   0.0000  -0.0124   0.1940    0.265
    48 -10.6786   2.8657   2.6239   2.3192   0.0165   1.0013   0.8158  -0.0034   0.0000  -0.0135   0.1950    0.267
    49 -11.5760   2.6879   2.3787   2.1745   0.0178   1.0011   0.8156  -0.0043   0.0000  -0.0147   0.1960    0.268
    50 -12.4328   2.5181   2.1010   2.0345   0.0203   0.9998   0.8146  -0.0047   0.0000  -0.0150   0.1961    0.268
    51 -13.2400   2.3582   1.8520   1.8979   0.0244   0.9959   0.8114  -0.0045   0.0000  -0.0145   0.1949    0.268
    52 -13.9941   2.2087   1.6074   1.7608   0.0300   0.9865   0.8037  -0.0043   0.0000  -0.0134   0.1922    0.267
    53 -14.6868   2.0715   1.3716   1.6184   0.0376   0.9667   0.7876  -0.0039   0.0000  -0.0114   0.1868    0.264
    54 -15.3105   1.9479   1.1479   1.4647   0.0473   0.9303   0.7580  -0.0031   0.0000  -0.0082   0.1774    0.261
    55 -15.8583   1.8393   0.9381   1.2909   0.0582   0.8681   0.7073  -0.0012   0.0000  -0.0049   0.1631    0.257
    56 -16.3244   1.7470   0.7427   1.0894   0.0693   0.7703   0.6276   0.0053   0.0000  -0.0063   0.1467    0.260
    57 -16.6722   1.4928   0.4131   0.8686   0.0802   1.9669   0.5888  -0.0200   0.0000  -0.0083   0.0764    0.264
    58 -16.9098   1.1466   0.2292   0.6431   0.0944   1.9076   0.5710  -0.0477   0.0000   0.0144   0.0634    0.225
    59 -17.0696   0.9138   0.1104   0.3969   0.1057   1.4906   0.4462  -0.0686   0.0000   0.0360   0.0378    0.169
    60 -17.1499   0.7967   0.0322   0.1343   0.1117   0.5889   0.1763  -0.0514   0.0000   0.0234   0.0104    0.117

  Surface # 3     horizontal_stabilizer                   
     # Chordwise = 10   # Spanwise = 30     First strip = 61
     Surface area =   20.744604       Ave. chord =    2.848572
     CLsurf  =   0.04134     Clsurf  =  -0.00433
     CYsurf  =  -0.00654     Cmsurf  =  -0.20231
     CDsurf  =   0.00311     Cnsurf  =   0.00361
     CDisurf =   0.00311     CDvsurf =   0.00000

  Forces referred to Ssurf, Cave about hinge axis thru LE
     CLsurf  =   0.25191     CDsurf  =   0.01872
     Deflect =

 Strip Forces referred to Strip Area, Chord
    j      Yle    Chord     Area     c cl      ai      cl_norm  cl       cd       cdv    cm_c/4    cm_LE  C.P.x/c
    61   0.0047   4.2713   0.0803   0.9604   0.1215   0.2805   0.2141   0.1012   0.0000  -0.0111  -0.0582    0.302
    62   0.0418   4.2566   0.2392   0.8436   0.1219   0.2575   0.1965   0.0259   0.0000  -0.0111  -0.0525    0.306
    63   0.1156   4.2274   0.3930   0.8351   0.1220   0.2574   0.1964   0.0210   0.0000  -0.0105  -0.0519    0.303
    64   0.2254   4.1839   0.5386   0.8329   0.1216   0.2596   0.1981   0.0199   0.0000  -0.0094  -0.0513    0.298
    65   0.3698   4.1268   0.6730   0.8325   0.1204   0.2631   0.2008   0.0194   0.0000  -0.0082  -0.0508    0.291
    66   0.5474   4.0565   0.7936   0.8314   0.1183   0.2674   0.2041   0.0192   0.0000  -0.0068  -0.0504    0.283
    67   0.7617   3.9717   0.9441   0.8303   0.1151   0.2729   0.2083   0.0190   0.0000  -0.0056  -0.0503    0.277
    68   1.0116   3.8728   1.0344   0.8276   0.1106   0.2791   0.2130   0.0187   0.0000  -0.0044  -0.0503    0.271
    69   1.2891   3.7630   1.1046   0.8249   0.1050   0.2864   0.2186   0.0187   0.0000  -0.0034  -0.0507    0.266
    70   1.5912   3.6435   1.1542   0.8211   0.0987   0.2945   0.2247   0.0187   0.0000  -0.0026  -0.0514    0.262
    71   1.9146   3.5155   1.1831   0.8163   0.0923   0.3035   0.2316   0.0189   0.0000  -0.0020  -0.0523    0.259
    72   2.2558   3.3805   1.1921   0.8105   0.0867   0.3135   0.2392   0.0190   0.0000  -0.0014  -0.0535    0.256
    73   2.6109   3.2400   1.1821   0.8043   0.0822   0.3246   0.2477   0.0192   0.0000  -0.0009  -0.0550    0.254
    74   2.9762   3.0955   1.1548   0.7970   0.0788   0.3368   0.2570   0.0194   0.0000  -0.0004  -0.0566    0.252
    75   3.3476   2.9485   1.1122   0.7880   0.0764   0.3497   0.2668   0.0194   0.0000   0.0001  -0.0583    0.250
    76   3.7210   2.8008   1.0564   0.7770   0.0747   0.3631   0.2771   0.0195   0.0000   0.0006  -0.0601    0.248
    77   4.0924   2.6538   0.9900   0.7637   0.0736   0.3767   0.2875   0.0194   0.0000   0.0012  -0.0618    0.246
    78   4.4577   2.5093   0.9155   0.7473   0.0731   0.3900   0.2977   0.0193   0.0000   0.0019  -0.0634    0.244
    79   4.8128   2.3687   0.8353   0.7269   0.0733   0.4020   0.3068   0.0191   0.0000   0.0028  -0.0646    0.241
    80   5.1540   2.2338   0.7518   0.7021   0.0740   0.4119   0.3143   0.0187   0.0000   0.0039  -0.0654    0.238
    81   5.4774   2.1058   0.6671   0.6721   0.0755   0.4184   0.3193   0.0182   0.0000   0.0053  -0.0653    0.233
    82   5.7795   1.9862   0.5830   0.6361   0.0775   0.4200   0.3205   0.0172   0.0000   0.0070  -0.0640    0.228
    83   6.0570   1.8764   0.5012   0.5943   0.0802   0.4155   0.3171   0.0163   0.0000   0.0092  -0.0614    0.221
    84   6.3069   1.7776   0.4225   0.5454   0.0833   0.4026   0.3073   0.0149   0.0000   0.0118  -0.0571    0.211
    85   6.5264   1.6907   0.3478   0.4893   0.0865   0.3800   0.2900   0.0131   0.0000   0.0146  -0.0510    0.200
    86   6.7314   1.6096   0.3326   0.4227   0.0898   0.3449   0.2632   0.0110   0.0000   0.0172  -0.0429    0.184
    87   6.9144   1.5372   0.2507   0.3412   0.0930   0.2917   0.2226   0.0083   0.0000   0.0189  -0.0327    0.165
    88   7.0535   1.4822   0.1746   0.2507   0.0955   0.2225   0.1698   0.0053   0.0000   0.0179  -0.0220    0.145
    89   7.1471   1.4451   0.1029   0.1533   0.0973   0.1397   0.1066   0.0023   0.0000   0.0131  -0.0122    0.127
    90   7.1941   1.4265   0.0340   0.0516   0.0982   0.0479   0.0365  -0.0007   0.0000   0.0049  -0.0038    0.117

  Surface # 4     horizontal_stabilizer (YDUP)            
     # Chordwise = 10   # Spanwise = 30     First strip = 91
     Surface area =   20.744604       Ave. chord =    2.848572
     CLsurf  =   0.04134     Clsurf  =   0.00433
     CYsurf  =   0.00654     Cmsurf  =  -0.20231
     CDsurf  =   0.00311     Cnsurf  =  -0.00361
     CDisurf =   0.00311     CDvsurf =   0.00000

  Forces referred to Ssurf, Cave about hinge axis thru LE
     CLsurf  =   0.25191     CDsurf  =   0.01872
     Deflect =

 Strip Forces referred to Strip Area, Chord
    j      Yle    Chord     Area     c cl      ai      cl_norm  cl       cd       cdv    cm_c/4    cm_LE  C.P.x/c
    91  -0.0047   4.2713   0.0803   0.9604   0.1216   0.2805   0.2141   0.1012   0.0000  -0.0111   0.0582    0.302
    92  -0.0418   4.2566   0.2392   0.8436   0.1219   0.2575   0.1965   0.0259   0.0000  -0.0111   0.0525    0.306
    93  -0.1156   4.2274   0.3930   0.8351   0.1220   0.2574   0.1964   0.0210   0.0000  -0.0105   0.0519    0.303
    94  -0.2254   4.1839   0.5386   0.8329   0.1216   0.2596   0.1981   0.0199   0.0000  -0.0094   0.0513    0.298
    95  -0.3698   4.1268   0.6730   0.8325   0.1204   0.2631   0.2008   0.0194   0.0000  -0.0082   0.0508    0.291
    96  -0.5474   4.0565   0.7936   0.8314   0.1183   0.2674   0.2041   0.0192   0.0000  -0.0068   0.0504    0.283
    97  -0.7617   3.9717   0.9441   0.8303   0.1151   0.2729   0.2083   0.0190   0.0000  -0.0056   0.0503    0.277
    98  -1.0116   3.8728   1.0344   0.8276   0.1106   0.2791   0.2130   0.0187   0.0000  -0.0044   0.0503    0.271
    99  -1.2891   3.7630   1.1046   0.8249   0.1050   0.2864   0.2186   0.0187   0.0000  -0.0034   0.0507    0.266
   100  -1.5912   3.6435   1.1542   0.8211   0.0987   0.2945   0.2247   0.0187   0.0000  -0.0026   0.0514    0.262
   101  -1.9146   3.5155   1.1831   0.8163   0.0923   0.3035   0.2316   0.0189   0.0000  -0.0020   0.0523    0.259
   102  -2.2558   3.3805   1.1921   0.8105   0.0867   0.3135   0.2392   0.0190   0.0000  -0.0014   0.0535    0.256
   103  -2.6109   3.2400   1.1821   0.8043   0.0822   0.3246   0.2477   0.0192   0.0000  -0.0009   0.0550    0.254
   104  -2.9762   3.0955   1.1548   0.7970   0.0788   0.3368   0.2570   0.0194   0.0000  -0.0004   0.0566    0.252
   105  -3.3476   2.9485   1.1122   0.7880   0.0764   0.3497   0.2668   0.0194   0.0000   0.0001   0.0583    0.250
   106  -3.7210   2.8008   1.0564   0.7770   0.0747   0.3631   0.2771   0.0195   0.0000   0.0006   0.0601    0.248
   107  -4.0924   2.6538   0.9900   0.7637   0.0736   0.3767   0.2875   0.0194   0.0000   0.0012   0.0618    0.246
   108  -4.4577   2.5093   0.9155   0.7473   0.0731   0.3900   0.2977   0.0193   0.0000   0.0019   0.0634    0.244
   109  -4.8128   2.3687   0.8353   0.7269   0.0733   0.4020   0.3068   0.0191   0.0000   0.0028   0.0646    0.241
   110  -5.1540   2.2338   0.7518   0.7021   0.0740   0.4119   0.3143   0.0187   0.0000   0.0039   0.0654    0.238
   111  -5.4774   2.1058   0.6671   0.6721   0.0755   0.4184   0.3193   0.0182   0.0000   0.0053   0.0653    0.233
   112  -5.7795   1.9862   0.5830   0.6361   0.0775   0.4200   0.3205   0.0172   0.0000   0.0070   0.0640    0.228
   113  -6.0570   1.8764   0.5012   0.5943   0.0802   0.4155   0.3171   0.0163   0.0000   0.0092   0.0614    0.221
   114  -6.3069   1.7776   0.4225   0.5454   0.0833   0.4026   0.3073   0.0149   0.0000   0.0118   0.0571    0.211
   115  -6.5264   1.6907   0.3478   0.4893   0.0865   0.3800   0.2900   0.0131   0.0000   0.0146   0.0510    0.200
   116  -6.7314   1.6096   0.3326   0.4227   0.0898   0.3449   0.2632   0.0110   0.0000   0.0172   0.0429    0.184
   117  -6.9144   1.5372   0.2507   0.3412   0.0930   0.2917   0.2226   0.0083   0.0000   0.0189   0.0327    0.165
   118  -7.0535   1.4822   0.1746   0.2507   0.0955   0.2225   0.1698   0.0053   0.0000   0.0179   0.0220    0.145
   119  -7.1471   1.4451   0.1029   0.1533   0.0973   0.1397   0.1066   0.0023   0.0000   0.0131   0.0122    0.127
   120  -7.1941   1.4265   0.0340   0.0516   0.0982   0.0479   0.0365  -0.0007   0.0000   0.0049   0.0038    0.117

  Surface # 5     vertical_stabilizer                     
     # Chordwise = 10   # Spanwise = 30     First strip =121
     Surface area =   34.910358       Ave. chord =    4.190919
     CLsurf  =   0.00000     Clsurf  =   0.00000
     CYsurf  =   0.00000     Cmsurf  =  -0.00000
     CDsurf  =  -0.00000     Cnsurf  =  -0.00000
     CDisurf =  -0.00000     CDvsurf =   0.00000

  Forces referred to Ssurf, Cave about hinge axis thru LE
     CLsurf  =  -0.00000     CDsurf  =  -0.00000
     Deflect =

 Strip Forces referred to Strip Area, Chord
    j      Yle    Chord     Area     c cl      ai      cl_norm  cl       cd       cdv    cm_c/4    cm_LE  C.P.x/c
   121   0.0000  10.0347   0.6931  -0.0000   0.0000  -0.0000  -0.0000   0.0000   0.0000   0.0000   0.0000    0.349
   122   0.0000   9.8296   1.1101  -0.0000   0.0000  -0.0000  -0.0000   0.0000   0.0000   0.0000   0.0000    0.360
   123   0.0000   9.5266   1.4857  -0.0000  -0.0000  -0.0000  -0.0000   0.0000   0.0000   0.0000   0.0000    0.366
   124   0.0000   9.1281   1.8040  -0.0000   0.0000  -0.0000  -0.0000   0.0000   0.0000   0.0000   0.0000    0.366
   125   0.0000   8.6377   2.0517  -0.0000   0.0000  -0.0000  -0.0000   0.0000   0.0000   0.0000   0.0000    0.369
   126   0.0000   8.0598   2.2181  -0.0000   0.0000  -0.0000  -0.0000  -0.0000   0.0000   0.0000   0.0000    0.366
   127   0.0000   7.4000   2.2957  -0.0000   0.0000  -0.0000  -0.0000  -0.0000   0.0000   0.0000   0.0000    0.359
   128   0.0000   6.6646   2.2808  -0.0000   0.0000  -0.0000  -0.0000  -0.0000   0.0000   0.0000   0.0000    0.348
   129   0.0000   5.8609   2.1733  -0.0000   0.0000  -0.0000  -0.0000  -0.0000   0.0000   0.0000   0.0000    0.330
   130   0.0000   4.9969   1.9773  -0.0000   0.0000  -0.0000  -0.0000  -0.0000   0.0000   0.0000   0.0000    0.298
   131   0.0000   4.4389   1.6667  -0.0000   0.0000  -0.0000  -0.0000  -0.0000   0.0000   0.0000   0.0000    0.262
   132   0.0000   4.2198   1.6478  -0.0000   0.0000  -0.0000  -0.0000  -0.0000   0.0000   0.0000   0.0000    0.257
   133   0.0000   3.9932   1.6033  -0.0000   0.0000  -0.0000  -0.0000  -0.0000   0.0000  -0.0000   0.0000    0.249
   134   0.0000   3.7615   1.5362  -0.0000   0.0000  -0.0000  -0.0000  -0.0000   0.0000  -0.0000   0.0000    0.245
   135   0.0000   3.5271   1.4499  -0.0000   0.0000  -0.0000  -0.0000  -0.0000   0.0000  -0.0000   0.0000    0.241
   136   0.0000   3.2923   1.3482  -0.0000   0.0000  -0.0000  -0.0000  -0.0000   0.0000  -0.0000   0.0000    0.242
   137   0.0000   3.0597   1.2352  -0.0000   0.0000  -0.0000  -0.0000  -0.0000   0.0000  -0.0000   0.0000    0.238
   138   0.0000   2.8315   1.1147  -0.0000   0.0000  -0.0000  -0.0000  -0.0000   0.0000  -0.0000   0.0000    0.232
   139   0.0000   2.6103   0.9908  -0.0000   0.0000  -0.0000  -0.0000  -0.0000   0.0000  -0.0000   0.0000    0.227
   140   0.0000   2.3983   0.8670  -0.0000   0.0000  -0.0000  -0.0000  -0.0000   0.0000  -0.0000   0.0000    0.223
   141   0.0000   2.1977   0.7464  -0.0000   0.0000  -0.0000  -0.0000  -0.0000   0.0000  -0.0000   0.0000    0.226
   142   0.0000   2.0106   0.6318  -0.0000   0.0000  -0.0000  -0.0000  -0.0000   0.0000  -0.0000   0.0000    0.221
   143   0.0000   1.8390   0.5251  -0.0000   0.0000  -0.0000  -0.0000  -0.0000   0.0000  -0.0000   0.0000    0.218
   144   0.0000   1.6847   0.4276  -0.0000   0.0000  -0.0000  -0.0000  -0.0000   0.0000  -0.0000   0.0000    0.208
   145   0.0000   1.5493   0.3400  -0.0000   0.0000  -0.0000  -0.0000  -0.0000   0.0000  -0.0000   0.0000    0.199
   146   0.0000   1.4342   0.2622  -0.0000   0.0000  -0.0000  -0.0000  -0.0000   0.0000  -0.0000   0.0000    0.182
   147   0.0000   1.3407   0.1933  -0.0000   0.0000  -0.0000  -0.0000  -0.0000   0.0000  -0.0000   0.0000    0.162
   148   0.0000   1.2696   0.1322  -0.0000   0.0000  -0.0000  -0.0000  -0.0000   0.0000  -0.0000   0.0000    0.137
   149   0.0000   1.2218   0.0769  -0.0000   0.0000  -0.0000  -0.0000  -0.0000   0.0000  -0.0000   0.0000    0.119
   150   0.0000   1.1978   0.0252  -0.0000   0.0000  -0.0000  -0.0000  -0.0000   0.0000  -0.0000   0.0000    0.108

  Surface # 6     fuselage_horizontal                     
     # Chordwise = 10   # Spanwise = 10     First strip =151
     Surface area =  123.841202       Ave. chord =   33.112617
     CLsurf  =   0.01085     Clsurf  =   0.00000
     CYsurf  =   0.00000     Cmsurf  =   0.06672
     CDsurf  =  -0.00025     Cnsurf  =  -0.00000
     CDisurf =  -0.00025     CDvsurf =   0.00000

  Forces referred to Ssurf, Cave about hinge axis thru LE
     CLsurf  =   0.01094     CDsurf  =  -0.00025
     Deflect =

 Strip Forces referred to Strip Area, Chord
    j      Yle    Chord     Area     c cl      ai      cl_norm  cl       cd       cdv    cm_c/4    cm_LE  C.P.x/c
   151  -1.6830  26.5957   9.9468   0.2465   0.1787   0.1045   0.0097  -0.0031   0.0000   0.0048   0.0003   -0.241
   152  -1.3090  31.2096  11.6724   0.3489   0.1917   0.0426   0.0114  -0.0010   0.0000   0.0059   0.0008   -0.271
   153  -0.9350  34.0626  12.7394   0.3832   0.1775   0.0272   0.0114  -0.0002   0.0000   0.0071   0.0014   -0.373
   154  -0.5610  36.1619  13.5246   0.4020   0.1726   0.0185   0.0111   0.0005   0.0000   0.0076   0.0022   -0.434
   155  -0.1870  37.5332  14.0374   0.4127   0.1727   0.0126   0.0109   0.0016   0.0000   0.0078   0.0035   -0.462
   156   0.1870  37.5332  14.0374   0.4127   0.1727   0.0126   0.0109   0.0016   0.0000   0.0078   0.0035   -0.462
   157   0.5610  36.1619  13.5246   0.4020   0.1726   0.0185   0.0111   0.0005   0.0000   0.0076   0.0022   -0.434
   158   0.9350  34.0626  12.7394   0.3832   0.1775   0.0272   0.0114  -0.0002   0.0000   0.0071   0.0014   -0.373
   159   1.3090  31.2096  11.6724   0.3489   0.1917   0.0426   0.0114  -0.0010   0.0000   0.0059   0.0008   -0.271
   160   1.6830  26.5957   9.9468   0.2465   0.1787   0.1045   0.0097  -0.0031   0.0000   0.0048   0.0003   -0.241

  Surface # 7     fuselage_vertical                       
     # Chordwise = 10   # Spanwise = 10     First strip =161
     Surface area =  123.841202       Ave. chord =   33.112617
     CLsurf  =  -0.00000     Clsurf  =  -0.00000
     CYsurf  =   0.00000     Cmsurf  =   0.00000
     CDsurf  =   0.00000     Cnsurf  =  -0.00000
     CDisurf =   0.00000     CDvsurf =   0.00000

  Forces referred to Ssurf, Cave about hinge axis thru LE
     CLsurf  =  -0.00000     CDsurf  =   0.00000
     Deflect =

 Strip Forces referred to Strip Area, Chord
    j      Yle    Chord     Area     c cl      ai      cl_norm  cl       cd       cdv    cm_c/4    cm_LE  C.P.x/c
   161   0.0000  26.5957   9.9468  -0.0000  -0.0000  -0.0000  -0.0000  -0.0000   0.0000   0.0000   0.0000
   162   0.0000  31.2096  11.6724  -0.0000  -0.0000  -0.0000  -0.0000   0.0000   0.0000  -0.0000  -0.0000
   163   0.0000  34.0626  12.7394  -0.0000   0.0000  -0.0000  -0.0000   0.0000   0.0000  -0.0000  -0.0000   -0.346
   164   0.0000  36.1619  13.5246  -0.0000   0.0000  -0.0000  -0.0000   0.0000   0.0000  -0.0000  -0.0000   -0.038
   165   0.0000  37.5332  14.0374  -0.0000   0.0000  -0.0000  -0.0000   0.0000   0.0000  -0.0000   0.0000    0.159
   166   0.0000  37.5332  14.0374  -0.0000  -0.0000  -0.0000  -0.0000   0.0000   0.0000   0.0000   0.0000    0.453
   167   0.0000  36.1619  13.5246  -0.0000  -0.0000  -0.0000  -0.0000  -0.0000   0.0000   0.0000   0.0000    0.536
   168   0.0000  34.0626  12.7394  -0.0000  -0.0000  -0.0000  -0.0000   0.0000   0.0000   0.0000   0.0000    0.603
   169   0.0000  31.2096  11.6724  -0.0000   0.0000  -0.0000  -0.0000  -0.0000   0.0000   0.0000   0.0000    0.652
   170   0.0000  26.5957   9.9468  -0.0000  -0.0000  -0.0000  -0.0000   0.0000   0.0000   0.0000   0.0000    0.735
 ---------------------------------------------------------------
