 ---------------------------------------------------------------
 Surface and Strip Forces by surface

  Forces referred to Sref, Cref, Bref about Xref, Yref, Zref
 Standard axis orientation,  X fwd, Z down         

  Surface # 1     main_wing                               
     # Chordwise = 10   # Spanwise = 30     First strip =  1
     Surface area =   63.968842       Ave. chord =    3.715026
     CLsurf  =   0.10089     Clsurf  =  -0.01651
     CYsurf  =  -0.00691     Cmsurf  =  -0.08133
     CDsurf  =   0.00134     Cnsurf  =   0.00076
     CDisurf =   0.00134     CDvsurf =   0.00000

  Forces referred to Ssurf, Cave about hinge axis thru LE
     CLsurf  =   0.19739     CDsurf  =   0.00262
     Deflect =

 Strip Forces referred to Strip Area, Chord
    j      Yle    Chord     Area     c cl      ai      cl_norm  cl       cd       cdv    cm_c/4    cm_LE  C.P.x/c
     1   0.0114   7.7520   0.3539   1.7043   0.0489   0.2835   0.2199   0.0863   0.0000  -0.0134  -0.0557    0.311
     2   0.1025   7.6885   1.0491   1.6456   0.0483   0.2760   0.2140   0.0184   0.0000  -0.0133  -0.0545    0.312
     3   0.2837   7.5620   1.7073   1.6375   0.0469   0.2792   0.2165   0.0140   0.0000  -0.0126  -0.0544    0.308
     4   0.5530   7.3741   2.3052   1.6251   0.0446   0.2841   0.2204   0.0119   0.0000  -0.0115  -0.0543    0.302
     5   0.9075   7.1267   2.8223   1.6016   0.0414   0.2898   0.2247   0.0109   0.0000  -0.0103  -0.0542    0.296
     6   1.3432   6.8226   3.2414   1.5610   0.0391   0.2950   0.2288   0.0089   0.0000  -0.0094  -0.0543    0.291
     7   1.8554   6.4651   3.5491   1.4993   0.0410   0.2990   0.2319   0.0064   0.0000  -0.0088  -0.0544    0.288
     8   2.4386   6.0582   3.7368   1.4146   0.0412   0.3011   0.2335   0.0049   0.0000  -0.0087  -0.0547    0.287
     9   3.0862   5.6062   3.8005   1.3070   0.0325   0.3006   0.2331   0.0029   0.0000  -0.0092  -0.0550    0.289
    10   3.7613   5.1351   3.4440   1.1806   0.0222   0.2964   0.2299   0.0011   0.0000  -0.0100  -0.0549    0.293
    11   4.4532   4.6522   3.3149   1.0538   0.0125   0.2921   0.2265  -0.0003   0.0000  -0.0105  -0.0547    0.296
    12   5.1831   4.1429   3.0930   0.9174   0.0000   0.2855   0.2214  -0.0020   0.0000  -0.0114  -0.0544    0.302
    13   6.0123   3.7903   3.4706   0.7935  -0.0069   0.2550   0.2094  -0.0025   0.0000  -0.0120  -0.0572    0.307
    14   6.9353   3.6075   3.3775   0.7027  -0.0040   0.2373   0.1948  -0.0020   0.0000  -0.0128  -0.0547    0.316
    15   7.8737   3.4215   3.2389   0.6283  -0.0021   0.2237   0.1836  -0.0016   0.0000  -0.0138  -0.0530    0.325
    16   8.8172   3.2345   3.0619   0.5649  -0.0011   0.2127   0.1746  -0.0014   0.0000  -0.0149  -0.0520    0.335
    17   9.7556   3.0486   2.8543   0.5096  -0.0006   0.2036   0.1672  -0.0012   0.0000  -0.0162  -0.0515    0.347
    18  10.6786   2.8657   2.6239   0.4610  -0.0005   0.1959   0.1609  -0.0011   0.0000  -0.0177  -0.0515    0.360
    19  11.5760   2.6879   2.3787   0.4184  -0.0005   0.1896   0.1557  -0.0011   0.0000  -0.0192  -0.0517    0.374
    20  12.4328   2.5181   2.1010   0.3825   0.0000   0.1850   0.1519  -0.0010   0.0000  -0.0202  -0.0517    0.383
    21  13.2400   2.3582   1.8520   0.3521   0.0012   0.1819   0.1493  -0.0008   0.0000  -0.0204  -0.0513    0.387
    22  13.9941   2.2087   1.6074   0.3246   0.0027   0.1790   0.1470  -0.0007   0.0000  -0.0204  -0.0508    0.389
    23  14.6868   2.0715   1.3716   0.2983   0.0046   0.1754   0.1440  -0.0006   0.0000  -0.0202  -0.0499    0.390
    24  15.3105   1.9479   1.1479   0.2713   0.0070   0.1696   0.1393  -0.0004   0.0000  -0.0196  -0.0484    0.391
    25  15.8583   1.8393   0.9381   0.2411   0.0099   0.1597   0.1311  -0.0003   0.0000  -0.0187  -0.0457    0.392
    26  16.3244   1.7470   0.7427   0.2056   0.0129   0.1433   0.1177  -0.0002   0.0000  -0.0175  -0.0417    0.398
    27  16.6722   1.4928   0.4131   0.1653   0.0154   0.3697   0.1108  -0.0007   0.0000  -0.0143  -0.0196    0.379
    28  16.9098   1.1466   0.2292   0.1232   0.0186   0.3588   0.1075  -0.0015   0.0000  -0.0090  -0.0168    0.334
    29  17.0696   0.9138   0.1104   0.0765   0.0214   0.2795   0.0837  -0.0021   0.0000  -0.0026  -0.0110    0.280
    30  17.1499   0.7967   0.0322   0.0260   0.0230   0.1089   0.0326  -0.0015   0.0000   0.0003  -0.0037    0.241

  Surface # 2     main_wing (YDUP)                        
     # Chordwise = 10   # Spanwise = 30     First strip = 31
     Surface area =   63.968842       Ave. chord =    3.715026
     CLsurf  =   0.10089     Clsurf  =   0.01651
     CYsurf  =   0.00691     Cmsurf  =  -0.08133
     CDsurf  =   0.00134     Cnsurf  =  -0.00076
     CDisurf =   0.00134     CDvsurf =   0.00000

  Forces referred to Ssurf, Cave about hinge axis thru LE
     CLsurf  =   0.19739     CDsurf  =   0.00262
     Deflect =

 Strip Forces referred to Strip Area, Chord
    j      Yle    Chord     Area     c cl      ai      cl_norm  cl       cd       cdv    cm_c/4    cm_LE  C.P.x/c
    31  -0.0114   7.7520   0.3539   1.7043   0.0489   0.2835   0.2199   0.0863   0.0000  -0.0134   0.0557    0.311
    32  -0.1025   7.6885   1.0491   1.6456   0.0483   0.2760   0.2140   0.0184   0.0000  -0.0133   0.0545    0.312
    33  -0.2837   7.5620   1.7073   1.6375   0.0469   0.2792   0.2165   0.0140   0.0000  -0.0126   0.0544    0.308
    34  -0.5530   7.3741   2.3052   1.6251   0.0446   0.2841   0.2204   0.0119   0.0000  -0.0115   0.0543    0.302
    35  -0.9075   7.1267   2.8223   1.6016   0.0414   0.2898   0.2247   0.0109   0.0000  -0.0103   0.0542    0.296
    36  -1.3432   6.8226   3.2414   1.5610   0.0391   0.2950   0.2288   0.0089   0.0000  -0.0094   0.0543    0.291
    37  -1.8554   6.4651   3.5491   1.4993   0.0410   0.2990   0.2319   0.0064   0.0000  -0.0088   0.0544    0.288
    38  -2.4386   6.0582   3.7368   1.4146   0.0412   0.3011   0.2335   0.0049   0.0000  -0.0087   0.0547    0.287
    39  -3.0862   5.6062   3.8005   1.3070   0.0325   0.3006   0.2331   0.0029   0.0000  -0.0092   0.0550    0.289
    40  -3.7613   5.1351   3.4440   1.1806   0.0222   0.2964   0.2299   0.0011   0.0000  -0.0100   0.0549    0.293
    41  -4.4532   4.6522   3.3149   1.0538   0.0125   0.2921   0.2265  -0.0003   0.0000  -0.0105   0.0547    0.296
    42  -5.1831   4.1429   3.0930   0.9174   0.0000   0.2855   0.2214  -0.0020   0.0000  -0.0114   0.0544    0.302
    43  -6.0123   3.7903   3.4706   0.7935  -0.0069   0.2550   0.2094  -0.0025   0.0000  -0.0120   0.0572    0.307
    44  -6.9353   3.6075   3.3775   0.7027  -0.0040   0.2373   0.1948  -0.0020   0.0000  -0.0128   0.0547    0.316
    45  -7.8737   3.4215   3.2389   0.6283  -0.0021   0.2237   0.1836  -0.0016   0.0000  -0.0138   0.0530    0.325
    46  -8.8172   3.2345   3.0619   0.5649  -0.0011   0.2127   0.1746  -0.0014   0.0000  -0.0149   0.0520    0.335
    47  -9.7556   3.0486   2.8543   0.5096  -0.0006   0.2036   0.1672  -0.0012   0.0000  -0.0162   0.0515    0.347
    48 -10.6786   2.8657   2.6239   0.4610  -0.0005   0.1959   0.1609  -0.0011   0.0000  -0.0177   0.0515    0.360
    49 -11.5760   2.6879   2.3787   0.4184  -0.0005   0.1896   0.1557  -0.0011   0.0000  -0.0192   0.0517    0.374
    50 -12.4328   2.5181   2.1010   0.3825   0.0000   0.1850   0.1519  -0.0010   0.0000  -0.0202   0.0517    0.383
    51 -13.2400   2.3582   1.8520   0.3521   0.0012   0.1819   0.1493  -0.0008   0.0000  -0.0204   0.0513    0.387
    52 -13.9941   2.2087   1.6074   0.3246   0.0027   0.1790   0.1470  -0.0007   0.0000  -0.0204   0.0508    0.389
    53 -14.6868   2.0715   1.3716   0.2983   0.0046   0.1754   0.1440  -0.0006   0.0000  -0.0202   0.0499    0.390
    54 -15.3105   1.9479   1.1479   0.2713   0.0070   0.1696   0.1393  -0.0004   0.0000  -0.0196   0.0484    0.391
    55 -15.8583   1.8393   0.9381   0.2411   0.0099   0.1597   0.1311  -0.0003   0.0000  -0.0187   0.0457    0.392
    56 -16.3244   1.7470   0.7427   0.2056   0.0129   0.1433   0.1177  -0.0002   0.0000  -0.0175   0.0417    0.398
    57 -16.6722   1.4928   0.4131   0.1653   0.0154   0.3697   0.1108  -0.0007   0.0000  -0.0143   0.0196    0.379
    58 -16.9098   1.1466   0.2292   0.1232   0.0186   0.3588   0.1075  -0.0015   0.0000  -0.0090   0.0168    0.334
    59 -17.0696   0.9138   0.1104   0.0765   0.0214   0.2795   0.0837  -0.0021   0.0000  -0.0026   0.0110    0.280
    60 -17.1499   0.7967   0.0322   0.0260   0.0230   0.1089   0.0326  -0.0015   0.0000   0.0003   0.0037    0.241

  Surface # 3     horizontal_stabilizer                   
     # Chordwise = 10   # Spanwise = 30     First strip = 61
     Surface area =   20.744604       Ave. chord =    2.848572
     CLsurf  =  -0.01399     Clsurf  =   0.00129
     CYsurf  =   0.00225     Cmsurf  =   0.06693
     CDsurf  =  -0.00020     Cnsurf  =  -0.00135
     CDisurf =  -0.00020     CDvsurf =   0.00000

  Forces referred to Ssurf, Cave about hinge axis thru LE
     CLsurf  =  -0.08532     CDsurf  =  -0.00123
     Deflect =

 Strip Forces referred to Strip Area, Chord
    j      Yle    Chord     Area     c cl      ai      cl_norm  cl       cd       cdv    cm_c/4    cm_LE  C.P.x/c
    61   0.0047   4.2713   0.0803  -0.3325   0.0117  -0.1004  -0.0778   0.0159   0.0000   0.0040   0.0198    0.302
    62   0.0418   4.2566   0.2392  -0.3567   0.0114  -0.1081  -0.0838   0.0005   0.0000   0.0039   0.0209    0.296
    63   0.1156   4.2274   0.3930  -0.3586   0.0111  -0.1094  -0.0848  -0.0005   0.0000   0.0036   0.0209    0.293
    64   0.2254   4.1839   0.5386  -0.3590   0.0107  -0.1107  -0.0858  -0.0008   0.0000   0.0032   0.0208    0.287
    65   0.3698   4.1268   0.6730  -0.3589   0.0104  -0.1122  -0.0870  -0.0009   0.0000   0.0026   0.0205    0.280
    66   0.5474   4.0565   0.7936  -0.3582   0.0101  -0.1139  -0.0883  -0.0011   0.0000   0.0020   0.0203    0.272
    67   0.7617   3.9717   0.9441  -0.3565   0.0099  -0.1158  -0.0898  -0.0012   0.0000   0.0014   0.0201    0.265
    68   1.0116   3.8728   1.0344  -0.3537   0.0099  -0.1178  -0.0913  -0.0014   0.0000   0.0008   0.0199    0.259
    69   1.2891   3.7630   1.1046  -0.3491   0.0101  -0.1197  -0.0928  -0.0015   0.0000   0.0003   0.0198    0.253
    70   1.5912   3.6435   1.1542  -0.3426   0.0106  -0.1213  -0.0940  -0.0016   0.0000  -0.0001   0.0197    0.249
    71   1.9146   3.5155   1.1831  -0.3338   0.0110  -0.1225  -0.0949  -0.0016   0.0000  -0.0004   0.0197    0.245
    72   2.2558   3.3805   1.1921  -0.3226   0.0112  -0.1231  -0.0954  -0.0017   0.0000  -0.0007   0.0196    0.243
    73   2.6109   3.2400   1.1821  -0.3090   0.0110  -0.1230  -0.0954  -0.0017   0.0000  -0.0009   0.0194    0.241
    74   2.9762   3.0955   1.1548  -0.2932   0.0105  -0.1222  -0.0947  -0.0017   0.0000  -0.0010   0.0192    0.240
    75   3.3476   2.9485   1.1122  -0.2756   0.0098  -0.1206  -0.0935  -0.0016   0.0000  -0.0010   0.0188    0.239
    76   3.7210   2.8008   1.0564  -0.2566   0.0090  -0.1182  -0.0916  -0.0016   0.0000  -0.0011   0.0184    0.238
    77   4.0924   2.6538   0.9900  -0.2366   0.0083  -0.1150  -0.0892  -0.0015   0.0000  -0.0011   0.0179    0.238
    78   4.4577   2.5093   0.9155  -0.2164   0.0075  -0.1112  -0.0862  -0.0014   0.0000  -0.0011   0.0173    0.237
    79   4.8128   2.3687   0.8353  -0.1963   0.0069  -0.1069  -0.0829  -0.0013   0.0000  -0.0011   0.0165    0.236
    80   5.1540   2.2338   0.7518  -0.1767   0.0062  -0.1020  -0.0791  -0.0012   0.0000  -0.0012   0.0157    0.235
    81   5.4774   2.1058   0.6671  -0.1580   0.0056  -0.0968  -0.0750  -0.0011   0.0000  -0.0013   0.0147    0.233
    82   5.7795   1.9862   0.5830  -0.1401   0.0050  -0.0910  -0.0705  -0.0010   0.0000  -0.0015   0.0136    0.229
    83   6.0570   1.8764   0.5012  -0.1231   0.0044  -0.0846  -0.0656  -0.0009   0.0000  -0.0018   0.0124    0.223
    84   6.3069   1.7776   0.4225  -0.1069   0.0038  -0.0776  -0.0602  -0.0008   0.0000  -0.0021   0.0109    0.215
    85   6.5264   1.6907   0.3478  -0.0913   0.0032  -0.0697  -0.0540  -0.0007   0.0000  -0.0024   0.0093    0.205
    86   6.7314   1.6096   0.3326  -0.0754   0.0027  -0.0604  -0.0468  -0.0006   0.0000  -0.0027   0.0076    0.192
    87   6.9144   1.5372   0.2507  -0.0586   0.0022  -0.0492  -0.0381  -0.0005   0.0000  -0.0029   0.0056    0.174
    88   7.0535   1.4822   0.1746  -0.0418   0.0018  -0.0364  -0.0282  -0.0004   0.0000  -0.0027   0.0037    0.155
    89   7.1471   1.4451   0.1029  -0.0251   0.0015  -0.0224  -0.0174  -0.0003   0.0000  -0.0019   0.0020    0.139
    90   7.1941   1.4265   0.0340  -0.0084   0.0014  -0.0076  -0.0059  -0.0001   0.0000  -0.0007   0.0006    0.130

  Surface # 4     horizontal_stabilizer (YDUP)            
     # Chordwise = 10   # Spanwise = 30     First strip = 91
     Surface area =   20.744604       Ave. chord =    2.848572
     CLsurf  =  -0.01399     Clsurf  =  -0.00129
     CYsurf  =  -0.00225     Cmsurf  =   0.06693
     CDsurf  =  -0.00020     Cnsurf  =   0.00135
     CDisurf =  -0.00020     CDvsurf =   0.00000

  Forces referred to Ssurf, Cave about hinge axis thru LE
     CLsurf  =  -0.08532     CDsurf  =  -0.00123
     Deflect =

 Strip Forces referred to Strip Area, Chord
    j      Yle    Chord     Area     c cl      ai      cl_norm  cl       cd       cdv    cm_c/4    cm_LE  C.P.x/c
    91  -0.0047   4.2713   0.0803  -0.3325   0.0117  -0.1004  -0.0778   0.0159   0.0000   0.0040  -0.0198    0.302
    92  -0.0418   4.2566   0.2392  -0.3567   0.0114  -0.1081  -0.0838   0.0005   0.0000   0.0039  -0.0209    0.296
    93  -0.1156   4.2274   0.3930  -0.3586   0.0111  -0.1094  -0.0848  -0.0005   0.0000   0.0036  -0.0209    0.293
    94  -0.2254   4.1839   0.5386  -0.3590   0.0107  -0.1107  -0.0858  -0.0008   0.0000   0.0032  -0.0208    0.287
    95  -0.3698   4.1268   0.6730  -0.3589   0.0104  -0.1122  -0.0870  -0.0009   0.0000   0.0026  -0.0205    0.280
    96  -0.5474   4.0565   0.7936  -0.3582   0.0101  -0.1139  -0.0883  -0.0011   0.0000   0.0020  -0.0203    0.272
    97  -0.7617   3.9717   0.9441  -0.3565   0.0099  -0.1158  -0.0898  -0.0012   0.0000   0.0014  -0.0201    0.265
    98  -1.0116   3.8728   1.0344  -0.3537   0.0099  -0.1178  -0.0913  -0.0014   0.0000   0.0008  -0.0199    0.259
    99  -1.2891   3.7630   1.1046  -0.3491   0.0101  -0.1197  -0.0928  -0.0015   0.0000   0.0003  -0.0198    0.253
   100  -1.5912   3.6435   1.1542  -0.3426   0.0106  -0.1213  -0.0940  -0.0016   0.0000  -0.0001  -0.0197    0.249
   101  -1.9146   3.5155   1.1831  -0.3338   0.0110  -0.1225  -0.0949  -0.0016   0.0000  -0.0004  -0.0197    0.245
   102  -2.2558   3.3805   1.1921  -0.3226   0.0112  -0.1231  -0.0954  -0.0017   0.0000  -0.0007  -0.0196    0.243
   103  -2.6109   3.2400   1.1821  -0.3090   0.0110  -0.1230  -0.0954  -0.0017   0.0000  -0.0009  -0.0194    0.241
   104  -2.9762   3.0955   1.1548  -0.2932   0.0105  -0.1222  -0.0947  -0.0017   0.0000  -0.0010  -0.0192    0.240
   105  -3.3476   2.9485   1.1122  -0.2756   0.0098  -0.1206  -0.0935  -0.0016   0.0000  -0.0010  -0.0188    0.239
   106  -3.7210   2.8008   1.0564  -0.2566   0.0090  -0.1182  -0.0916  -0.0016   0.0000  -0.0011  -0.0184    0.238
   107  -4.0924   2.6538   0.9900  -0.2366   0.0083  -0.1150  -0.0892  -0.0015   0.0000  -0.0011  -0.0179    0.238
   108  -4.4577   2.5093   0.9155  -0.2164   0.0075  -0.1112  -0.0862  -0.0014   0.0000  -0.0011  -0.0173    0.237
   109  -4.8128   2.3687   0.8353  -0.1963   0.0069  -0.1069  -0.0829  -0.0013   0.0000  -0.0011  -0.0165    0.236
   110  -5.1540   2.2338   0.7518  -0.1767   0.0062  -0.1020  -0.0791  -0.0012   0.0000  -0.0012  -0.0157    0.235
   111  -5.4774   2.1058   0.6671  -0.1580   0.0056  -0.0968  -0.0750  -0.0011   0.0000  -0.0013  -0.0147    0.233
   112  -5.7795   1.9862   0.5830  -0.1401   0.0050  -0.0910  -0.0705  -0.0010   0.0000  -0.0015  -0.0136    0.229
   113  -6.0570   1.8764   0.5012  -0.1231   0.0044  -0.0846  -0.0656  -0.0009   0.0000  -0.0018  -0.0124    0.223
   114  -6.3069   1.7776   0.4225  -0.1069   0.0038  -0.0776  -0.0602  -0.0008   0.0000  -0.0021  -0.0109    0.215
   115  -6.5264   1.6907   0.3478  -0.0913   0.0032  -0.0697  -0.0540  -0.0007   0.0000  -0.0024  -0.0093    0.205
   116  -6.7314   1.6096   0.3326  -0.0754   0.0027  -0.0604  -0.0468  -0.0006   0.0000  -0.0027  -0.0076    0.192
   117  -6.9144   1.5372   0.2507  -0.0586   0.0022  -0.0492  -0.0381  -0.0005   0.0000  -0.0029  -0.0056    0.174
   118  -7.0535   1.4822   0.1746  -0.0418   0.0018  -0.0364  -0.0282  -0.0004   0.0000  -0.0027  -0.0037    0.155
   119  -7.1471   1.4451   0.1029  -0.0251   0.0015  -0.0224  -0.0174  -0.0003   0.0000  -0.0019  -0.0020    0.139
   120  -7.1941   1.4265   0.0340  -0.0084   0.0014  -0.0076  -0.0059  -0.0001   0.0000  -0.0007  -0.0006    0.130

  Surface # 5     vertical_stabilizer                     
     # Chordwise = 10   # Spanwise = 30     First strip =121
     Surface area =   34.910358       Ave. chord =    4.190919
     CLsurf  =   0.00000     Clsurf  =   0.00000
     CYsurf  =  -0.00000     Cmsurf  =  -0.00000
     CDsurf  =  -0.00000     Cnsurf  =   0.00000
     CDisurf =  -0.00000     CDvsurf =   0.00000

  Forces referred to Ssurf, Cave about hinge axis thru LE
     CLsurf  =   0.00000     CDsurf  =  -0.00000
     Deflect =

 Strip Forces referred to Strip Area, Chord
    j      Yle    Chord     Area     c cl      ai      cl_norm  cl       cd       cdv    cm_c/4    cm_LE  C.P.x/c
   121   0.0000  10.0347   0.6931  -0.0000  -0.0000  -0.0000  -0.0000   0.0000   0.0000  -0.0000  -0.0000   -0.978
   122   0.0000   9.8296   1.1101  -0.0000  -0.0000  -0.0000  -0.0000   0.0000   0.0000  -0.0000  -0.0000
   123   0.0000   9.5266   1.4857  -0.0000  -0.0000  -0.0000  -0.0000  -0.0000   0.0000  -0.0000  -0.0000
   124   0.0000   9.1281   1.8040  -0.0000   0.0000  -0.0000  -0.0000   0.0000   0.0000  -0.0000  -0.0000
   125   0.0000   8.6377   2.0517   0.0000  -0.0000   0.0000   0.0000  -0.0000   0.0000  -0.0000  -0.0000
   126   0.0000   8.0598   2.2181   0.0000   0.0000   0.0000   0.0000  -0.0000   0.0000  -0.0000  -0.0000
   127   0.0000   7.4000   2.2957   0.0000  -0.0000   0.0000   0.0000  -0.0000   0.0000  -0.0000  -0.0000
   128   0.0000   6.6646   2.2808   0.0000  -0.0000   0.0000   0.0000   0.0000   0.0000  -0.0000  -0.0000
   129   0.0000   5.8609   2.1733   0.0000  -0.0000   0.0000   0.0000  -0.0000   0.0000  -0.0000  -0.0000
   130   0.0000   4.9969   1.9773   0.0000  -0.0000   0.0000   0.0000  -0.0000   0.0000  -0.0000  -0.0000
   131   0.0000   4.4389   1.6667   0.0000   0.0000   0.0000   0.0000  -0.0000   0.0000  -0.0000  -0.0000
   132   0.0000   4.2198   1.6478   0.0000  -0.0000   0.0000   0.0000  -0.0000   0.0000  -0.0000  -0.0000
   133   0.0000   3.9932   1.6033   0.0000  -0.0000   0.0000   0.0000  -0.0000   0.0000  -0.0000  -0.0000
   134   0.0000   3.7615   1.5362   0.0000  -0.0000   0.0000   0.0000  -0.0000   0.0000  -0.0000  -0.0000
   135   0.0000   3.5271   1.4499  -0.0000  -0.0000  -0.0000  -0.0000  -0.0000   0.0000  -0.0000  -0.0000
   136   0.0000   3.2923   1.3482  -0.0000  -0.0000  -0.0000  -0.0000  -0.0000   0.0000  -0.0000  -0.0000
   137   0.0000   3.0597   1.2352  -0.0000  -0.0000  -0.0000  -0.0000  -0.0000   0.0000  -0.0000  -0.0000   -0.782
   138   0.0000   2.8315   1.1147  -0.0000  -0.0000  -0.0000  -0.0000  -0.0000   0.0000  -0.0000  -0.0000   -0.475
   139   0.0000   2.6103   0.9908  -0.0000  -0.0000  -0.0000  -0.0000  -0.0000   0.0000  -0.0000  -0.0000   -0.264
   140   0.0000   2.3983   0.8670  -0.0000  -0.0000  -0.0000  -0.0000  -0.0000   0.0000  -0.0000  -0.0000   -0.053
   141   0.0000   2.1977   0.7464  -0.0000   0.0000  -0.0000  -0.0000  -0.0000   0.0000  -0.0000   0.0000    0.010
   142   0.0000   2.0106   0.6318  -0.0000   0.0000  -0.0000  -0.0000  -0.0000   0.0000  -0.0000   0.0000    0.082
   143   0.0000   1.8390   0.5251  -0.0000  -0.0000  -0.0000  -0.0000  -0.0000   0.0000  -0.0000   0.0000    0.144
   144   0.0000   1.6847   0.4276  -0.0000   0.0000  -0.0000  -0.0000  -0.0000   0.0000  -0.0000   0.0000    0.151
   145   0.0000   1.5493   0.3400  -0.0000   0.0000  -0.0000  -0.0000  -0.0000   0.0000  -0.0000   0.0000    0.132
   146   0.0000   1.4342   0.2622  -0.0000   0.0000  -0.0000  -0.0000  -0.0000   0.0000  -0.0000   0.0000    0.123
   147   0.0000   1.3407   0.1933  -0.0000   0.0000  -0.0000  -0.0000  -0.0000   0.0000  -0.0000   0.0000    0.124
   148   0.0000   1.2696   0.1322  -0.0000  -0.0000  -0.0000  -0.0000  -0.0000   0.0000  -0.0000   0.0000    0.115
   149   0.0000   1.2218   0.0769  -0.0000   0.0000  -0.0000  -0.0000  -0.0000   0.0000  -0.0000   0.0000    0.091
   150   0.0000   1.1978   0.0252  -0.0000  -0.0000  -0.0000  -0.0000  -0.0000   0.0000  -0.0000   0.0000    0.075

  Surface # 6     fuselage_horizontal                     
     # Chordwise = 10   # Spanwise = 10     First strip =151
     Surface area =  123.841202       Ave. chord =   33.112617
     CLsurf  =  -0.00512     Clsurf  =   0.00000
     CYsurf  =  -0.00000     Cmsurf  =  -0.00413
     CDsurf  =   0.00003     Cnsurf  =   0.00000
     CDisurf =   0.00003     CDvsurf =   0.00000

  Forces referred to Ssurf, Cave about hinge axis thru LE
     CLsurf  =  -0.00516     CDsurf  =   0.00003
     Deflect =

 Strip Forces referred to Strip Area, Chord
    j      Yle    Chord     Area     c cl      ai      cl_norm  cl       cd       cdv    cm_c/4    cm_LE  C.P.x/c
   151  -1.6830  26.5957   9.9468  -0.1357  -0.0068  -0.0643  -0.0051  -0.0001   0.0000   0.0008   0.0003    0.407
   152  -1.3090  31.2096  11.6724  -0.1766  -0.0006  -0.0221  -0.0057   0.0000   0.0000   0.0007   0.0005    0.368
   153  -0.9350  34.0626  12.7394  -0.1822   0.0146  -0.0131  -0.0053   0.0001   0.0000   0.0003   0.0005    0.299
   154  -0.5610  36.1619  13.5246  -0.1809   0.0228  -0.0084  -0.0050   0.0001   0.0000  -0.0000   0.0006    0.249
   155  -0.1870  37.5332  14.0374  -0.1795   0.0264  -0.0056  -0.0048   0.0001   0.0000  -0.0001   0.0007    0.224
   156   0.1870  37.5332  14.0374  -0.1795   0.0264  -0.0056  -0.0048   0.0001   0.0000  -0.0001   0.0007    0.224
   157   0.5610  36.1619  13.5246  -0.1809   0.0228  -0.0084  -0.0050   0.0001   0.0000  -0.0000   0.0006    0.249
   158   0.9350  34.0626  12.7394  -0.1822   0.0146  -0.0131  -0.0053   0.0001   0.0000   0.0003   0.0005    0.299
   159   1.3090  31.2096  11.6724  -0.1766  -0.0006  -0.0221  -0.0057   0.0000   0.0000   0.0007   0.0005    0.368
   160   1.6830  26.5957   9.9468  -0.1357  -0.0068  -0.0643  -0.0051  -0.0001   0.0000   0.0008   0.0003    0.407

  Surface # 7     fuselage_vertical                       
     # Chordwise = 10   # Spanwise = 10     First strip =161
     Surface area =  123.841202       Ave. chord =   33.112617
     CLsurf  =  -0.00000     Clsurf  =   0.00000
     CYsurf  =   0.00000     Cmsurf  =   0.00000
     CDsurf  =  -0.00000     Cnsurf  =  -0.00000
     CDisurf =  -0.00000     CDvsurf =   0.00000

  Forces referred to Ssurf, Cave about hinge axis thru LE
     CLsurf  =  -0.00000     CDsurf  =  -0.00000
     Deflect =

 Strip Forces referred to Strip Area, Chord
    j      Yle    Chord     Area     c cl      ai      cl_norm  cl       cd       cdv    cm_c/4    cm_LE  C.P.x/c
   161   0.0000  26.5957   9.9468  -0.0000  -0.0000  -0.0000  -0.0000  -0.0000   0.0000   0.0000   0.0000    0.927
   162   0.0000  31.2096  11.6724  -0.0000  -0.0000  -0.0000  -0.0000  -0.0000   0.0000   0.0000   0.0000    0.657
   163   0.0000  34.0626  12.7394  -0.0000  -0.0000  -0.0000  -0.0000   0.0000   0.0000   0.0000   0.0000    0.680
   164   0.0000  36.1619  13.5246  -0.0000   0.0000  -0.0000  -0.0000  -0.0000   0.0000   0.0000   0.0000    0.671
   165   0.0000  37.5332  14.0374  -0.0000   0.0000  -0.0000  -0.0000  -0.0000   0.0000   0.0000   0.0000    0.652
   166   0.0000  37.5332  14.0374  -0.0000   0.0000  -0.0000  -0.0000  -0.0000   0.0000   0.0000   0.0000    0.641
   167   0.0000  36.1619  13.5246  -0.0000   0.0000  -0.0000  -0.0000  -0.0000   0.0000   0.0000   0.0000    0.623
   168   0.0000  34.0626  12.7394  -0.0000   0.0000  -0.0000  -0.0000  -0.0000   0.0000   0.0000   0.0000    0.592
   169   0.0000  31.2096  11.6724  -0.0000   0.0000  -0.0000  -0.0000  -0.0000   0.0000   0.0000   0.0000    0.531
   170   0.0000  26.5957   9.9468  -0.0000  -0.0000  -0.0000  -0.0000   0.0000   0.0000   0.0000   0.0000    0.494
 ---------------------------------------------------------------
