 ---------------------------------------------------------------
 Surface and Strip Forces by surface

  Forces referred to Sref, Cref, Bref about Xref, Yref, Zref
 Standard axis orientation,  X fwd, Z down         

  Surface # 1     main_wing                               
     # Chordwise = 10   # Spanwise = 30     First strip =  1
     Surface area =   63.968842       Ave. chord =    3.715026
     CLsurf  =   0.09360     Clsurf  =  -0.01507
     CYsurf  =  -0.00633     Cmsurf  =  -0.07417
     CDsurf  =   0.00121     Cnsurf  =   0.00070
     CDisurf =   0.00121     CDvsurf =   0.00000

  Forces referred to Ssurf, Cave about hinge axis thru LE
     CLsurf  =   0.18311     CDsurf  =   0.00236
     Deflect =

 Strip Forces referred to Strip Area, Chord
    j      Yle    Chord     Area     c cl      ai      cl_norm  cl       cd       cdv    cm_c/4    cm_LE  C.P.x/c
     1   0.0114   7.7520   0.3539   1.6156   0.0479   0.2687   0.2084   0.0737   0.0000  -0.0118  -0.0520    0.306
     2   0.1025   7.6885   1.0491   1.5663   0.0473   0.2627   0.2037   0.0165   0.0000  -0.0117  -0.0510    0.307
     3   0.2837   7.5620   1.7073   1.5589   0.0460   0.2658   0.2061   0.0128   0.0000  -0.0109  -0.0509    0.303
     4   0.5530   7.3741   2.3052   1.5467   0.0436   0.2704   0.2098   0.0109   0.0000  -0.0099  -0.0508    0.297
     5   0.9075   7.1267   2.8223   1.5233   0.0405   0.2756   0.2137   0.0098   0.0000  -0.0088  -0.0507    0.291
     6   1.3432   6.8226   3.2414   1.4829   0.0383   0.2802   0.2173   0.0079   0.0000  -0.0080  -0.0508    0.287
     7   1.8554   6.4651   3.5491   1.4216   0.0401   0.2835   0.2199   0.0055   0.0000  -0.0075  -0.0509    0.284
     8   2.4386   6.0582   3.7368   1.3377   0.0402   0.2847   0.2208   0.0043   0.0000  -0.0075  -0.0511    0.284
     9   3.0862   5.6062   3.8005   1.2308   0.0315   0.2831   0.2195   0.0026   0.0000  -0.0080  -0.0512    0.286
    10   3.7613   5.1351   3.4440   1.1099   0.0212   0.2787   0.2161   0.0015   0.0000  -0.0087  -0.0511    0.290
    11   4.4532   4.6522   3.3149   0.9836   0.0116   0.2726   0.2114  -0.0005   0.0000  -0.0093  -0.0507    0.294
    12   5.1831   4.1429   3.0930   0.8493  -0.0008   0.2643   0.2050  -0.0019   0.0000  -0.0103  -0.0501    0.300
    13   6.0123   3.7903   3.4706   0.7287  -0.0076   0.2341   0.1922  -0.0023   0.0000  -0.0109  -0.0524    0.307
    14   6.9353   3.6075   3.3775   0.6415  -0.0048   0.2166   0.1778  -0.0018   0.0000  -0.0117  -0.0499    0.316
    15   7.8737   3.4215   3.2389   0.5709  -0.0030   0.2032   0.1668  -0.0014   0.0000  -0.0126  -0.0482    0.325
    16   8.8172   3.2345   3.0619   0.5112  -0.0019   0.1925   0.1580  -0.0012   0.0000  -0.0136  -0.0472    0.336
    17   9.7556   3.0486   2.8543   0.4596  -0.0014   0.1836   0.1508  -0.0011   0.0000  -0.0148  -0.0466    0.348
    18  10.6786   2.8657   2.6239   0.4146  -0.0012   0.1762   0.1447  -0.0010   0.0000  -0.0162  -0.0465    0.362
    19  11.5760   2.6879   2.3787   0.3755  -0.0012   0.1701   0.1397  -0.0009   0.0000  -0.0176  -0.0467    0.376
    20  12.4328   2.5181   2.1010   0.3428  -0.0007   0.1658   0.1361  -0.0008   0.0000  -0.0185  -0.0467    0.386
    21  13.2400   2.3582   1.8520   0.3155   0.0005   0.1630   0.1338  -0.0007   0.0000  -0.0187  -0.0463    0.390
    22  13.9941   2.2087   1.6074   0.2911   0.0020   0.1605   0.1318  -0.0005   0.0000  -0.0187  -0.0459    0.392
    23  14.6868   2.0715   1.3716   0.2680   0.0038   0.1576   0.1294  -0.0004   0.0000  -0.0186  -0.0453    0.394
    24  15.3105   1.9479   1.1479   0.2443   0.0061   0.1528   0.1254  -0.0003   0.0000  -0.0182  -0.0440    0.395
    25  15.8583   1.8393   0.9381   0.2180   0.0089   0.1444   0.1185  -0.0002   0.0000  -0.0174  -0.0418    0.397
    26  16.3244   1.7470   0.7427   0.1867   0.0118   0.1302   0.1069  -0.0001   0.0000  -0.0164  -0.0383    0.404
    27  16.6722   1.4928   0.4131   0.1507   0.0143   0.3369   0.1009  -0.0004   0.0000  -0.0137  -0.0182    0.386
    28  16.9098   1.1466   0.2292   0.1128   0.0176   0.3283   0.0984  -0.0012   0.0000  -0.0091  -0.0158    0.343
    29  17.0696   0.9138   0.1104   0.0703   0.0207   0.2568   0.0769  -0.0016   0.0000  -0.0033  -0.0105    0.292
    30  17.1499   0.7967   0.0322   0.0239   0.0225   0.1003   0.0301  -0.0012   0.0000  -0.0001  -0.0036    0.254

  Surface # 2     main_wing (YDUP)                        
     # Chordwise = 10   # Spanwise = 30     First strip = 31
     Surface area =   63.968842       Ave. chord =    3.715026
     CLsurf  =   0.09360     Clsurf  =   0.01507
     CYsurf  =   0.00633     Cmsurf  =  -0.07417
     CDsurf  =   0.00121     Cnsurf  =  -0.00070
     CDisurf =   0.00121     CDvsurf =   0.00000

  Forces referred to Ssurf, Cave about hinge axis thru LE
     CLsurf  =   0.18311     CDsurf  =   0.00236
     Deflect =

 Strip Forces referred to Strip Area, Chord
    j      Yle    Chord     Area     c cl      ai      cl_norm  cl       cd       cdv    cm_c/4    cm_LE  C.P.x/c
    31  -0.0114   7.7520   0.3539   1.6156   0.0479   0.2687   0.2084   0.0737   0.0000  -0.0118   0.0520    0.306
    32  -0.1025   7.6885   1.0491   1.5663   0.0473   0.2627   0.2037   0.0165   0.0000  -0.0117   0.0510    0.307
    33  -0.2837   7.5620   1.7073   1.5589   0.0460   0.2658   0.2061   0.0128   0.0000  -0.0109   0.0509    0.303
    34  -0.5530   7.3741   2.3052   1.5467   0.0436   0.2704   0.2098   0.0109   0.0000  -0.0099   0.0508    0.297
    35  -0.9075   7.1267   2.8223   1.5233   0.0405   0.2756   0.2137   0.0098   0.0000  -0.0088   0.0507    0.291
    36  -1.3432   6.8226   3.2414   1.4829   0.0383   0.2802   0.2173   0.0079   0.0000  -0.0080   0.0508    0.287
    37  -1.8554   6.4651   3.5491   1.4216   0.0401   0.2835   0.2199   0.0055   0.0000  -0.0075   0.0509    0.284
    38  -2.4386   6.0582   3.7368   1.3377   0.0402   0.2847   0.2208   0.0043   0.0000  -0.0075   0.0511    0.284
    39  -3.0862   5.6062   3.8005   1.2308   0.0315   0.2831   0.2195   0.0026   0.0000  -0.0080   0.0512    0.286
    40  -3.7613   5.1351   3.4440   1.1099   0.0212   0.2787   0.2161   0.0015   0.0000  -0.0087   0.0511    0.290
    41  -4.4532   4.6522   3.3149   0.9836   0.0116   0.2726   0.2114  -0.0005   0.0000  -0.0093   0.0507    0.294
    42  -5.1831   4.1429   3.0930   0.8493  -0.0008   0.2643   0.2050  -0.0019   0.0000  -0.0103   0.0501    0.300
    43  -6.0123   3.7903   3.4706   0.7287  -0.0076   0.2341   0.1922  -0.0023   0.0000  -0.0109   0.0524    0.307
    44  -6.9353   3.6075   3.3775   0.6415  -0.0048   0.2166   0.1778  -0.0018   0.0000  -0.0117   0.0499    0.316
    45  -7.8737   3.4215   3.2389   0.5709  -0.0030   0.2032   0.1668  -0.0014   0.0000  -0.0126   0.0482    0.325
    46  -8.8172   3.2345   3.0619   0.5112  -0.0019   0.1925   0.1580  -0.0012   0.0000  -0.0136   0.0472    0.336
    47  -9.7556   3.0486   2.8543   0.4596  -0.0014   0.1836   0.1508  -0.0011   0.0000  -0.0148   0.0466    0.348
    48 -10.6786   2.8657   2.6239   0.4146  -0.0012   0.1762   0.1447  -0.0010   0.0000  -0.0162   0.0465    0.362
    49 -11.5760   2.6879   2.3787   0.3755  -0.0012   0.1701   0.1397  -0.0009   0.0000  -0.0176   0.0467    0.376
    50 -12.4328   2.5181   2.1010   0.3428  -0.0007   0.1658   0.1361  -0.0008   0.0000  -0.0185   0.0467    0.386
    51 -13.2400   2.3582   1.8520   0.3155   0.0005   0.1630   0.1338  -0.0007   0.0000  -0.0187   0.0463    0.390
    52 -13.9941   2.2087   1.6074   0.2911   0.0020   0.1605   0.1318  -0.0005   0.0000  -0.0187   0.0459    0.392
    53 -14.6868   2.0715   1.3716   0.2680   0.0038   0.1576   0.1294  -0.0004   0.0000  -0.0186   0.0453    0.394
    54 -15.3105   1.9479   1.1479   0.2443   0.0061   0.1528   0.1254  -0.0003   0.0000  -0.0182   0.0440    0.395
    55 -15.8583   1.8393   0.9381   0.2180   0.0089   0.1444   0.1185  -0.0002   0.0000  -0.0174   0.0418    0.397
    56 -16.3244   1.7470   0.7427   0.1867   0.0118   0.1302   0.1069  -0.0001   0.0000  -0.0164   0.0383    0.404
    57 -16.6722   1.4928   0.4131   0.1507   0.0143   0.3369   0.1009  -0.0004   0.0000  -0.0137   0.0182    0.386
    58 -16.9098   1.1466   0.2292   0.1128   0.0176   0.3283   0.0984  -0.0012   0.0000  -0.0091   0.0158    0.343
    59 -17.0696   0.9138   0.1104   0.0703   0.0207   0.2568   0.0769  -0.0016   0.0000  -0.0033   0.0105    0.292
    60 -17.1499   0.7967   0.0322   0.0239   0.0225   0.1003   0.0301  -0.0012   0.0000  -0.0001   0.0036    0.254

  Surface # 3     horizontal_stabilizer                   
     # Chordwise = 10   # Spanwise = 30     First strip = 61
     Surface area =   20.744604       Ave. chord =    2.848572
     CLsurf  =  -0.01263     Clsurf  =   0.00115
     CYsurf  =   0.00203     Cmsurf  =   0.06033
     CDsurf  =  -0.00018     Cnsurf  =  -0.00121
     CDisurf =  -0.00018     CDvsurf =   0.00000

  Forces referred to Ssurf, Cave about hinge axis thru LE
     CLsurf  =  -0.07698     CDsurf  =  -0.00110
     Deflect =

 Strip Forces referred to Strip Area, Chord
    j      Yle    Chord     Area     c cl      ai      cl_norm  cl       cd       cdv    cm_c/4    cm_LE  C.P.x/c
    61   0.0047   4.2713   0.0803  -0.3092   0.0112  -0.0933  -0.0724   0.0122   0.0000   0.0033   0.0181    0.296
    62   0.0418   4.2566   0.2392  -0.3280   0.0109  -0.0994  -0.0771   0.0003   0.0000   0.0032   0.0189    0.291
    63   0.1156   4.2274   0.3930  -0.3295   0.0106  -0.1005  -0.0779  -0.0005   0.0000   0.0029   0.0189    0.287
    64   0.2254   4.1839   0.5386  -0.3298   0.0103  -0.1017  -0.0788  -0.0008   0.0000   0.0025   0.0187    0.282
    65   0.3698   4.1268   0.6730  -0.3296   0.0100  -0.1030  -0.0799  -0.0009   0.0000   0.0020   0.0185    0.275
    66   0.5474   4.0565   0.7936  -0.3288   0.0098  -0.1045  -0.0811  -0.0010   0.0000   0.0014   0.0183    0.268
    67   0.7617   3.9717   0.9441  -0.3271   0.0097  -0.1062  -0.0824  -0.0011   0.0000   0.0009   0.0181    0.261
    68   1.0116   3.8728   1.0344  -0.3242   0.0097  -0.1080  -0.0837  -0.0013   0.0000   0.0004   0.0180    0.255
    69   1.2891   3.7630   1.1046  -0.3196   0.0100  -0.1096  -0.0849  -0.0014   0.0000   0.0000   0.0179    0.250
    70   1.5912   3.6435   1.1542  -0.3131   0.0105  -0.1109  -0.0859  -0.0014   0.0000  -0.0003   0.0179    0.247
    71   1.9146   3.5155   1.1831  -0.3045   0.0110  -0.1117  -0.0866  -0.0015   0.0000  -0.0005   0.0178    0.244
    72   2.2558   3.3805   1.1921  -0.2936   0.0112  -0.1120  -0.0868  -0.0015   0.0000  -0.0007   0.0177    0.242
    73   2.6109   3.2400   1.1821  -0.2804   0.0111  -0.1116  -0.0865  -0.0015   0.0000  -0.0008   0.0176    0.240
    74   2.9762   3.0955   1.1548  -0.2651   0.0106  -0.1105  -0.0856  -0.0015   0.0000  -0.0009   0.0173    0.240
    75   3.3476   2.9485   1.1122  -0.2482   0.0100  -0.1086  -0.0842  -0.0014   0.0000  -0.0009   0.0170    0.239
    76   3.7210   2.8008   1.0564  -0.2300   0.0092  -0.1059  -0.0821  -0.0014   0.0000  -0.0009   0.0166    0.239
    77   4.0924   2.6538   0.9900  -0.2112   0.0085  -0.1026  -0.0796  -0.0013   0.0000  -0.0009   0.0160    0.239
    78   4.4577   2.5093   0.9155  -0.1921   0.0077  -0.0988  -0.0766  -0.0012   0.0000  -0.0009   0.0154    0.239
    79   4.8128   2.3687   0.8353  -0.1734   0.0071  -0.0944  -0.0732  -0.0011   0.0000  -0.0009   0.0147    0.238
    80   5.1540   2.2338   0.7518  -0.1554   0.0064  -0.0897  -0.0696  -0.0010   0.0000  -0.0009   0.0139    0.237
    81   5.4774   2.1058   0.6671  -0.1383   0.0058  -0.0847  -0.0657  -0.0009   0.0000  -0.0010   0.0130    0.235
    82   5.7795   1.9862   0.5830  -0.1222   0.0052  -0.0793  -0.0615  -0.0008   0.0000  -0.0011   0.0121    0.232
    83   6.0570   1.8764   0.5012  -0.1070   0.0046  -0.0736  -0.0570  -0.0007   0.0000  -0.0013   0.0110    0.228
    84   6.3069   1.7776   0.4225  -0.0927   0.0040  -0.0673  -0.0522  -0.0006   0.0000  -0.0015   0.0097    0.221
    85   6.5264   1.6907   0.3478  -0.0791   0.0034  -0.0603  -0.0468  -0.0005   0.0000  -0.0018   0.0083    0.211
    86   6.7314   1.6096   0.3326  -0.0652   0.0028  -0.0523  -0.0405  -0.0005   0.0000  -0.0021   0.0068    0.198
    87   6.9144   1.5372   0.2507  -0.0507   0.0023  -0.0425  -0.0330  -0.0004   0.0000  -0.0023   0.0050    0.181
    88   7.0535   1.4822   0.1746  -0.0362   0.0019  -0.0315  -0.0244  -0.0003   0.0000  -0.0021   0.0034    0.163
    89   7.1471   1.4451   0.1029  -0.0217   0.0016  -0.0194  -0.0150  -0.0002   0.0000  -0.0016   0.0019    0.146
    90   7.1941   1.4265   0.0340  -0.0072   0.0014  -0.0065  -0.0051  -0.0001   0.0000  -0.0006   0.0006    0.136

  Surface # 4     horizontal_stabilizer (YDUP)            
     # Chordwise = 10   # Spanwise = 30     First strip = 91
     Surface area =   20.744604       Ave. chord =    2.848572
     CLsurf  =  -0.01263     Clsurf  =  -0.00115
     CYsurf  =  -0.00203     Cmsurf  =   0.06033
     CDsurf  =  -0.00018     Cnsurf  =   0.00121
     CDisurf =  -0.00018     CDvsurf =   0.00000

  Forces referred to Ssurf, Cave about hinge axis thru LE
     CLsurf  =  -0.07698     CDsurf  =  -0.00110
     Deflect =

 Strip Forces referred to Strip Area, Chord
    j      Yle    Chord     Area     c cl      ai      cl_norm  cl       cd       cdv    cm_c/4    cm_LE  C.P.x/c
    91  -0.0047   4.2713   0.0803  -0.3092   0.0112  -0.0933  -0.0724   0.0122   0.0000   0.0033  -0.0181    0.296
    92  -0.0418   4.2566   0.2392  -0.3280   0.0109  -0.0994  -0.0771   0.0003   0.0000   0.0032  -0.0189    0.291
    93  -0.1156   4.2274   0.3930  -0.3295   0.0106  -0.1005  -0.0779  -0.0005   0.0000   0.0029  -0.0189    0.287
    94  -0.2254   4.1839   0.5386  -0.3298   0.0103  -0.1017  -0.0788  -0.0008   0.0000   0.0025  -0.0187    0.282
    95  -0.3698   4.1268   0.6730  -0.3296   0.0100  -0.1030  -0.0799  -0.0009   0.0000   0.0020  -0.0185    0.275
    96  -0.5474   4.0565   0.7936  -0.3288   0.0098  -0.1045  -0.0811  -0.0010   0.0000   0.0014  -0.0183    0.268
    97  -0.7617   3.9717   0.9441  -0.3271   0.0097  -0.1062  -0.0824  -0.0011   0.0000   0.0009  -0.0181    0.261
    98  -1.0116   3.8728   1.0344  -0.3242   0.0097  -0.1080  -0.0837  -0.0013   0.0000   0.0004  -0.0180    0.255
    99  -1.2891   3.7630   1.1046  -0.3196   0.0100  -0.1096  -0.0849  -0.0014   0.0000   0.0000  -0.0179    0.250
   100  -1.5912   3.6435   1.1542  -0.3131   0.0105  -0.1109  -0.0859  -0.0014   0.0000  -0.0003  -0.0179    0.247
   101  -1.9146   3.5155   1.1831  -0.3045   0.0110  -0.1117  -0.0866  -0.0015   0.0000  -0.0005  -0.0178    0.244
   102  -2.2558   3.3805   1.1921  -0.2936   0.0112  -0.1120  -0.0868  -0.0015   0.0000  -0.0007  -0.0177    0.242
   103  -2.6109   3.2400   1.1821  -0.2804   0.0111  -0.1116  -0.0865  -0.0015   0.0000  -0.0008  -0.0176    0.240
   104  -2.9762   3.0955   1.1548  -0.2651   0.0106  -0.1105  -0.0856  -0.0015   0.0000  -0.0009  -0.0173    0.240
   105  -3.3476   2.9485   1.1122  -0.2482   0.0100  -0.1086  -0.0842  -0.0014   0.0000  -0.0009  -0.0170    0.239
   106  -3.7210   2.8008   1.0564  -0.2300   0.0092  -0.1059  -0.0821  -0.0014   0.0000  -0.0009  -0.0166    0.239
   107  -4.0924   2.6538   0.9900  -0.2112   0.0085  -0.1026  -0.0796  -0.0013   0.0000  -0.0009  -0.0160    0.239
   108  -4.4577   2.5093   0.9155  -0.1921   0.0077  -0.0988  -0.0766  -0.0012   0.0000  -0.0009  -0.0154    0.239
   109  -4.8128   2.3687   0.8353  -0.1734   0.0071  -0.0944  -0.0732  -0.0011   0.0000  -0.0009  -0.0147    0.238
   110  -5.1540   2.2338   0.7518  -0.1554   0.0064  -0.0897  -0.0696  -0.0010   0.0000  -0.0009  -0.0139    0.237
   111  -5.4774   2.1058   0.6671  -0.1383   0.0058  -0.0847  -0.0657  -0.0009   0.0000  -0.0010  -0.0130    0.235
   112  -5.7795   1.9862   0.5830  -0.1222   0.0052  -0.0793  -0.0615  -0.0008   0.0000  -0.0011  -0.0121    0.232
   113  -6.0570   1.8764   0.5012  -0.1070   0.0046  -0.0736  -0.0570  -0.0007   0.0000  -0.0013  -0.0110    0.228
   114  -6.3069   1.7776   0.4225  -0.0927   0.0040  -0.0673  -0.0522  -0.0006   0.0000  -0.0015  -0.0097    0.221
   115  -6.5264   1.6907   0.3478  -0.0791   0.0034  -0.0603  -0.0468  -0.0005   0.0000  -0.0018  -0.0083    0.211
   116  -6.7314   1.6096   0.3326  -0.0652   0.0028  -0.0523  -0.0405  -0.0005   0.0000  -0.0021  -0.0068    0.198
   117  -6.9144   1.5372   0.2507  -0.0507   0.0023  -0.0425  -0.0330  -0.0004   0.0000  -0.0023  -0.0050    0.181
   118  -7.0535   1.4822   0.1746  -0.0362   0.0019  -0.0315  -0.0244  -0.0003   0.0000  -0.0021  -0.0034    0.163
   119  -7.1471   1.4451   0.1029  -0.0217   0.0016  -0.0194  -0.0150  -0.0002   0.0000  -0.0016  -0.0019    0.146
   120  -7.1941   1.4265   0.0340  -0.0072   0.0014  -0.0065  -0.0051  -0.0001   0.0000  -0.0006  -0.0006    0.136

  Surface # 5     vertical_stabilizer                     
     # Chordwise = 10   # Spanwise = 30     First strip =121
     Surface area =   34.910358       Ave. chord =    4.190919
     CLsurf  =   0.00000     Clsurf  =   0.00000
     CYsurf  =   0.00000     Cmsurf  =  -0.00000
     CDsurf  =  -0.00000     Cnsurf  =  -0.00000
     CDisurf =  -0.00000     CDvsurf =   0.00000

  Forces referred to Ssurf, Cave about hinge axis thru LE
     CLsurf  =  -0.00000     CDsurf  =  -0.00000
     Deflect =

 Strip Forces referred to Strip Area, Chord
    j      Yle    Chord     Area     c cl      ai      cl_norm  cl       cd       cdv    cm_c/4    cm_LE  C.P.x/c
   121   0.0000  10.0347   0.6931  -0.0000  -0.0000  -0.0000  -0.0000   0.0000   0.0000  -0.0000  -0.0000   -0.060
   122   0.0000   9.8296   1.1101  -0.0000  -0.0000  -0.0000  -0.0000   0.0000   0.0000  -0.0000  -0.0000   -0.118
   123   0.0000   9.5266   1.4857  -0.0000  -0.0000  -0.0000  -0.0000  -0.0000   0.0000  -0.0000  -0.0000   -0.221
   124   0.0000   9.1281   1.8040  -0.0000   0.0000  -0.0000  -0.0000  -0.0000   0.0000  -0.0000  -0.0000   -0.383
   125   0.0000   8.6377   2.0517  -0.0000   0.0000  -0.0000  -0.0000  -0.0000   0.0000  -0.0000  -0.0000   -0.483
   126   0.0000   8.0598   2.2181  -0.0000  -0.0000  -0.0000  -0.0000  -0.0000   0.0000  -0.0000  -0.0000   -0.502
   127   0.0000   7.4000   2.2957  -0.0000   0.0000  -0.0000  -0.0000  -0.0000   0.0000  -0.0000  -0.0000   -0.452
   128   0.0000   6.6646   2.2808  -0.0000  -0.0000  -0.0000  -0.0000  -0.0000   0.0000  -0.0000  -0.0000   -0.385
   129   0.0000   5.8609   2.1733  -0.0000  -0.0000  -0.0000  -0.0000  -0.0000   0.0000  -0.0000  -0.0000   -0.318
   130   0.0000   4.9969   1.9773  -0.0000  -0.0000  -0.0000  -0.0000  -0.0000   0.0000  -0.0000  -0.0000   -0.244
   131   0.0000   4.4389   1.6667  -0.0000  -0.0000  -0.0000  -0.0000  -0.0000   0.0000  -0.0000  -0.0000   -0.182
   132   0.0000   4.2198   1.6478  -0.0000  -0.0000  -0.0000  -0.0000  -0.0000   0.0000  -0.0000  -0.0000   -0.085
   133   0.0000   3.9932   1.6033  -0.0000  -0.0000  -0.0000  -0.0000  -0.0000   0.0000  -0.0000  -0.0000   -0.036
   134   0.0000   3.7615   1.5362  -0.0000  -0.0000  -0.0000  -0.0000  -0.0000   0.0000  -0.0000   0.0000    0.011
   135   0.0000   3.5271   1.4499  -0.0000  -0.0000  -0.0000  -0.0000  -0.0000   0.0000  -0.0000   0.0000    0.073
   136   0.0000   3.2923   1.3482  -0.0000  -0.0000  -0.0000  -0.0000  -0.0000   0.0000  -0.0000   0.0000    0.132
   137   0.0000   3.0597   1.2352  -0.0000  -0.0000  -0.0000  -0.0000  -0.0000   0.0000  -0.0000   0.0000    0.121
   138   0.0000   2.8315   1.1147  -0.0000  -0.0000  -0.0000  -0.0000  -0.0000   0.0000  -0.0000   0.0000    0.164
   139   0.0000   2.6103   0.9908  -0.0000   0.0000  -0.0000  -0.0000  -0.0000   0.0000  -0.0000   0.0000    0.180
   140   0.0000   2.3983   0.8670  -0.0000   0.0000  -0.0000  -0.0000  -0.0000   0.0000  -0.0000   0.0000    0.188
   141   0.0000   2.1977   0.7464  -0.0000   0.0000  -0.0000  -0.0000  -0.0000   0.0000  -0.0000   0.0000    0.196
   142   0.0000   2.0106   0.6318  -0.0000  -0.0000  -0.0000  -0.0000  -0.0000   0.0000  -0.0000   0.0000    0.199
   143   0.0000   1.8390   0.5251  -0.0000  -0.0000  -0.0000  -0.0000  -0.0000   0.0000  -0.0000   0.0000    0.207
   144   0.0000   1.6847   0.4276  -0.0000  -0.0000  -0.0000  -0.0000  -0.0000   0.0000  -0.0000   0.0000    0.197
   145   0.0000   1.5493   0.3400  -0.0000  -0.0000  -0.0000  -0.0000  -0.0000   0.0000  -0.0000   0.0000    0.182
   146   0.0000   1.4342   0.2622  -0.0000  -0.0000  -0.0000  -0.0000  -0.0000   0.0000  -0.0000   0.0000    0.172
   147   0.0000   1.3407   0.1933  -0.0000  -0.0000  -0.0000  -0.0000  -0.0000   0.0000  -0.0000   0.0000    0.153
   148   0.0000   1.2696   0.1322  -0.0000  -0.0000  -0.0000  -0.0000  -0.0000   0.0000  -0.0000   0.0000    0.142
   149   0.0000   1.2218   0.0769  -0.0000  -0.0000  -0.0000  -0.0000  -0.0000   0.0000  -0.0000   0.0000    0.134
   150   0.0000   1.1978   0.0252  -0.0000   0.0000  -0.0000  -0.0000  -0.0000   0.0000  -0.0000   0.0000    0.102

  Surface # 6     fuselage_horizontal                     
     # Chordwise = 10   # Spanwise = 10     First strip =151
     Surface area =  123.841202       Ave. chord =   33.112617
     CLsurf  =  -0.00509     Clsurf  =   0.00000
     CYsurf  =  -0.00000     Cmsurf  =  -0.00349
     CDsurf  =   0.00002     Cnsurf  =   0.00000
     CDisurf =   0.00002     CDvsurf =   0.00000

  Forces referred to Ssurf, Cave about hinge axis thru LE
     CLsurf  =  -0.00514     CDsurf  =   0.00002
     Deflect =

 Strip Forces referred to Strip Area, Chord
    j      Yle    Chord     Area     c cl      ai      cl_norm  cl       cd       cdv    cm_c/4    cm_LE  C.P.x/c
   151  -1.6830  26.5957   9.9468  -0.1334  -0.0065  -0.0633  -0.0050  -0.0001   0.0000   0.0008   0.0003    0.415
   152  -1.3090  31.2096  11.6724  -0.1740  -0.0000  -0.0218  -0.0056   0.0000   0.0000   0.0007   0.0005    0.377
   153  -0.9350  34.0626  12.7394  -0.1814   0.0137  -0.0130  -0.0053   0.0000   0.0000   0.0003   0.0006    0.314
   154  -0.5610  36.1619  13.5246  -0.1812   0.0216  -0.0084  -0.0050   0.0001   0.0000   0.0001   0.0006    0.269
   155  -0.1870  37.5332  14.0374  -0.1803   0.0252  -0.0056  -0.0048   0.0001   0.0000  -0.0000   0.0008    0.247
   156   0.1870  37.5332  14.0374  -0.1803   0.0252  -0.0056  -0.0048   0.0001   0.0000  -0.0000   0.0008    0.247
   157   0.5610  36.1619  13.5246  -0.1812   0.0216  -0.0084  -0.0050   0.0001   0.0000   0.0001   0.0006    0.269
   158   0.9350  34.0626  12.7394  -0.1814   0.0137  -0.0130  -0.0053   0.0000   0.0000   0.0003   0.0006    0.314
   159   1.3090  31.2096  11.6724  -0.1740  -0.0000  -0.0218  -0.0056   0.0000   0.0000   0.0007   0.0005    0.377
   160   1.6830  26.5957   9.9468  -0.1334  -0.0065  -0.0633  -0.0050  -0.0001   0.0000   0.0008   0.0003    0.415

  Surface # 7     fuselage_vertical                       
     # Chordwise = 10   # Spanwise = 10     First strip =161
     Surface area =  123.841202       Ave. chord =   33.112617
     CLsurf  =  -0.00000     Clsurf  =   0.00000
     CYsurf  =   0.00000     Cmsurf  =   0.00000
     CDsurf  =   0.00000     Cnsurf  =  -0.00000
     CDisurf =   0.00000     CDvsurf =   0.00000

  Forces referred to Ssurf, Cave about hinge axis thru LE
     CLsurf  =  -0.00000     CDsurf  =   0.00000
     Deflect =

 Strip Forces referred to Strip Area, Chord
    j      Yle    Chord     Area     c cl      ai      cl_norm  cl       cd       cdv    cm_c/4    cm_LE  C.P.x/c
   161   0.0000  26.5957   9.9468  -0.0000  -0.0000  -0.0000  -0.0000   0.0000   0.0000   0.0000   0.0000    1.031
   162   0.0000  31.2096  11.6724  -0.0000  -0.0000  -0.0000  -0.0000  -0.0000   0.0000   0.0000   0.0000    0.661
   163   0.0000  34.0626  12.7394  -0.0000  -0.0000  -0.0000  -0.0000   0.0000   0.0000   0.0000   0.0000    0.634
   164   0.0000  36.1619  13.5246  -0.0000   0.0000  -0.0000  -0.0000   0.0000   0.0000   0.0000   0.0000    0.616
   165   0.0000  37.5332  14.0374  -0.0000   0.0000  -0.0000  -0.0000  -0.0000   0.0000   0.0000   0.0000    0.601
   166   0.0000  37.5332  14.0374  -0.0000   0.0000  -0.0000  -0.0000   0.0000   0.0000   0.0000   0.0000    0.596
   167   0.0000  36.1619  13.5246  -0.0000   0.0000  -0.0000  -0.0000   0.0000   0.0000   0.0000   0.0000    0.581
   168   0.0000  34.0626  12.7394  -0.0000   0.0000  -0.0000  -0.0000   0.0000   0.0000   0.0000   0.0000    0.560
   169   0.0000  31.2096  11.6724  -0.0000   0.0000  -0.0000  -0.0000   0.0000   0.0000   0.0000   0.0000    0.510
   170   0.0000  26.5957   9.9468  -0.0000  -0.0000  -0.0000  -0.0000   0.0000   0.0000   0.0000   0.0000    0.488
 ---------------------------------------------------------------
