 ---------------------------------------------------------------
 Surface and Strip Forces by surface

  Forces referred to Sref, Cref, Bref about Xref, Yref, Zref
 Standard axis orientation,  X fwd, Z down         

  Surface # 1     main_wing                               
     # Chordwise = 10   # Spanwise = 20     First strip =  1
     Surface area =   63.790974       Ave. chord =    3.717419
     CLsurf  =  -2.36220     Clsurf  =   0.52249
     CYsurf  =   0.05403     Cmsurf  =   0.40066
     CDsurf  =   0.19447     Cnsurf  =   0.13490
     CDisurf =   0.19447     CDvsurf =   0.00000

  Forces referred to Ssurf, Cave about hinge axis thru LE
     CLsurf  =  -4.62381     CDsurf  =   0.38065
     Deflect =

 Strip Forces referred to Strip Area, Chord
    j      Yle    Chord     Area     c cl      ai      cl_norm  cl       cd       cdv    cm_c/4    cm_LE  C.P.x/c
     1   0.0271   7.7411   0.8376 -20.1670  -0.6789  -1.4291  -1.4289 -33.7288   0.0000   1.2401   1.8605    1.118
     2   0.2428   7.5905   2.4436 -21.3447  -0.5518  -2.7245  -2.7243  -2.5618   0.0000   1.2900   1.9604    0.724
     3   0.6690   7.2932   3.8488 -21.0261  -0.3638  -2.8684  -2.8681  -0.4757   0.0000   1.2605   1.9489    0.689
     4   1.2950   6.8563   4.9402 -19.9953  -0.1347  -2.9250  -2.9247   0.1888   0.0000   1.0999   1.7991    0.626
     5   2.1056   6.2906   5.6339 -19.0602   0.0996  -3.0429  -3.0426   0.3103   0.0000   0.7841   1.5164    0.508
     6   3.0065   5.6619   5.0672 -18.2533   0.1689  -3.2521  -3.2518   0.7420   0.0000   0.4329   1.2187    0.383
     7   3.9586   4.9974   5.0150 -18.6924  -0.0118  -3.7753  -3.7749   0.9223   0.0000   0.2233   1.1395    0.309
     8   5.0073   4.2656   4.6382 -19.6324  -0.2335  -4.6545  -4.6541   1.3973   0.0000   0.0744   1.2050    0.266
     9   6.1989   3.7534   4.8429 -20.3730  -0.4162  -5.4913  -5.4910   1.7106   0.0000  -0.0181   1.3367    0.247
    10   7.5095   3.4937   4.6216 -20.3235  -0.4610  -5.8745  -5.8741   1.5266   0.0000  -0.0260   1.4260    0.246
    11   8.8364   3.2307   4.2738 -19.6866  -0.4516  -6.1463  -6.1459   1.3928   0.0000  -0.0221   1.4989    0.246
    12  10.1470   2.9710   3.8335 -18.6606  -0.4221  -6.3300  -6.3296   1.2870   0.0000  -0.0175   1.5502    0.247
    13  11.4090   2.7210   3.3357 -17.3785  -0.3971  -6.4338  -6.4333   1.2191   0.0000  -0.0172   1.5770    0.247
    14  12.6340   2.4782   3.0105 -15.8944  -0.3860  -6.4592  -6.4588   1.1812   0.0000  -0.0190   1.5819    0.247
    15  13.7866   2.2498   2.4374 -14.2321  -0.3961  -6.3717  -6.3713   1.1903   0.0000  -0.0259   1.5531    0.246
    16  14.7941   2.0502   1.8970 -12.4336  -0.4359  -6.1124  -6.1120   1.2527   0.0000  -0.0411   1.4727    0.243
    17  15.6315   1.8843   1.4027 -10.4498  -0.5103  -5.5967  -5.5964   1.3503   0.0000  -0.0683   1.3161    0.238
    18  16.2783   1.7561   0.9575  -8.1815  -0.6143  -4.7125  -4.7122   1.4432   0.0000  -0.1044   1.0586    0.228
    19  16.8016   1.3043   0.6198  -5.2911  -0.5640  -4.0964  -4.0948   1.0215   0.0000  -0.1585   0.7995    0.211
    20  17.1200   0.8402   0.1342  -1.7832  -0.5154  -2.1350  -2.1342   0.3031   0.0000  -0.1521   0.3536    0.179

  Surface # 2     main_wing (YDUP)                        
     # Chordwise = 10   # Spanwise = 20     First strip = 21
     Surface area =   63.790974       Ave. chord =    3.717419
     CLsurf  =  -2.36220     Clsurf  =  -0.52249
     CYsurf  =  -0.05403     Cmsurf  =   0.40066
     CDsurf  =   0.19447     Cnsurf  =  -0.13490
     CDisurf =   0.19447     CDvsurf =   0.00000

  Forces referred to Ssurf, Cave about hinge axis thru LE
     CLsurf  =  -4.62380     CDsurf  =   0.38065
     Deflect =

 Strip Forces referred to Strip Area, Chord
    j      Yle    Chord     Area     c cl      ai      cl_norm  cl       cd       cdv    cm_c/4    cm_LE  C.P.x/c
    21  -0.0271   7.7411   0.8376 -20.1670  -0.6789  -1.4291  -1.4290 -33.7284   0.0000   1.2401  -1.8605    1.118
    22  -0.2428   7.5905   2.4436 -21.3447  -0.5518  -2.7245  -2.7243  -2.5617   0.0000   1.2900  -1.9604    0.724
    23  -0.6690   7.2932   3.8488 -21.0260  -0.3638  -2.8684  -2.8681  -0.4758   0.0000   1.2605  -1.9489    0.689
    24  -1.2950   6.8563   4.9402 -19.9952  -0.1347  -2.9250  -2.9247   0.1889   0.0000   1.0999  -1.7991    0.626
    25  -2.1056   6.2906   5.6339 -19.0601   0.0996  -3.0429  -3.0426   0.3103   0.0000   0.7841  -1.5163    0.508
    26  -3.0065   5.6619   5.0672 -18.2533   0.1689  -3.2521  -3.2518   0.7420   0.0000   0.4329  -1.2187    0.383
    27  -3.9586   4.9974   5.0150 -18.6924  -0.0118  -3.7752  -3.7749   0.9223   0.0000   0.2233  -1.1395    0.309
    28  -5.0073   4.2656   4.6382 -19.6323  -0.2335  -4.6545  -4.6541   1.3973   0.0000   0.0744  -1.2050    0.266
    29  -6.1989   3.7534   4.8429 -20.3730  -0.4162  -5.4913  -5.4910   1.7106   0.0000  -0.0181  -1.3367    0.247
    30  -7.5095   3.4937   4.6216 -20.3235  -0.4610  -5.8745  -5.8741   1.5266   0.0000  -0.0260  -1.4260    0.246
    31  -8.8364   3.2307   4.2738 -19.6865  -0.4516  -6.1463  -6.1459   1.3928   0.0000  -0.0221  -1.4989    0.246
    32 -10.1470   2.9710   3.8335 -18.6606  -0.4221  -6.3300  -6.3296   1.2870   0.0000  -0.0175  -1.5502    0.247
    33 -11.4090   2.7210   3.3357 -17.3784  -0.3971  -6.4337  -6.4333   1.2191   0.0000  -0.0172  -1.5770    0.247
    34 -12.6340   2.4782   3.0105 -15.8943  -0.3860  -6.4592  -6.4588   1.1812   0.0000  -0.0190  -1.5819    0.247
    35 -13.7866   2.2498   2.4374 -14.2320  -0.3961  -6.3717  -6.3713   1.1903   0.0000  -0.0259  -1.5531    0.246
    36 -14.7941   2.0502   1.8970 -12.4335  -0.4359  -6.1124  -6.1120   1.2526   0.0000  -0.0411  -1.4727    0.243
    37 -15.6315   1.8843   1.4027 -10.4497  -0.5103  -5.5967  -5.5963   1.3503   0.0000  -0.0683  -1.3161    0.238
    38 -16.2783   1.7561   0.9575  -8.1815  -0.6143  -4.7124  -4.7121   1.4432   0.0000  -0.1044  -1.0586    0.228
    39 -16.8016   1.3043   0.6198  -5.2911  -0.5640  -4.0964  -4.0948   1.0215   0.0000  -0.1585  -0.7995    0.211
    40 -17.1200   0.8402   0.1342  -1.7832  -0.5154  -2.1349  -2.1342   0.3031   0.0000  -0.1521  -0.3536    0.179

  Surface # 3     horizontal_stabilizer                   
     # Chordwise = 10   # Spanwise = 20     First strip = 41
     Surface area =   20.072786       Ave. chord =    2.827143
     CLsurf  =   0.16442     Clsurf  =  -0.01466
     CYsurf  =   0.00121     Cmsurf  =  -0.73292
     CDsurf  =  -0.02573     Cnsurf  =  -0.00368
     CDisurf =  -0.02573     CDvsurf =   0.00000

  Forces referred to Ssurf, Cave about hinge axis thru LE
     CLsurf  =   1.02275     CDsurf  =  -0.16007
     Deflect =

 Strip Forces referred to Strip Area, Chord
    j      Yle    Chord     Area     c cl      ai      cl_norm  cl       cd       cdv    cm_c/4    cm_LE  C.P.x/c
    41   0.0103   4.6946   0.1934   3.5958  -0.0333   0.7661   0.7660   0.0117   0.0000   0.0116  -0.1781    0.235
    42   0.0924   4.6512   0.5701   3.5774  -0.0366   0.7721   0.7720  -0.0680   0.0000   0.0116  -0.1788    0.235
    43   0.2547   4.5656   0.9173   3.5705  -0.0393   0.7853   0.7852  -0.0770   0.0000   0.0123  -0.1814    0.234
    44   0.4930   4.4399   1.2180   3.5564  -0.0397   0.8046   0.8045  -0.0861   0.0000   0.0129  -0.1855    0.234
    45   0.8160   4.2695   1.5847   3.5305  -0.0382   0.8309   0.8307  -0.0949   0.0000   0.0136  -0.1912    0.234
    46   1.2202   4.0563   1.7628   3.4892  -0.0422   0.8645   0.8644  -0.1050   0.0000   0.0141  -0.1989    0.234
    47   1.6825   3.8123   1.8577   3.4299  -0.0619   0.9044   0.9043  -0.1158   0.0000   0.0146  -0.2082    0.234
    48   2.1917   3.5437   1.8711   3.3557  -0.0877   0.9522   0.9520  -0.1291   0.0000   0.0149  -0.2196    0.234
    49   2.7353   3.2569   1.8099   3.2621  -0.0963   1.0073   1.0071  -0.1404   0.0000   0.0158  -0.2322    0.234
    50   3.2997   2.9591   1.6859   3.1617  -0.0931   1.0750   1.0748  -0.1631   0.0000   0.0170  -0.2476    0.234
    51   3.8713   2.6576   1.5141   3.0436  -0.0900   1.1530   1.1529  -0.1973   0.0000   0.0190  -0.2646    0.234
    52   4.4357   2.3597   1.3114   2.8964  -0.0906   1.2362   1.2361  -0.2255   0.0000   0.0212  -0.2828    0.233
    53   4.9793   2.0730   1.0945   2.7119  -0.0944   1.3185   1.3183  -0.2657   0.0000   0.0236  -0.3004    0.232
    54   5.4885   1.8043   0.8792   2.4757  -0.0998   1.3838   1.3835  -0.3042   0.0000   0.0262  -0.3137    0.231
    55   5.9508   1.5604   0.6781   2.1823  -0.1040   1.4109   1.4106  -0.3213   0.0000   0.0296  -0.3168    0.229
    56   6.3550   1.3472   0.5000   1.8374  -0.1034   1.3763   1.3760  -0.3252   0.0000   0.0345  -0.3033    0.225
    57   6.6617   1.1853   0.2890   1.4603  -0.0963   1.2431   1.2430  -0.2913   0.0000   0.0413  -0.2640    0.217
    58   6.8736   1.0735   0.1917   1.0771  -0.0840   1.0123   1.0122  -0.2372   0.0000   0.0454  -0.2034    0.205
    59   7.0178   0.9975   0.1087   0.6620  -0.0698   0.6692   0.6690  -0.1414   0.0000   0.0402  -0.1245    0.190
    60   7.0908   0.9589   0.0351   0.2242  -0.0579   0.2356   0.2356  -0.0459   0.0000   0.0172  -0.0408    0.177

  Surface # 4     horizontal_stabilizer (YDUP)            
     # Chordwise = 10   # Spanwise = 20     First strip = 61
     Surface area =   20.072786       Ave. chord =    2.827143
     CLsurf  =   0.16442     Clsurf  =   0.01466
     CYsurf  =  -0.00121     Cmsurf  =  -0.73291
     CDsurf  =  -0.02573     Cnsurf  =   0.00368
     CDisurf =  -0.02573     CDvsurf =   0.00000

  Forces referred to Ssurf, Cave about hinge axis thru LE
     CLsurf  =   1.02275     CDsurf  =  -0.16007
     Deflect =

 Strip Forces referred to Strip Area, Chord
    j      Yle    Chord     Area     c cl      ai      cl_norm  cl       cd       cdv    cm_c/4    cm_LE  C.P.x/c
    61  -0.0103   4.6946   0.1934   3.5958  -0.0333   0.7661   0.7660   0.0118   0.0000   0.0116   0.1781    0.235
    62  -0.0924   4.6512   0.5701   3.5774  -0.0366   0.7721   0.7720  -0.0680   0.0000   0.0116   0.1788    0.235
    63  -0.2547   4.5656   0.9173   3.5705  -0.0393   0.7853   0.7852  -0.0770   0.0000   0.0123   0.1814    0.234
    64  -0.4930   4.4399   1.2180   3.5564  -0.0397   0.8046   0.8045  -0.0861   0.0000   0.0129   0.1855    0.234
    65  -0.8160   4.2695   1.5847   3.5305  -0.0382   0.8309   0.8307  -0.0949   0.0000   0.0136   0.1912    0.234
    66  -1.2202   4.0563   1.7628   3.4892  -0.0422   0.8645   0.8644  -0.1050   0.0000   0.0141   0.1989    0.234
    67  -1.6825   3.8123   1.8577   3.4299  -0.0619   0.9044   0.9043  -0.1158   0.0000   0.0146   0.2082    0.234
    68  -2.1917   3.5437   1.8711   3.3557  -0.0877   0.9522   0.9520  -0.1291   0.0000   0.0149   0.2196    0.234
    69  -2.7353   3.2569   1.8099   3.2621  -0.0963   1.0073   1.0071  -0.1404   0.0000   0.0158   0.2322    0.234
    70  -3.2997   2.9591   1.6859   3.1617  -0.0931   1.0750   1.0748  -0.1631   0.0000   0.0170   0.2476    0.234
    71  -3.8713   2.6576   1.5141   3.0436  -0.0900   1.1530   1.1528  -0.1973   0.0000   0.0190   0.2646    0.234
    72  -4.4357   2.3597   1.3114   2.8964  -0.0906   1.2362   1.2361  -0.2255   0.0000   0.0212   0.2828    0.233
    73  -4.9793   2.0730   1.0945   2.7119  -0.0944   1.3185   1.3183  -0.2657   0.0000   0.0236   0.3004    0.232
    74  -5.4885   1.8043   0.8792   2.4757  -0.0998   1.3838   1.3835  -0.3042   0.0000   0.0262   0.3136    0.231
    75  -5.9508   1.5604   0.6781   2.1823  -0.1040   1.4109   1.4106  -0.3213   0.0000   0.0296   0.3168    0.229
    76  -6.3550   1.3472   0.5000   1.8373  -0.1034   1.3762   1.3760  -0.3252   0.0000   0.0345   0.3033    0.225
    77  -6.6617   1.1853   0.2890   1.4603  -0.0963   1.2431   1.2429  -0.2913   0.0000   0.0413   0.2640    0.217
    78  -6.8736   1.0735   0.1917   1.0770  -0.0840   1.0123   1.0122  -0.2372   0.0000   0.0454   0.2034    0.205
    79  -7.0178   0.9975   0.1087   0.6620  -0.0698   0.6691   0.6690  -0.1414   0.0000   0.0402   0.1245    0.190
    80  -7.0908   0.9589   0.0351   0.2242  -0.0579   0.2356   0.2356  -0.0459   0.0000   0.0172   0.0408    0.177

  Surface # 5     vertical_stabilizer                     
     # Chordwise = 10   # Spanwise = 20     First strip = 81
     Surface area =   26.974527       Ave. chord =    3.612513
     CLsurf  =   0.00000     Clsurf  =  -0.00000
     CYsurf  =  -0.00000     Cmsurf  =  -0.00000
     CDsurf  =  -0.00000     Cnsurf  =   0.00000
     CDisurf =  -0.00000     CDvsurf =   0.00000

  Forces referred to Ssurf, Cave about hinge axis thru LE
     CLsurf  =   0.00000     CDsurf  =  -0.00000
     Deflect =

 Strip Forces referred to Strip Area, Chord
    j      Yle    Chord     Area     c cl      ai      cl_norm  cl       cd       cdv    cm_c/4    cm_LE  C.P.x/c
    81   0.0000   8.1033   0.7081   0.0000  -0.0000   0.0000   0.0000   0.0000   0.0000   0.0000  -0.0000    0.066
    82   0.0000   7.7953   1.2357   0.0000   0.0000   0.0000   0.0000  -0.0000   0.0000   0.0000  -0.0000    0.107
    83   0.0000   7.3128   1.6577   0.0000  -0.0000   0.0000   0.0000  -0.0000   0.0000   0.0000  -0.0000    0.133
    84   0.0000   6.6651   1.9342   0.0000  -0.0000   0.0000   0.0000  -0.0000   0.0000   0.0000  -0.0000    0.071
    85   0.0000   5.8661   2.0384   0.0000  -0.0000   0.0000   0.0000  -0.0000   0.0000   0.0000  -0.0000    0.103
    86   0.0000   4.9330   1.9589   0.0000  -0.0000   0.0000   0.0000  -0.0000   0.0000   0.0000  -0.0000    0.175
    87   0.0000   4.2949   2.2317   0.0000  -0.0000   0.0000   0.0000  -0.0000   0.0000   0.0000  -0.0000    0.150
    88   0.0000   4.0244   2.2380   0.0000  -0.0000   0.0000   0.0000  -0.0000   0.0000   0.0000  -0.0000    0.166
    89   0.0000   3.7387   2.1678   0.0000  -0.0000   0.0000   0.0000  -0.0000   0.0000   0.0000  -0.0000    0.169
    90   0.0000   3.4444   2.0327   0.0000  -0.0000   0.0000   0.0000  -0.0000   0.0000   0.0000  -0.0000    0.185
    91   0.0000   3.1483   1.8474   0.0000  -0.0000   0.0000   0.0000  -0.0000   0.0000   0.0000  -0.0000    0.208
    92   0.0000   2.8574   1.6279   0.0000  -0.0000   0.0000   0.0000  -0.0000   0.0000   0.0000  -0.0000    0.224
    93   0.0000   2.5785   1.3906   0.0000  -0.0000   0.0000   0.0000  -0.0000   0.0000   0.0000  -0.0000    0.233
    94   0.0000   2.3180   1.1503   0.0000  -0.0000   0.0000   0.0000  -0.0000   0.0000   0.0000  -0.0000    0.230
    95   0.0000   2.0821   0.9193   0.0000  -0.0000   0.0000   0.0000  -0.0000   0.0000   0.0000  -0.0000    0.239
    96   0.0000   1.8763   0.7063   0.0000  -0.0000   0.0000   0.0000  -0.0000   0.0000   0.0000  -0.0000    0.233
    97   0.0000   1.7056   0.5158   0.0000  -0.0000   0.0000   0.0000  -0.0000   0.0000   0.0000  -0.0000    0.218
    98   0.0000   1.5739   0.3482   0.0000  -0.0000   0.0000   0.0000  -0.0000   0.0000   0.0000  -0.0000    0.202
    99   0.0000   1.4843   0.2002   0.0000  -0.0000   0.0000   0.0000  -0.0000   0.0000   0.0000  -0.0000    0.190
   100   0.0000   1.4389   0.0652   0.0000  -0.0000   0.0000   0.0000  -0.0000   0.0000   0.0000  -0.0000    0.186

  Surface # 6     fuselage_horizontal                     
     # Chordwise = 10   # Spanwise = 10     First strip =101
     Surface area =  112.392822       Ave. chord =   30.376440
     CLsurf  =  -0.00647     Clsurf  =  -0.00000
     CYsurf  =  -0.00001     Cmsurf  =  -0.08711
     CDsurf  =  -0.01238     Cnsurf  =   0.00000
     CDisurf =  -0.01238     CDvsurf =   0.00000

  Forces referred to Ssurf, Cave about hinge axis thru LE
     CLsurf  =  -0.00719     CDsurf  =  -0.01375
     Deflect =

 Strip Forces referred to Strip Area, Chord
    j      Yle    Chord     Area     c cl      ai      cl_norm  cl       cd       cdv    cm_c/4    cm_LE  C.P.x/c
   101  -1.6650  21.5445   7.9715  -0.2257   0.1892  -0.2595  -0.0119   0.0417   0.0000  -0.0136  -0.0012   -0.890
   102  -1.2950  27.3129  10.1058  -0.6070   0.1568  -0.1090  -0.0240   0.0512   0.0000  -0.0100  -0.0009   -0.166
   103  -0.9250  31.3629  11.6043  -0.4327   0.0915  -0.0331  -0.0147   0.0252   0.0000  -0.0113  -0.0021   -0.522
   104  -0.5550  34.6182  12.8087  -0.1436  -0.1081  -0.0044  -0.0034  -0.0222   0.0000  -0.0115  -0.0039
   105  -0.1850  37.0437  13.7062   0.2453  -0.1820   0.0108   0.0108  -0.1190   0.0000  -0.0125  -0.0086    1.407
   106   0.1850  37.0437  13.7062   0.2453  -0.1820   0.0108   0.0108  -0.1190   0.0000  -0.0125  -0.0086    1.407
   107   0.5550  34.6182  12.8087  -0.1436  -0.1081  -0.0044  -0.0034  -0.0222   0.0000  -0.0115  -0.0039
   108   0.9250  31.3629  11.6043  -0.4327   0.0915  -0.0331  -0.0147   0.0252   0.0000  -0.0113  -0.0021   -0.522
   109   1.2950  27.3129  10.1058  -0.6070   0.1568  -0.1090  -0.0240   0.0512   0.0000  -0.0100  -0.0009   -0.166
   110   1.6650  21.5445   7.9715  -0.2257   0.1892  -0.2595  -0.0119   0.0417   0.0000  -0.0136  -0.0012   -0.890

  Surface # 7     fuselage_vertical                       
     # Chordwise = 10   # Spanwise = 10     First strip =111
     Surface area =  114.215408       Ave. chord =   30.376440
     CLsurf  =  -0.00000     Clsurf  =  -0.00000
     CYsurf  =  -0.00000     Cmsurf  =   0.00000
     CDsurf  =  -0.00000     Cnsurf  =   0.00000
     CDisurf =  -0.00000     CDvsurf =   0.00000

  Forces referred to Ssurf, Cave about hinge axis thru LE
     CLsurf  =   0.00000     CDsurf  =  -0.00000
     Deflect =

 Strip Forces referred to Strip Area, Chord
    j      Yle    Chord     Area     c cl      ai      cl_norm  cl       cd       cdv    cm_c/4    cm_LE  C.P.x/c
   111   0.0000  21.5445   8.1007  -0.0000   0.0000  -0.0000  -0.0000  -0.0000   0.0000   0.0000   0.0000    1.026
   112   0.0000  27.3129  10.2696   0.0000   0.0000   0.0000   0.0000   0.0000   0.0000  -0.0000  -0.0000    0.255
   113   0.0000  31.3629  11.7925   0.0000  -0.0000   0.0000   0.0000   0.0000   0.0000  -0.0000  -0.0000    0.295
   114   0.0000  34.6182  13.0164   0.0000  -0.0000   0.0000   0.0000  -0.0000   0.0000  -0.0000  -0.0000    0.291
   115   0.0000  37.0437  13.9284   0.0000  -0.0000   0.0000   0.0000  -0.0000   0.0000  -0.0000  -0.0000    0.386
   116   0.0000  37.0437  13.9284   0.0000  -0.0000   0.0000   0.0000  -0.0000   0.0000  -0.0000  -0.0000    0.623
   117   0.0000  34.6182  13.0164   0.0000  -0.0000   0.0000   0.0000  -0.0000   0.0000  -0.0000  -0.0000    0.612
   118   0.0000  31.3629  11.7925   0.0000  -0.0000   0.0000   0.0000   0.0000   0.0000  -0.0000  -0.0000    0.574
   119   0.0000  27.3129  10.2696   0.0000   0.0000   0.0000   0.0000   0.0000   0.0000  -0.0000  -0.0000    0.589
   120   0.0000  21.5445   8.1007   0.0000   0.0000   0.0000   0.0000  -0.0000   0.0000  -0.0000  -0.0000    0.644
 ---------------------------------------------------------------
