 ---------------------------------------------------------------
 Surface and Strip Forces by surface

  Forces referred to Sref, Cref, Bref about Xref, Yref, Zref
 Standard axis orientation,  X fwd, Z down         

  Surface # 1     main_wing                               
     # Chordwise = 10   # Spanwise = 30     First strip =  1
     Surface area =   63.793327       Ave. chord =    3.717556
     CLsurf  =  -0.04108     Clsurf  =   0.00844
     CYsurf  =  -0.00039     Cmsurf  =  -0.00784
     CDsurf  =   0.00015     Cnsurf  =  -0.00023
     CDisurf =   0.00015     CDvsurf =   0.00000

  Forces referred to Ssurf, Cave about hinge axis thru LE
     CLsurf  =  -0.08041     CDsurf  =   0.00030
     Deflect =

 Strip Forces referred to Strip Area, Chord
    j      Yle    Chord     Area     c cl      ai      cl_norm  cl       cd       cdv    cm_c/4    cm_LE  C.P.x/c
     1   0.0123   7.7514   0.3815  -0.4046  -0.0271  -0.0520  -0.0520   0.0061   0.0000  -0.0180  -0.0048   -0.096
     2   0.1106   7.6828   1.1303  -0.4050  -0.0274  -0.0527  -0.0527   0.0012   0.0000  -0.0182  -0.0049   -0.095
     3   0.3062   7.5463   1.8369  -0.4055  -0.0278  -0.0537  -0.0537   0.0008   0.0000  -0.0185  -0.0050   -0.094
     4   0.5968   7.3435   2.4751  -0.4065  -0.0280  -0.0554  -0.0554   0.0007   0.0000  -0.0189  -0.0050   -0.092
     5   0.9793   7.0766   3.0215  -0.4067  -0.0272  -0.0575  -0.0575   0.0005   0.0000  -0.0193  -0.0049   -0.086
     6   1.4496   6.7484   3.4567  -0.4078  -0.0245  -0.0604  -0.0604   0.0006   0.0000  -0.0197  -0.0046   -0.077
     7   1.9610   6.3915   3.2367  -0.4066  -0.0197  -0.0637  -0.0636   0.0004   0.0000  -0.0201  -0.0041   -0.065
     8   2.4995   6.0157   3.4229  -0.4051  -0.0155  -0.0674  -0.0674   0.0004   0.0000  -0.0203  -0.0034   -0.052
     9   3.0975   5.5984   3.5010  -0.4002  -0.0134  -0.0715  -0.0715   0.0002   0.0000  -0.0205  -0.0026   -0.037
    10   3.7485   5.1441   3.4716  -0.3957  -0.0122  -0.0770  -0.0770   0.0005   0.0000  -0.0208  -0.0015   -0.020
    11   4.4453   4.6578   3.3395  -0.3861  -0.0110  -0.0830  -0.0829  -0.0000   0.0000  -0.0209  -0.0002   -0.003
    12   5.1804   4.1448   3.1137  -0.3752  -0.0092  -0.0906  -0.0906  -0.0000   0.0000  -0.0214   0.0013    0.014
    13   6.0123   3.7903   3.4546  -0.3610  -0.0061  -0.0953  -0.0953   0.0000   0.0000  -0.0215   0.0023    0.025
    14   6.9353   3.6074   3.3620  -0.3449  -0.0027  -0.0957  -0.0957   0.0001   0.0000  -0.0211   0.0028    0.030
    15   7.8737   3.4215   3.2240  -0.3284  -0.0003  -0.0961  -0.0960   0.0001   0.0000  -0.0209   0.0031    0.032
    16   8.8173   3.2345   3.0478  -0.3117   0.0004  -0.0964  -0.0964   0.0001   0.0000  -0.0209   0.0032    0.034
    17   9.7557   3.0486   2.8411  -0.2945   0.0003  -0.0967  -0.0967   0.0001   0.0000  -0.0208   0.0033    0.034
    18  10.6786   2.8657   2.6118  -0.2771  -0.0001  -0.0968  -0.0967   0.0001   0.0000  -0.0209   0.0033    0.034
    19  11.5760   2.6879   2.3677  -0.2594  -0.0006  -0.0966  -0.0965   0.0001   0.0000  -0.0209   0.0032    0.034
    20  12.4467   2.5153   2.1582  -0.2412  -0.0010  -0.0960  -0.0959   0.0001   0.0000  -0.0209   0.0031    0.032
    21  13.2645   2.3533   1.8259  -0.2228  -0.0015  -0.0947  -0.0947   0.0001   0.0000  -0.0210   0.0027    0.029
    22  14.0130   2.2050   1.5853  -0.2042  -0.0021  -0.0927  -0.0926   0.0001   0.0000  -0.0211   0.0021    0.023
    23  14.7005   2.0687   1.3533  -0.1848  -0.0027  -0.0894  -0.0894   0.0001   0.0000  -0.0212   0.0011    0.013
    24  15.3195   1.9461   1.1330  -0.1642  -0.0035  -0.0844  -0.0844   0.0002   0.0000  -0.0213  -0.0002   -0.003
    25  15.8633   1.8383   0.9263  -0.1417  -0.0042  -0.0771  -0.0771   0.0002   0.0000  -0.0213  -0.0020   -0.026
    26  16.3259   1.7467   0.7336  -0.1169  -0.0044  -0.0670  -0.0669   0.0003   0.0000  -0.0206  -0.0038   -0.057
    27  16.6722   1.4928   0.4112  -0.0923  -0.0059  -0.0619  -0.0619   0.0001   0.0000  -0.0197  -0.0040   -0.069
    28  16.9098   1.1466   0.2281  -0.0672  -0.0066  -0.0587  -0.0587  -0.0002   0.0000  -0.0199  -0.0049   -0.089
    29  17.0696   0.9137   0.1099  -0.0407  -0.0064  -0.0446  -0.0446  -0.0004   0.0000  -0.0170  -0.0055   -0.132
    30  17.1499   0.7966   0.0321  -0.0135  -0.0053  -0.0170  -0.0170  -0.0004   0.0000  -0.0076  -0.0031   -0.196

  Surface # 2     main_wing (YDUP)                        
     # Chordwise = 10   # Spanwise = 30     First strip = 31
     Surface area =   63.793327       Ave. chord =    3.717556
     CLsurf  =  -0.04108     Clsurf  =  -0.00844
     CYsurf  =   0.00039     Cmsurf  =  -0.00784
     CDsurf  =   0.00015     Cnsurf  =   0.00023
     CDisurf =   0.00015     CDvsurf =   0.00000

  Forces referred to Ssurf, Cave about hinge axis thru LE
     CLsurf  =  -0.08041     CDsurf  =   0.00030
     Deflect =

 Strip Forces referred to Strip Area, Chord
    j      Yle    Chord     Area     c cl      ai      cl_norm  cl       cd       cdv    cm_c/4    cm_LE  C.P.x/c
    31  -0.0123   7.7514   0.3815  -0.4046  -0.0272  -0.0520  -0.0520   0.0061   0.0000  -0.0180   0.0048   -0.096
    32  -0.1106   7.6828   1.1303  -0.4050  -0.0274  -0.0527  -0.0527   0.0012   0.0000  -0.0182   0.0049   -0.095
    33  -0.3062   7.5463   1.8369  -0.4055  -0.0278  -0.0537  -0.0537   0.0008   0.0000  -0.0185   0.0050   -0.094
    34  -0.5968   7.3435   2.4751  -0.4066  -0.0280  -0.0554  -0.0554   0.0007   0.0000  -0.0189   0.0050   -0.092
    35  -0.9793   7.0766   3.0215  -0.4067  -0.0272  -0.0575  -0.0575   0.0005   0.0000  -0.0193   0.0049   -0.086
    36  -1.4496   6.7484   3.4567  -0.4078  -0.0245  -0.0604  -0.0604   0.0006   0.0000  -0.0197   0.0046   -0.077
    37  -1.9610   6.3915   3.2367  -0.4066  -0.0197  -0.0637  -0.0636   0.0004   0.0000  -0.0201   0.0041   -0.065
    38  -2.4995   6.0157   3.4229  -0.4051  -0.0155  -0.0674  -0.0674   0.0004   0.0000  -0.0203   0.0034   -0.052
    39  -3.0975   5.5984   3.5010  -0.4002  -0.0134  -0.0715  -0.0715   0.0002   0.0000  -0.0205   0.0026   -0.037
    40  -3.7485   5.1441   3.4716  -0.3957  -0.0122  -0.0770  -0.0770   0.0005   0.0000  -0.0208   0.0015   -0.020
    41  -4.4453   4.6578   3.3395  -0.3861  -0.0110  -0.0830  -0.0829  -0.0000   0.0000  -0.0209   0.0002   -0.003
    42  -5.1804   4.1448   3.1137  -0.3752  -0.0092  -0.0906  -0.0906  -0.0000   0.0000  -0.0214  -0.0013    0.014
    43  -6.0123   3.7903   3.4546  -0.3610  -0.0061  -0.0953  -0.0953   0.0000   0.0000  -0.0215  -0.0024    0.025
    44  -6.9353   3.6074   3.3620  -0.3449  -0.0027  -0.0957  -0.0957   0.0001   0.0000  -0.0211  -0.0028    0.030
    45  -7.8737   3.4215   3.2240  -0.3284  -0.0003  -0.0961  -0.0960   0.0001   0.0000  -0.0209  -0.0031    0.032
    46  -8.8173   3.2345   3.0478  -0.3116   0.0004  -0.0964  -0.0964   0.0001   0.0000  -0.0209  -0.0032    0.034
    47  -9.7557   3.0486   2.8411  -0.2945   0.0003  -0.0967  -0.0967   0.0001   0.0000  -0.0208  -0.0033    0.034
    48 -10.6786   2.8657   2.6118  -0.2771  -0.0001  -0.0968  -0.0967   0.0001   0.0000  -0.0209  -0.0033    0.034
    49 -11.5760   2.6879   2.3677  -0.2594  -0.0006  -0.0966  -0.0965   0.0001   0.0000  -0.0209  -0.0032    0.034
    50 -12.4467   2.5153   2.1582  -0.2412  -0.0010  -0.0960  -0.0959   0.0001   0.0000  -0.0209  -0.0031    0.032
    51 -13.2645   2.3533   1.8259  -0.2228  -0.0015  -0.0947  -0.0947   0.0001   0.0000  -0.0210  -0.0027    0.029
    52 -14.0130   2.2050   1.5853  -0.2042  -0.0021  -0.0927  -0.0926   0.0001   0.0000  -0.0211  -0.0021    0.023
    53 -14.7005   2.0687   1.3533  -0.1848  -0.0027  -0.0894  -0.0894   0.0001   0.0000  -0.0212  -0.0011    0.013
    54 -15.3195   1.9461   1.1330  -0.1642  -0.0035  -0.0844  -0.0844   0.0002   0.0000  -0.0213   0.0002   -0.003
    55 -15.8633   1.8383   0.9263  -0.1417  -0.0042  -0.0771  -0.0771   0.0002   0.0000  -0.0213   0.0020   -0.026
    56 -16.3259   1.7467   0.7336  -0.1169  -0.0044  -0.0670  -0.0669   0.0003   0.0000  -0.0206   0.0038   -0.057
    57 -16.6722   1.4928   0.4112  -0.0923  -0.0059  -0.0619  -0.0619   0.0001   0.0000  -0.0197   0.0040   -0.069
    58 -16.9098   1.1466   0.2281  -0.0672  -0.0066  -0.0587  -0.0587  -0.0002   0.0000  -0.0199   0.0049   -0.089
    59 -17.0696   0.9137   0.1099  -0.0407  -0.0064  -0.0446  -0.0446  -0.0004   0.0000  -0.0170   0.0055   -0.132
    60 -17.1499   0.7966   0.0321  -0.0135  -0.0053  -0.0170  -0.0170  -0.0004   0.0000  -0.0076   0.0031   -0.196

  Surface # 3     horizontal_stabilizer                   
     # Chordwise = 10   # Spanwise = 30     First strip = 61
     Surface area =   20.071465       Ave. chord =    2.826957
     CLsurf  =  -0.01903     Clsurf  =   0.00159
     CYsurf  =  -0.00017     Cmsurf  =   0.08379
     CDsurf  =   0.00026     Cnsurf  =   0.00007
     CDisurf =   0.00026     CDvsurf =   0.00000

  Forces referred to Ssurf, Cave about hinge axis thru LE
     CLsurf  =  -0.11838     CDsurf  =   0.00161
     Deflect =

 Strip Forces referred to Strip Area, Chord
    j      Yle    Chord     Area     c cl      ai      cl_norm  cl       cd       cdv    cm_c/4    cm_LE  C.P.x/c
    61   0.0046   4.6976   0.0861  -0.4661  -0.0388  -0.0991  -0.0991   0.0052   0.0000  -0.0015   0.0231    0.235
    62   0.0412   4.6783   0.2563  -0.4667  -0.0386  -0.0998  -0.0997   0.0020   0.0000  -0.0015   0.0232    0.235
    63   0.1140   4.6399   0.4206  -0.4664  -0.0382  -0.1005  -0.1005   0.0019   0.0000  -0.0015   0.0234    0.235
    64   0.2222   4.5828   0.5752  -0.4658  -0.0378  -0.1016  -0.1016   0.0018   0.0000  -0.0016   0.0236    0.235
    65   0.3647   4.5076   0.7167  -0.4644  -0.0372  -0.1031  -0.1030   0.0017   0.0000  -0.0016   0.0239    0.234
    66   0.5398   4.4152   0.8422  -0.4622  -0.0366  -0.1047  -0.1047   0.0017   0.0000  -0.0016   0.0243    0.234
    67   0.7511   4.3037   0.9974  -0.4588  -0.0357  -0.1066  -0.1066   0.0017   0.0000  -0.0017   0.0247    0.234
    68   0.9975   4.1737   1.0868  -0.4540  -0.0343  -0.1088  -0.1088   0.0017   0.0000  -0.0017   0.0252    0.234
    69   1.2712   4.0293   1.1531  -0.4475  -0.0322  -0.1111  -0.1111   0.0016   0.0000  -0.0017   0.0258    0.235
    70   1.5691   3.8721   1.1959  -0.4393  -0.0289  -0.1135  -0.1135   0.0017   0.0000  -0.0017   0.0264    0.235
    71   1.8880   3.7039   1.2153  -0.4294  -0.0248  -0.1160  -0.1159   0.0017   0.0000  -0.0016   0.0271    0.236
    72   2.2244   3.5264   1.2123  -0.4177  -0.0209  -0.1185  -0.1185   0.0016   0.0000  -0.0016   0.0277    0.236
    73   2.5747   3.3416   1.1886  -0.4041  -0.0182  -0.1210  -0.1209   0.0017   0.0000  -0.0016   0.0284    0.237
    74   2.9349   3.1516   1.1463  -0.3890  -0.0168  -0.1235  -0.1235   0.0017   0.0000  -0.0015   0.0291    0.238
    75   3.3011   2.9584   1.0879  -0.3725  -0.0160  -0.1259  -0.1259   0.0016   0.0000  -0.0015   0.0297    0.238
    76   3.6693   2.7641   1.0165  -0.3545  -0.0155  -0.1283  -0.1283   0.0017   0.0000  -0.0014   0.0303    0.239
    77   4.0356   2.5709   0.9351  -0.3354  -0.0152  -0.1305  -0.1305   0.0016   0.0000  -0.0014   0.0309    0.239
    78   4.3958   2.3808   0.8469  -0.3154  -0.0148  -0.1325  -0.1325   0.0013   0.0000  -0.0014   0.0314    0.239
    79   4.7460   2.1961   0.7550  -0.2945  -0.0145  -0.1342  -0.1341   0.0014   0.0000  -0.0015   0.0317    0.239
    80   5.0824   2.0186   0.6623  -0.2730  -0.0142  -0.1353  -0.1353   0.0015   0.0000  -0.0015   0.0320    0.239
    81   5.4013   1.8503   0.5714  -0.2511  -0.0140  -0.1358  -0.1358   0.0015   0.0000  -0.0016   0.0320    0.238
    82   5.6992   1.6931   0.4845  -0.2289  -0.0139  -0.1352  -0.1352   0.0014   0.0000  -0.0018   0.0317    0.237
    83   5.9729   1.5487   0.4033  -0.2064  -0.0140  -0.1333  -0.1333   0.0013   0.0000  -0.0020   0.0310    0.235
    84   6.2193   1.4187   0.3288  -0.1836  -0.0143  -0.1294  -0.1294   0.0013   0.0000  -0.0023   0.0297    0.232
    85   6.4358   1.3045   0.2616  -0.1604  -0.0149  -0.1230  -0.1230   0.0011   0.0000  -0.0027   0.0277    0.228
    86   6.6379   1.1979   0.2413  -0.1355  -0.0157  -0.1131  -0.1131   0.0013   0.0000  -0.0032   0.0248    0.222
    87   6.8184   1.1027   0.1754  -0.1077  -0.0168  -0.0977  -0.0977   0.0011   0.0000  -0.0036   0.0206    0.213
    88   6.9555   1.0303   0.1183  -0.0784  -0.0180  -0.0761  -0.0761   0.0011   0.0000  -0.0037   0.0152    0.202
    89   7.0478   0.9816   0.0681  -0.0477  -0.0192  -0.0486  -0.0486   0.0007   0.0000  -0.0029   0.0091    0.190
    90   7.0942   0.9572   0.0222  -0.0160  -0.0201  -0.0168  -0.0168   0.0003   0.0000  -0.0012   0.0030    0.181

  Surface # 4     horizontal_stabilizer (YDUP)            
     # Chordwise = 10   # Spanwise = 30     First strip = 91
     Surface area =   20.071465       Ave. chord =    2.826957
     CLsurf  =  -0.01903     Clsurf  =  -0.00159
     CYsurf  =   0.00017     Cmsurf  =   0.08379
     CDsurf  =   0.00026     Cnsurf  =  -0.00007
     CDisurf =   0.00026     CDvsurf =   0.00000

  Forces referred to Ssurf, Cave about hinge axis thru LE
     CLsurf  =  -0.11838     CDsurf  =   0.00161
     Deflect =

 Strip Forces referred to Strip Area, Chord
    j      Yle    Chord     Area     c cl      ai      cl_norm  cl       cd       cdv    cm_c/4    cm_LE  C.P.x/c
    91  -0.0046   4.6976   0.0861  -0.4661  -0.0388  -0.0991  -0.0991   0.0052   0.0000  -0.0015  -0.0231    0.235
    92  -0.0412   4.6783   0.2563  -0.4667  -0.0386  -0.0998  -0.0997   0.0020   0.0000  -0.0015  -0.0232    0.235
    93  -0.1140   4.6399   0.4206  -0.4664  -0.0382  -0.1005  -0.1005   0.0019   0.0000  -0.0015  -0.0234    0.235
    94  -0.2222   4.5828   0.5752  -0.4658  -0.0378  -0.1016  -0.1016   0.0018   0.0000  -0.0016  -0.0236    0.235
    95  -0.3647   4.5076   0.7167  -0.4644  -0.0372  -0.1031  -0.1030   0.0017   0.0000  -0.0016  -0.0239    0.234
    96  -0.5398   4.4152   0.8422  -0.4622  -0.0366  -0.1047  -0.1047   0.0017   0.0000  -0.0016  -0.0243    0.234
    97  -0.7511   4.3037   0.9974  -0.4588  -0.0357  -0.1066  -0.1066   0.0017   0.0000  -0.0017  -0.0247    0.234
    98  -0.9975   4.1737   1.0868  -0.4540  -0.0343  -0.1088  -0.1088   0.0017   0.0000  -0.0017  -0.0252    0.234
    99  -1.2712   4.0293   1.1531  -0.4475  -0.0322  -0.1111  -0.1111   0.0016   0.0000  -0.0017  -0.0258    0.235
   100  -1.5691   3.8721   1.1959  -0.4393  -0.0289  -0.1135  -0.1135   0.0017   0.0000  -0.0017  -0.0264    0.235
   101  -1.8880   3.7039   1.2153  -0.4294  -0.0248  -0.1159  -0.1159   0.0017   0.0000  -0.0016  -0.0271    0.236
   102  -2.2244   3.5264   1.2123  -0.4176  -0.0209  -0.1185  -0.1185   0.0016   0.0000  -0.0016  -0.0277    0.236
   103  -2.5747   3.3416   1.1886  -0.4041  -0.0182  -0.1210  -0.1209   0.0017   0.0000  -0.0016  -0.0284    0.237
   104  -2.9349   3.1516   1.1463  -0.3890  -0.0168  -0.1235  -0.1235   0.0017   0.0000  -0.0015  -0.0291    0.238
   105  -3.3011   2.9584   1.0879  -0.3724  -0.0160  -0.1259  -0.1259   0.0016   0.0000  -0.0015  -0.0297    0.238
   106  -3.6693   2.7641   1.0165  -0.3545  -0.0155  -0.1283  -0.1283   0.0017   0.0000  -0.0014  -0.0303    0.239
   107  -4.0356   2.5709   0.9351  -0.3354  -0.0152  -0.1305  -0.1305   0.0016   0.0000  -0.0014  -0.0309    0.239
   108  -4.3958   2.3808   0.8469  -0.3154  -0.0148  -0.1325  -0.1325   0.0013   0.0000  -0.0014  -0.0314    0.239
   109  -4.7460   2.1961   0.7550  -0.2945  -0.0145  -0.1341  -0.1341   0.0014   0.0000  -0.0015  -0.0317    0.239
   110  -5.0824   2.0186   0.6623  -0.2730  -0.0142  -0.1353  -0.1353   0.0015   0.0000  -0.0015  -0.0320    0.239
   111  -5.4013   1.8503   0.5714  -0.2511  -0.0140  -0.1358  -0.1357   0.0015   0.0000  -0.0016  -0.0320    0.238
   112  -5.6992   1.6931   0.4845  -0.2289  -0.0139  -0.1352  -0.1352   0.0014   0.0000  -0.0018  -0.0317    0.237
   113  -5.9729   1.5487   0.4033  -0.2063  -0.0140  -0.1333  -0.1333   0.0013   0.0000  -0.0020  -0.0310    0.235
   114  -6.2193   1.4187   0.3288  -0.1836  -0.0143  -0.1294  -0.1294   0.0013   0.0000  -0.0023  -0.0297    0.232
   115  -6.4358   1.3045   0.2616  -0.1604  -0.0149  -0.1230  -0.1230   0.0011   0.0000  -0.0027  -0.0277    0.228
   116  -6.6379   1.1979   0.2413  -0.1355  -0.0157  -0.1131  -0.1131   0.0013   0.0000  -0.0032  -0.0248    0.222
   117  -6.8184   1.1027   0.1754  -0.1077  -0.0168  -0.0977  -0.0977   0.0011   0.0000  -0.0036  -0.0206    0.213
   118  -6.9555   1.0303   0.1183  -0.0784  -0.0180  -0.0761  -0.0761   0.0011   0.0000  -0.0037  -0.0152    0.202
   119  -7.0478   0.9816   0.0681  -0.0477  -0.0192  -0.0486  -0.0486   0.0007   0.0000  -0.0029  -0.0091    0.190
   120  -7.0942   0.9572   0.0222  -0.0160  -0.0201  -0.0168  -0.0168   0.0003   0.0000  -0.0012  -0.0030    0.181

  Surface # 5     vertical_stabilizer                     
     # Chordwise = 10   # Spanwise = 30     First strip =121
     Surface area =   27.880133       Ave. chord =    3.584947
     CLsurf  =   0.00000     Clsurf  =  -0.00000
     CYsurf  =  -0.00000     Cmsurf  =  -0.00000
     CDsurf  =   0.00000     Cnsurf  =   0.00000
     CDisurf =   0.00000     CDvsurf =   0.00000

  Forces referred to Ssurf, Cave about hinge axis thru LE
     CLsurf  =   0.00000     CDsurf  =   0.00000
     Deflect =

 Strip Forces referred to Strip Area, Chord
    j      Yle    Chord     Area     c cl      ai      cl_norm  cl       cd       cdv    cm_c/4    cm_LE  C.P.x/c
   121   0.0000   8.1257   0.4979   0.0000  -0.0000   0.0000   0.0000   0.0000   0.0000  -0.0000  -0.0000    0.389
   122   0.0000   7.9240   0.7939   0.0000  -0.0000   0.0000   0.0000   0.0000   0.0000  -0.0000  -0.0000    0.397
   123   0.0000   7.6259   1.0550   0.0000  -0.0000   0.0000   0.0000   0.0000   0.0000  -0.0000  -0.0000    0.393
   124   0.0000   7.2338   1.2682   0.0000  -0.0000   0.0000   0.0000   0.0000   0.0000  -0.0000  -0.0000    0.400
   125   0.0000   6.7513   1.4226   0.0000  -0.0000   0.0000   0.0000   0.0000   0.0000  -0.0000  -0.0000    0.395
   126   0.0000   6.1827   1.5094   0.0000  -0.0000   0.0000   0.0000   0.0000   0.0000  -0.0000  -0.0000    0.387
   127   0.0000   5.5336   1.5228   0.0000  -0.0000   0.0000   0.0000   0.0000   0.0000  -0.0000  -0.0000    0.374
   128   0.0000   4.8100   1.4602   0.0000  -0.0000   0.0000   0.0000   0.0000   0.0000  -0.0000  -0.0000    0.346
   129   0.0000   4.3478   1.3898   0.0000  -0.0000   0.0000   0.0000   0.0000   0.0000  -0.0000  -0.0000    0.364
   130   0.0000   4.1900   1.4293   0.0000  -0.0000   0.0000   0.0000   0.0000   0.0000  -0.0000  -0.0000    0.345
   131   0.0000   4.0228   1.4447   0.0000  -0.0000   0.0000   0.0000  -0.0000   0.0000  -0.0000  -0.0000    0.329
   132   0.0000   3.8479   1.4371   0.0000  -0.0000   0.0000   0.0000  -0.0000   0.0000  -0.0000  -0.0000    0.316
   133   0.0000   3.6670   1.4082   0.0000  -0.0000   0.0000   0.0000  -0.0000   0.0000  -0.0000  -0.0000    0.303
   134   0.0000   3.4821   1.3602   0.0000  -0.0000   0.0000   0.0000  -0.0000   0.0000  -0.0000  -0.0000    0.291
   135   0.0000   3.2949   1.2955   0.0000  -0.0000   0.0000   0.0000  -0.0000   0.0000  -0.0000  -0.0000    0.282
   136   0.0000   3.1075   1.2172   0.0000  -0.0000   0.0000   0.0000  -0.0000   0.0000  -0.0000  -0.0000    0.275
   137   0.0000   2.9218   1.1282   0.0000  -0.0000   0.0000   0.0000  -0.0000   0.0000  -0.0000  -0.0000    0.269
   138   0.0000   2.7397   1.0316   0.0000  -0.0000   0.0000   0.0000  -0.0000   0.0000  -0.0000  -0.0000    0.263
   139   0.0000   2.5631   0.9305   0.0000  -0.0000   0.0000   0.0000  -0.0000   0.0000  -0.0000  -0.0000    0.261
   140   0.0000   2.3939   0.8277   0.0000  -0.0000   0.0000   0.0000  -0.0000   0.0000  -0.0000  -0.0000    0.254
   141   0.0000   2.2338   0.7257   0.0000  -0.0000   0.0000   0.0000  -0.0000   0.0000  -0.0000  -0.0000    0.252
   142   0.0000   2.0845   0.6265   0.0000  -0.0000   0.0000   0.0000  -0.0000   0.0000   0.0000  -0.0000    0.248
   143   0.0000   1.9475   0.5319   0.0000  -0.0000   0.0000   0.0000  -0.0000   0.0000   0.0000  -0.0000    0.243
   144   0.0000   1.8243   0.4429   0.0000  -0.0000   0.0000   0.0000  -0.0000   0.0000   0.0000  -0.0000    0.240
   145   0.0000   1.7162   0.3603   0.0000  -0.0000   0.0000   0.0000  -0.0000   0.0000   0.0000  -0.0000    0.232
   146   0.0000   1.6244   0.2840   0.0000  -0.0000   0.0000   0.0000  -0.0000   0.0000   0.0000  -0.0000    0.232
   147   0.0000   1.5497   0.2138   0.0000  -0.0000   0.0000   0.0000  -0.0000   0.0000   0.0000  -0.0000    0.222
   148   0.0000   1.4930   0.1487   0.0000  -0.0000   0.0000   0.0000  -0.0000   0.0000   0.0000  -0.0000    0.214
   149   0.0000   1.4548   0.0875   0.0000  -0.0000   0.0000   0.0000  -0.0000   0.0000   0.0000  -0.0000    0.205
   150   0.0000   1.4357   0.0289   0.0000  -0.0000   0.0000   0.0000  -0.0000   0.0000   0.0000  -0.0000    0.205

  Surface # 6     fuselage_horizontal                     
     # Chordwise = 10   # Spanwise = 10     First strip =151
     Surface area =  123.841209       Ave. chord =   33.112621
     CLsurf  =  -0.00505     Clsurf  =  -0.00000
     CYsurf  =   0.00000     Cmsurf  =  -0.02354
     CDsurf  =   0.00002     Cnsurf  =  -0.00000
     CDisurf =   0.00002     CDvsurf =   0.00000

  Forces referred to Ssurf, Cave about hinge axis thru LE
     CLsurf  =  -0.00510     CDsurf  =   0.00002
     Deflect =

 Strip Forces referred to Strip Area, Chord
    j      Yle    Chord     Area     c cl      ai      cl_norm  cl       cd       cdv    cm_c/4    cm_LE  C.P.x/c
   151  -1.6830  26.5957   9.9468  -0.1384  -0.0680  -0.0648  -0.0052  -0.0001   0.0000  -0.0010   0.0000    0.065
   152  -1.3090  31.2096  11.6724  -0.1729  -0.0578  -0.0216  -0.0055  -0.0000   0.0000  -0.0017  -0.0001   -0.056
   153  -0.9350  34.0626  12.7394  -0.1754  -0.0429  -0.0126  -0.0052   0.0000   0.0000  -0.0024  -0.0004   -0.210
   154  -0.5610  36.1619  13.5246  -0.1773  -0.0393  -0.0082  -0.0049   0.0001   0.0000  -0.0027  -0.0006   -0.294
   155  -0.1870  37.5333  14.0374  -0.1793  -0.0390  -0.0055  -0.0048   0.0001   0.0000  -0.0027  -0.0011   -0.323
   156   0.1870  37.5333  14.0374  -0.1793  -0.0390  -0.0055  -0.0048   0.0001   0.0000  -0.0027  -0.0011   -0.323
   157   0.5610  36.1619  13.5246  -0.1773  -0.0393  -0.0082  -0.0049   0.0001   0.0000  -0.0027  -0.0006   -0.294
   158   0.9350  34.0626  12.7394  -0.1754  -0.0429  -0.0126  -0.0052   0.0000   0.0000  -0.0024  -0.0004   -0.210
   159   1.3090  31.2096  11.6724  -0.1729  -0.0578  -0.0216  -0.0055  -0.0000   0.0000  -0.0017  -0.0001   -0.056
   160   1.6830  26.5957   9.9468  -0.1384  -0.0680  -0.0648  -0.0052  -0.0001   0.0000  -0.0010   0.0000    0.065

  Surface # 7     fuselage_vertical                       
     # Chordwise = 10   # Spanwise = 10     First strip =161
     Surface area =  123.841209       Ave. chord =   33.112621
     CLsurf  =  -0.00000     Clsurf  =  -0.00000
     CYsurf  =   0.00000     Cmsurf  =   0.00000
     CDsurf  =  -0.00000     Cnsurf  =  -0.00000
     CDisurf =  -0.00000     CDvsurf =   0.00000

  Forces referred to Ssurf, Cave about hinge axis thru LE
     CLsurf  =  -0.00000     CDsurf  =  -0.00000
     Deflect =

 Strip Forces referred to Strip Area, Chord
    j      Yle    Chord     Area     c cl      ai      cl_norm  cl       cd       cdv    cm_c/4    cm_LE  C.P.x/c
   161   0.0000  26.5957   9.9468  -0.0000  -0.0000  -0.0000  -0.0000   0.0000   0.0000   0.0000   0.0000    1.927
   162   0.0000  31.2096  11.6724  -0.0000  -0.0000  -0.0000  -0.0000   0.0000   0.0000   0.0000   0.0000    1.254
   163   0.0000  34.0626  12.7394  -0.0000   0.0000  -0.0000  -0.0000   0.0000   0.0000   0.0000   0.0000    1.172
   164   0.0000  36.1619  13.5246  -0.0000   0.0000  -0.0000  -0.0000   0.0000   0.0000   0.0000   0.0000    1.160
   165   0.0000  37.5333  14.0374  -0.0000  -0.0000  -0.0000  -0.0000  -0.0000   0.0000   0.0000   0.0000    1.181
   166   0.0000  37.5333  14.0374  -0.0000   0.0000  -0.0000  -0.0000  -0.0000   0.0000   0.0000   0.0000    1.248
   167   0.0000  36.1619  13.5246  -0.0000   0.0000  -0.0000  -0.0000  -0.0000   0.0000   0.0000   0.0000    1.469
   168   0.0000  34.0626  12.7394  -0.0000   0.0000  -0.0000  -0.0000   0.0000   0.0000   0.0000   0.0000
   169   0.0000  31.2096  11.6724   0.0000  -0.0000   0.0000   0.0000   0.0000   0.0000   0.0000   0.0000   -0.268
   170   0.0000  26.5957   9.9468   0.0000  -0.0000   0.0000   0.0000  -0.0000   0.0000   0.0000   0.0000   -0.112
 ---------------------------------------------------------------
