 ---------------------------------------------------------------
 Surface and Strip Forces by surface

  Forces referred to Sref, Cref, Bref about Xref, Yref, Zref
 Standard axis orientation,  X fwd, Z down         

  Surface # 1     main_wing                               
     # Chordwise = 10   # Spanwise = 20     First strip =  1
     Surface area =   63.790974       Ave. chord =    3.717419
     CLsurf  =  -2.49779     Clsurf  =   0.55318
     CYsurf  =   0.03121     Cmsurf  =   0.42674
     CDsurf  =   0.25814     Cnsurf  =   0.11328
     CDisurf =   0.25814     CDvsurf =   0.00000

  Forces referred to Ssurf, Cave about hinge axis thru LE
     CLsurf  =  -4.88915     CDsurf  =   0.50527
     Deflect =

 Strip Forces referred to Strip Area, Chord
    j      Yle    Chord     Area     c cl      ai      cl_norm  cl       cd       cdv    cm_c/4    cm_LE  C.P.x/c
     1   0.0271   7.7411   0.8376 -21.9007  -0.7614  -3.9864  -3.9860 -33.0784   0.0000   1.2315   1.9070    0.559
     2   0.2428   7.5905   2.4436 -23.0427  -0.6316  -3.1253  -3.1251  -2.5057   0.0000   1.2800   2.0056    0.660
     3   0.6690   7.2932   3.8488 -22.6329  -0.4393  -3.1189  -3.1186  -0.3842   0.0000   1.2478   1.9905    0.650
     4   1.2950   6.8563   4.9402 -21.8010  -0.2011  -3.1770  -3.1767   0.1417   0.0000   1.0957   1.8597    0.595
     5   2.1056   6.2906   5.6339 -20.5722   0.0492  -3.2570  -3.2567   0.4460   0.0000   0.7683   1.5599    0.486
     6   3.0065   5.6619   5.0672 -19.7636   0.1279  -3.4604  -3.4600   0.9364   0.0000   0.4206   1.2721    0.372
     7   3.9586   4.9974   5.0150 -20.1591  -0.0470  -3.9990  -3.9986   1.0810   0.0000   0.2142   1.2027    0.304
     8   5.0073   4.2656   4.6382 -20.9542  -0.2586  -4.8590  -4.8586   1.6258   0.0000   0.0648   1.2718    0.263
     9   6.1989   3.7534   4.8429 -21.6798  -0.4312  -5.7156  -5.7152   1.8437   0.0000  -0.0193   1.4224    0.247
    10   7.5095   3.4937   4.6216 -21.5317  -0.4687  -6.1096  -6.1092   1.6488   0.0000  -0.0264   1.5119    0.246
    11   8.8364   3.2307   4.2738 -20.7984  -0.4562  -6.3895  -6.3891   1.5040   0.0000  -0.0223   1.5845    0.247
    12  10.1470   2.9710   3.8335 -19.6783  -0.4268  -6.5793  -6.5789   1.3895   0.0000  -0.0177   1.6354    0.247
    13  11.4090   2.7210   3.3357 -18.3032  -0.4030  -6.6853  -6.6849   1.3163   0.0000  -0.0175   1.6615    0.247
    14  12.6340   2.4782   3.0105 -16.7249  -0.3933  -6.7086  -6.7082   1.2789   0.0000  -0.0195   1.6649    0.247
    15  13.7866   2.2498   2.4374 -14.9707  -0.4056  -6.6135  -6.6131   1.2917   0.0000  -0.0269   1.6340    0.246
    16  14.7941   2.0502   1.8970 -13.0767  -0.4491  -6.3349  -6.3345   1.3645   0.0000  -0.0427   1.5493    0.243
    17  15.6315   1.8843   1.4027 -10.9924  -0.5291  -5.7861  -5.7857   1.4785   0.0000  -0.0712   1.3850    0.238
    18  16.2783   1.7561   0.9575  -8.6098  -0.6409  -4.8506  -4.8503   1.5894   0.0000  -0.1092   1.1146    0.227
    19  16.8016   1.3043   0.6198  -5.5686  -0.5884  -4.2343  -4.2327   1.1254   0.0000  -0.1669   0.8412    0.211
    20  17.1200   0.8402   0.1342  -1.8774  -0.5387  -2.2248  -2.2240   0.3352   0.0000  -0.1608   0.3716    0.178

  Surface # 2     main_wing (YDUP)                        
     # Chordwise = 10   # Spanwise = 20     First strip = 21
     Surface area =   63.790974       Ave. chord =    3.717419
     CLsurf  =  -2.49779     Clsurf  =  -0.55318
     CYsurf  =  -0.03121     Cmsurf  =   0.42674
     CDsurf  =   0.25814     Cnsurf  =  -0.11327
     CDisurf =   0.25814     CDvsurf =   0.00000

  Forces referred to Ssurf, Cave about hinge axis thru LE
     CLsurf  =  -4.88914     CDsurf  =   0.50527
     Deflect =

 Strip Forces referred to Strip Area, Chord
    j      Yle    Chord     Area     c cl      ai      cl_norm  cl       cd       cdv    cm_c/4    cm_LE  C.P.x/c
    21  -0.0271   7.7411   0.8376 -21.9007  -0.7613  -3.9863  -3.9860 -33.0782   0.0000   1.2315  -1.9070    0.559
    22  -0.2428   7.5905   2.4436 -23.0427  -0.6316  -3.1253  -3.1251  -2.5056   0.0000   1.2800  -2.0056    0.660
    23  -0.6690   7.2932   3.8488 -22.6329  -0.4393  -3.1189  -3.1186  -0.3842   0.0000   1.2478  -1.9905    0.650
    24  -1.2950   6.8563   4.9402 -21.8009  -0.2010  -3.1770  -3.1767   0.1417   0.0000   1.0957  -1.8597    0.595
    25  -2.1056   6.2906   5.6339 -20.5722   0.0492  -3.2570  -3.2567   0.4460   0.0000   0.7683  -1.5599    0.486
    26  -3.0065   5.6619   5.0672 -19.7635   0.1279  -3.4604  -3.4600   0.9364   0.0000   0.4206  -1.2721    0.372
    27  -3.9586   4.9974   5.0150 -20.1591  -0.0470  -3.9990  -3.9986   1.0810   0.0000   0.2142  -1.2027    0.304
    28  -5.0073   4.2656   4.6382 -20.9542  -0.2586  -4.8590  -4.8586   1.6258   0.0000   0.0648  -1.2718    0.263
    29  -6.1989   3.7534   4.8429 -21.6798  -0.4312  -5.7156  -5.7152   1.8437   0.0000  -0.0193  -1.4224    0.247
    30  -7.5095   3.4937   4.6216 -21.5317  -0.4687  -6.1096  -6.1092   1.6488   0.0000  -0.0264  -1.5119    0.246
    31  -8.8364   3.2307   4.2738 -20.7984  -0.4562  -6.3895  -6.3891   1.5039   0.0000  -0.0223  -1.5845    0.247
    32 -10.1470   2.9710   3.8335 -19.6783  -0.4268  -6.5793  -6.5789   1.3896   0.0000  -0.0177  -1.6354    0.247
    33 -11.4090   2.7210   3.3357 -18.3031  -0.4030  -6.6852  -6.6848   1.3163   0.0000  -0.0175  -1.6615    0.247
    34 -12.6340   2.4782   3.0105 -16.7248  -0.3933  -6.7086  -6.7082   1.2789   0.0000  -0.0195  -1.6649    0.247
    35 -13.7866   2.2498   2.4374 -14.9706  -0.4056  -6.6135  -6.6131   1.2917   0.0000  -0.0269  -1.6340    0.246
    36 -14.7941   2.0502   1.8970 -13.0766  -0.4491  -6.3348  -6.3345   1.3645   0.0000  -0.0427  -1.5493    0.243
    37 -15.6315   1.8843   1.4027 -10.9923  -0.5291  -5.7860  -5.7857   1.4785   0.0000  -0.0712  -1.3850    0.238
    38 -16.2783   1.7561   0.9575  -8.6098  -0.6409  -4.8506  -4.8503   1.5893   0.0000  -0.1092  -1.1146    0.227
    39 -16.8016   1.3043   0.6198  -5.5685  -0.5883  -4.2343  -4.2327   1.1254   0.0000  -0.1669  -0.8412    0.211
    40 -17.1200   0.8402   0.1342  -1.8774  -0.5387  -2.2248  -2.2240   0.3352   0.0000  -0.1608  -0.3716    0.178

  Surface # 3     horizontal_stabilizer                   
     # Chordwise = 10   # Spanwise = 20     First strip = 41
     Surface area =   20.072786       Ave. chord =    2.827143
     CLsurf  =   0.13141     Clsurf  =  -0.01186
     CYsurf  =   0.00419     Cmsurf  =  -0.59132
     CDsurf  =  -0.02571     Cnsurf  =  -0.00456
     CDisurf =  -0.02571     CDvsurf =   0.00000

  Forces referred to Ssurf, Cave about hinge axis thru LE
     CLsurf  =   0.81734     CDsurf  =  -0.15991
     Deflect =

 Strip Forces referred to Strip Area, Chord
    j      Yle    Chord     Area     c cl      ai      cl_norm  cl       cd       cdv    cm_c/4    cm_LE  C.P.x/c
    41   0.0103   4.6946   0.1934   2.8356  -0.1168   0.6034   0.6033  -0.0315   0.0000   0.0092  -0.1403    0.235
    42   0.0924   4.6512   0.5701   2.8240  -0.1193   0.6048   0.6047  -0.0808   0.0000   0.0093  -0.1410    0.235
    43   0.2547   4.5656   0.9173   2.8192  -0.1209   0.6149   0.6148  -0.0875   0.0000   0.0098  -0.1431    0.234
    44   0.4930   4.4399   1.2180   2.8095  -0.1196   0.6300   0.6299  -0.0947   0.0000   0.0104  -0.1463    0.234
    45   0.8160   4.2695   1.5847   2.7919  -0.1150   0.6509   0.6508  -0.1013   0.0000   0.0109  -0.1510    0.233
    46   1.2202   4.0563   1.7628   2.7642  -0.1126   0.6782   0.6781  -0.1091   0.0000   0.0114  -0.1574    0.233
    47   1.6825   3.8123   1.8577   2.7253  -0.1216   0.7113   0.7112  -0.1186   0.0000   0.0118  -0.1652    0.233
    48   2.1917   3.5437   1.8711   2.6778  -0.1359   0.7516   0.7515  -0.1320   0.0000   0.0122  -0.1749    0.234
    49   2.7353   3.2569   1.8099   2.6184  -0.1380   0.7996   0.7994  -0.1428   0.0000   0.0130  -0.1861    0.234
    50   3.2997   2.9591   1.6859   2.5550  -0.1320   0.8584   0.8582  -0.1639   0.0000   0.0141  -0.1997    0.234
    51   3.8713   2.6576   1.5141   2.4782  -0.1273   0.9265   0.9264  -0.1909   0.0000   0.0159  -0.2150    0.233
    52   4.4357   2.3597   1.3114   2.3790  -0.1264   1.0013   1.0011  -0.2192   0.0000   0.0180  -0.2317    0.232
    53   4.9793   2.0730   1.0945   2.2442  -0.1291   1.0745   1.0743  -0.2560   0.0000   0.0202  -0.2479    0.231
    54   5.4885   1.8043   0.8792   2.0611  -0.1338   1.1331   1.1329  -0.2879   0.0000   0.0225  -0.2604    0.230
    55   5.9508   1.5604   0.6781   1.8258  -0.1378   1.1604   1.1602  -0.3034   0.0000   0.0252  -0.2646    0.228
    56   6.3550   1.3472   0.5000   1.5416  -0.1381   1.1345   1.1343  -0.3049   0.0000   0.0294  -0.2541    0.224
    57   6.6617   1.1853   0.2890   1.2286  -0.1326   1.0276   1.0275  -0.2764   0.0000   0.0349  -0.2220    0.216
    58   6.8736   1.0735   0.1917   0.9066  -0.1225   0.8374   0.8373  -0.2226   0.0000   0.0384  -0.1710    0.204
    59   7.0178   0.9975   0.1087   0.5581  -0.1106   0.5551   0.5551  -0.1386   0.0000   0.0339  -0.1049    0.189
    60   7.0908   0.9589   0.0351   0.1889  -0.1007   0.1956   0.1956  -0.0452   0.0000   0.0146  -0.0343    0.175

  Surface # 4     horizontal_stabilizer (YDUP)            
     # Chordwise = 10   # Spanwise = 20     First strip = 61
     Surface area =   20.072786       Ave. chord =    2.827143
     CLsurf  =   0.13141     Clsurf  =   0.01186
     CYsurf  =  -0.00419     Cmsurf  =  -0.59132
     CDsurf  =  -0.02571     Cnsurf  =   0.00456
     CDisurf =  -0.02571     CDvsurf =   0.00000

  Forces referred to Ssurf, Cave about hinge axis thru LE
     CLsurf  =   0.81734     CDsurf  =  -0.15991
     Deflect =

 Strip Forces referred to Strip Area, Chord
    j      Yle    Chord     Area     c cl      ai      cl_norm  cl       cd       cdv    cm_c/4    cm_LE  C.P.x/c
    61  -0.0103   4.6946   0.1934   2.8356  -0.1167   0.6034   0.6033  -0.0315   0.0000   0.0092   0.1403    0.235
    62  -0.0924   4.6512   0.5701   2.8240  -0.1193   0.6048   0.6047  -0.0808   0.0000   0.0093   0.1410    0.235
    63  -0.2547   4.5656   0.9173   2.8192  -0.1209   0.6149   0.6148  -0.0875   0.0000   0.0098   0.1431    0.234
    64  -0.4930   4.4399   1.2180   2.8095  -0.1196   0.6300   0.6299  -0.0947   0.0000   0.0104   0.1463    0.234
    65  -0.8160   4.2695   1.5847   2.7919  -0.1150   0.6509   0.6508  -0.1013   0.0000   0.0109   0.1510    0.233
    66  -1.2202   4.0563   1.7628   2.7642  -0.1126   0.6782   0.6781  -0.1091   0.0000   0.0114   0.1574    0.233
    67  -1.6825   3.8123   1.8577   2.7253  -0.1216   0.7113   0.7112  -0.1186   0.0000   0.0118   0.1652    0.233
    68  -2.1917   3.5437   1.8711   2.6777  -0.1359   0.7516   0.7515  -0.1320   0.0000   0.0122   0.1749    0.234
    69  -2.7353   3.2569   1.8099   2.6183  -0.1380   0.7996   0.7994  -0.1428   0.0000   0.0130   0.1861    0.234
    70  -3.2997   2.9591   1.6859   2.5550  -0.1320   0.8584   0.8582  -0.1639   0.0000   0.0141   0.1997    0.234
    71  -3.8713   2.6576   1.5141   2.4782  -0.1273   0.9265   0.9264  -0.1909   0.0000   0.0159   0.2150    0.233
    72  -4.4357   2.3597   1.3114   2.3790  -0.1264   1.0013   1.0011  -0.2192   0.0000   0.0180   0.2317    0.232
    73  -4.9793   2.0730   1.0945   2.2442  -0.1291   1.0745   1.0743  -0.2560   0.0000   0.0202   0.2479    0.231
    74  -5.4885   1.8043   0.8792   2.0611  -0.1338   1.1331   1.1329  -0.2879   0.0000   0.0225   0.2604    0.230
    75  -5.9508   1.5604   0.6781   1.8258  -0.1378   1.1604   1.1602  -0.3034   0.0000   0.0252   0.2645    0.228
    76  -6.3550   1.3472   0.5000   1.5415  -0.1381   1.1345   1.1343  -0.3049   0.0000   0.0294   0.2541    0.224
    77  -6.6617   1.1853   0.2890   1.2286  -0.1326   1.0276   1.0275  -0.2764   0.0000   0.0349   0.2220    0.216
    78  -6.8736   1.0735   0.1917   0.9066  -0.1225   0.8374   0.8373  -0.2226   0.0000   0.0384   0.1710    0.204
    79  -7.0178   0.9975   0.1087   0.5581  -0.1106   0.5551   0.5550  -0.1386   0.0000   0.0339   0.1049    0.189
    80  -7.0908   0.9589   0.0351   0.1889  -0.1007   0.1956   0.1956  -0.0452   0.0000   0.0146   0.0343    0.175

  Surface # 5     vertical_stabilizer                     
     # Chordwise = 10   # Spanwise = 20     First strip = 81
     Surface area =   26.974527       Ave. chord =    3.612513
     CLsurf  =   0.00000     Clsurf  =  -0.00000
     CYsurf  =  -0.00000     Cmsurf  =  -0.00000
     CDsurf  =  -0.00000     Cnsurf  =   0.00000
     CDisurf =  -0.00000     CDvsurf =   0.00000

  Forces referred to Ssurf, Cave about hinge axis thru LE
     CLsurf  =   0.00000     CDsurf  =  -0.00000
     Deflect =

 Strip Forces referred to Strip Area, Chord
    j      Yle    Chord     Area     c cl      ai      cl_norm  cl       cd       cdv    cm_c/4    cm_LE  C.P.x/c
    81   0.0000   8.1033   0.7081   0.0000  -0.0000   0.0000   0.0000  -0.0000   0.0000   0.0000  -0.0000    0.053
    82   0.0000   7.7953   1.2357   0.0000   0.0000   0.0000   0.0000  -0.0000   0.0000   0.0000   0.0000    0.007
    83   0.0000   7.3128   1.6577   0.0000  -0.0000   0.0000   0.0000  -0.0000   0.0000   0.0000   0.0000    0.011
    84   0.0000   6.6651   1.9342   0.0000  -0.0000   0.0000   0.0000  -0.0000   0.0000   0.0000  -0.0000    0.091
    85   0.0000   5.8661   2.0384   0.0000  -0.0000   0.0000   0.0000  -0.0000   0.0000   0.0000  -0.0000    0.056
    86   0.0000   4.9330   1.9589   0.0000  -0.0000   0.0000   0.0000  -0.0000   0.0000   0.0000  -0.0000    0.106
    87   0.0000   4.2949   2.2317   0.0000  -0.0000   0.0000   0.0000  -0.0000   0.0000   0.0000  -0.0000    0.149
    88   0.0000   4.0244   2.2380   0.0000  -0.0000   0.0000   0.0000  -0.0000   0.0000   0.0000  -0.0000    0.175
    89   0.0000   3.7387   2.1678   0.0000  -0.0000   0.0000   0.0000  -0.0000   0.0000   0.0000  -0.0000    0.210
    90   0.0000   3.4444   2.0327   0.0000  -0.0000   0.0000   0.0000  -0.0000   0.0000   0.0000  -0.0000    0.209
    91   0.0000   3.1483   1.8474   0.0000  -0.0000   0.0000   0.0000  -0.0000   0.0000   0.0000  -0.0000    0.221
    92   0.0000   2.8574   1.6279   0.0000  -0.0000   0.0000   0.0000  -0.0000   0.0000   0.0000  -0.0000    0.206
    93   0.0000   2.5785   1.3906   0.0000  -0.0000   0.0000   0.0000  -0.0000   0.0000   0.0000  -0.0000    0.219
    94   0.0000   2.3180   1.1503   0.0000  -0.0000   0.0000   0.0000  -0.0000   0.0000   0.0000  -0.0000    0.229
    95   0.0000   2.0821   0.9193   0.0000  -0.0000   0.0000   0.0000  -0.0000   0.0000   0.0000  -0.0000    0.239
    96   0.0000   1.8763   0.7063   0.0000  -0.0000   0.0000   0.0000  -0.0000   0.0000   0.0000  -0.0000    0.212
    97   0.0000   1.7056   0.5158   0.0000  -0.0000   0.0000   0.0000  -0.0000   0.0000   0.0000  -0.0000    0.220
    98   0.0000   1.5739   0.3482   0.0000  -0.0000   0.0000   0.0000  -0.0000   0.0000   0.0000  -0.0000    0.204
    99   0.0000   1.4843   0.2002   0.0000  -0.0000   0.0000   0.0000  -0.0000   0.0000   0.0000  -0.0000    0.188
   100   0.0000   1.4389   0.0652   0.0000  -0.0000   0.0000   0.0000  -0.0000   0.0000   0.0000  -0.0000    0.183

  Surface # 6     fuselage_horizontal                     
     # Chordwise = 10   # Spanwise = 10     First strip =101
     Surface area =  112.392822       Ave. chord =   30.376440
     CLsurf  =  -0.01756     Clsurf  =   0.00000
     CYsurf  =   0.00001     Cmsurf  =  -0.12315
     CDsurf  =  -0.01385     Cnsurf  =  -0.00000
     CDisurf =  -0.01385     CDvsurf =   0.00000

  Forces referred to Ssurf, Cave about hinge axis thru LE
     CLsurf  =  -0.01951     CDsurf  =  -0.01539
     Deflect =

 Strip Forces referred to Strip Area, Chord
    j      Yle    Chord     Area     c cl      ai      cl_norm  cl       cd       cdv    cm_c/4    cm_LE  C.P.x/c
   101  -1.6650  21.5445   7.9715  -0.4319   0.0933  -0.4064  -0.0187   0.0391   0.0000  -0.0169  -0.0013   -0.655
   102  -1.2950  27.3129  10.1058  -0.9494   0.0410  -0.1502  -0.0331   0.0481   0.0000  -0.0130  -0.0009   -0.143
   103  -0.9250  31.3629  11.6043  -0.8290  -0.0299  -0.0579  -0.0257   0.0214   0.0000  -0.0144  -0.0021   -0.312
   104  -0.5550  34.6182  12.8087  -0.5373  -0.2015  -0.0216  -0.0164  -0.0248   0.0000  -0.0151  -0.0042   -0.671
   105  -0.1850  37.0437  13.7062  -0.1326  -0.2682  -0.0076  -0.0076  -0.1163   0.0000  -0.0164  -0.0094
   106   0.1850  37.0437  13.7062  -0.1326  -0.2682  -0.0076  -0.0076  -0.1163   0.0000  -0.0164  -0.0094
   107   0.5550  34.6182  12.8087  -0.5373  -0.2015  -0.0216  -0.0164  -0.0247   0.0000  -0.0151  -0.0042   -0.671
   108   0.9250  31.3629  11.6043  -0.8290  -0.0299  -0.0579  -0.0257   0.0214   0.0000  -0.0144  -0.0021   -0.312
   109   1.2950  27.3129  10.1058  -0.9494   0.0410  -0.1502  -0.0331   0.0481   0.0000  -0.0130  -0.0009   -0.143
   110   1.6650  21.5445   7.9715  -0.4319   0.0933  -0.4064  -0.0187   0.0391   0.0000  -0.0169  -0.0013   -0.655

  Surface # 7     fuselage_vertical                       
     # Chordwise = 10   # Spanwise = 10     First strip =111
     Surface area =  114.215408       Ave. chord =   30.376440
     CLsurf  =  -0.00000     Clsurf  =  -0.00000
     CYsurf  =  -0.00000     Cmsurf  =   0.00000
     CDsurf  =  -0.00000     Cnsurf  =   0.00000
     CDisurf =  -0.00000     CDvsurf =   0.00000

  Forces referred to Ssurf, Cave about hinge axis thru LE
     CLsurf  =   0.00000     CDsurf  =  -0.00000
     Deflect =

 Strip Forces referred to Strip Area, Chord
    j      Yle    Chord     Area     c cl      ai      cl_norm  cl       cd       cdv    cm_c/4    cm_LE  C.P.x/c
   111   0.0000  21.5445   8.1007   0.0000   0.0000   0.0000   0.0000   0.0000   0.0000  -0.0000  -0.0000    0.651
   112   0.0000  27.3129  10.2696   0.0000   0.0000   0.0000   0.0000   0.0000   0.0000  -0.0000  -0.0000    0.591
   113   0.0000  31.3629  11.7925   0.0000  -0.0000   0.0000   0.0000   0.0000   0.0000  -0.0000  -0.0000    0.593
   114   0.0000  34.6182  13.0164   0.0000  -0.0000   0.0000   0.0000  -0.0000   0.0000  -0.0000  -0.0000    0.580
   115   0.0000  37.0437  13.9284   0.0000  -0.0000   0.0000   0.0000  -0.0000   0.0000  -0.0000  -0.0000    0.571
   116   0.0000  37.0437  13.9284   0.0000  -0.0000   0.0000   0.0000  -0.0000   0.0000  -0.0000  -0.0000    0.455
   117   0.0000  34.6182  13.0164   0.0000  -0.0000   0.0000   0.0000  -0.0000   0.0000  -0.0000  -0.0000    0.466
   118   0.0000  31.3629  11.7925   0.0000  -0.0000   0.0000   0.0000  -0.0000   0.0000  -0.0000  -0.0000    0.460
   119   0.0000  27.3129  10.2696   0.0000   0.0000   0.0000   0.0000   0.0000   0.0000  -0.0000  -0.0000    0.404
   120   0.0000  21.5445   8.1007   0.0000   0.0000   0.0000   0.0000  -0.0000   0.0000  -0.0000  -0.0000    0.404
 ---------------------------------------------------------------
