 ---------------------------------------------------------------
 Surface and Strip Forces by surface

  Forces referred to Sref, Cref, Bref about Xref, Yref, Zref
 Standard axis orientation,  X fwd, Z down         

  Surface # 1     main_wing                               
     # Chordwise = 10   # Spanwise = 30     First strip =  1
     Surface area =   63.968842       Ave. chord =    3.715026
     CLsurf  =   0.24677     Clsurf  =  -0.05028
     CYsurf  =  -0.01451     Cmsurf  =  -0.23165
     CDsurf  =   0.00490     Cnsurf  =  -0.00255
     CDisurf =   0.00490     CDvsurf =   0.00000

  Forces referred to Ssurf, Cave about hinge axis thru LE
     CLsurf  =   0.48248     CDsurf  =   0.00957
     Deflect =

 Strip Forces referred to Strip Area, Chord
    j      Yle    Chord     Area     c cl      ai      cl_norm  cl       cd       cdv    cm_c/4    cm_LE  C.P.x/c
     1   0.0114   7.7520   0.3539   2.7295   0.0945   0.4358   0.3374   0.1834   0.0000  -0.0277  -0.0948    0.332
     2   0.1025   7.6885   1.0492   2.6015   0.0945   0.4347   0.3366   0.0353   0.0000  -0.0273  -0.0917    0.331
     3   0.2837   7.5620   1.7073   2.5903   0.0941   0.4412   0.3415   0.0262   0.0000  -0.0260  -0.0915    0.326
     4   0.5530   7.3741   2.3052   2.5817   0.0927   0.4513   0.3494   0.0237   0.0000  -0.0240  -0.0914    0.319
     5   0.9075   7.1267   2.8223   2.5698   0.0896   0.4651   0.3600   0.0219   0.0000  -0.0217  -0.0917    0.310
     6   1.3432   6.8226   3.2414   2.5500   0.0829   0.4825   0.3735   0.0193   0.0000  -0.0194  -0.0925    0.302
     7   1.8554   6.4651   3.5491   2.5180   0.0707   0.5029   0.3893   0.0184   0.0000  -0.0174  -0.0942    0.295
     8   2.4386   6.0582   3.7368   2.4750   0.0580   0.5280   0.4088   0.0153   0.0000  -0.0158  -0.0967    0.289
     9   3.0862   5.6062   3.8005   2.4215   0.0502   0.5585   0.4324   0.0136   0.0000  -0.0146  -0.1005    0.284
    10   3.7613   5.1351   3.4440   2.3429   0.0451   0.5902   0.4569   0.0126   0.0000  -0.0145  -0.1055    0.282
    11   4.4532   4.6522   3.3149   2.2605   0.0395   0.6291   0.4870   0.0085   0.0000  -0.0152  -0.1122    0.281
    12   5.1831   4.1429   3.0930   2.1673   0.0304   0.6778   0.5247   0.0047   0.0000  -0.0160  -0.1205    0.281
    13   6.0123   3.7903   3.4706   2.0632   0.0237   0.6693   0.5461   0.0028   0.0000  -0.0143  -0.1352    0.276
    14   6.9353   3.6075   3.3775   1.9768   0.0216   0.6737   0.5498   0.0031   0.0000  -0.0143  -0.1360    0.276
    15   7.8737   3.4215   3.2389   1.8915   0.0186   0.6798   0.5547   0.0026   0.0000  -0.0142  -0.1370    0.276
    16   8.8172   3.2345   3.0619   1.8053   0.0166   0.6864   0.5601   0.0020   0.0000  -0.0140  -0.1380    0.275
    17   9.7556   3.0486   2.8543   1.7167   0.0160   0.6926   0.5651   0.0014   0.0000  -0.0139  -0.1390    0.275
    18  10.6786   2.8657   2.6240   1.6264   0.0163   0.6981   0.5696   0.0009   0.0000  -0.0137  -0.1398    0.274
    19  11.5760   2.6879   2.3787   1.5346   0.0173   0.7023   0.5731   0.0003   0.0000  -0.0134  -0.1404    0.273
    20  12.4328   2.5181   2.1010   1.4420   0.0188   0.7045   0.5748  -0.0001   0.0000  -0.0130  -0.1404    0.273
    21  13.2400   2.3582   1.8520   1.3482   0.0211   0.7034   0.5739  -0.0005   0.0000  -0.0124  -0.1397    0.272
    22  13.9941   2.2087   1.6074   1.2520   0.0245   0.6974   0.5691  -0.0007   0.0000  -0.0114  -0.1377    0.270
    23  14.6868   2.0715   1.3716   1.1509   0.0294   0.6836   0.5578  -0.0008   0.0000  -0.0098  -0.1337    0.268
    24  15.3105   1.9479   1.1479   1.0411   0.0357   0.6576   0.5366  -0.0006   0.0000  -0.0075  -0.1269    0.264
    25  15.8583   1.8393   0.9381   0.9169   0.0428   0.6132   0.5004   0.0002   0.0000  -0.0050  -0.1166    0.260
    26  16.3244   1.7470   0.7427   0.7737   0.0501   0.5445   0.4443   0.0032   0.0000  -0.0059  -0.1049    0.263
    27  16.6722   1.4928   0.4131   0.6183   0.0584   1.4015   0.4166  -0.0095   0.0000  -0.0077  -0.0543    0.269
    28  16.9098   1.1466   0.2292   0.4599   0.0708   1.3612   0.4046  -0.0231   0.0000   0.0077  -0.0456    0.231
    29  17.0696   0.9138   0.1104   0.2852   0.0816   1.0642   0.3163  -0.0338   0.0000   0.0230  -0.0277    0.177
    30  17.1499   0.7967   0.0322   0.0968   0.0874   0.4178   0.1242  -0.0250   0.0000   0.0155  -0.0078    0.126

  Surface # 2     main_wing (YDUP)                        
     # Chordwise = 10   # Spanwise = 30     First strip = 31
     Surface area =   63.968842       Ave. chord =    3.715026
     CLsurf  =   0.24677     Clsurf  =   0.05028
     CYsurf  =   0.01451     Cmsurf  =  -0.23165
     CDsurf  =   0.00490     Cnsurf  =   0.00255
     CDisurf =   0.00490     CDvsurf =   0.00000

  Forces referred to Ssurf, Cave about hinge axis thru LE
     CLsurf  =   0.48248     CDsurf  =   0.00957
     Deflect =

 Strip Forces referred to Strip Area, Chord
    j      Yle    Chord     Area     c cl      ai      cl_norm  cl       cd       cdv    cm_c/4    cm_LE  C.P.x/c
    31  -0.0114   7.7520   0.3539   2.7295   0.0946   0.4358   0.3374   0.1834   0.0000  -0.0277   0.0948    0.332
    32  -0.1025   7.6885   1.0492   2.6015   0.0945   0.4347   0.3366   0.0353   0.0000  -0.0273   0.0917    0.331
    33  -0.2837   7.5620   1.7073   2.5903   0.0941   0.4412   0.3415   0.0262   0.0000  -0.0260   0.0915    0.326
    34  -0.5530   7.3741   2.3052   2.5817   0.0927   0.4513   0.3494   0.0237   0.0000  -0.0240   0.0914    0.319
    35  -0.9075   7.1267   2.8223   2.5698   0.0896   0.4651   0.3600   0.0219   0.0000  -0.0217   0.0917    0.310
    36  -1.3432   6.8226   3.2414   2.5500   0.0829   0.4825   0.3735   0.0193   0.0000  -0.0194   0.0925    0.302
    37  -1.8554   6.4651   3.5491   2.5180   0.0707   0.5029   0.3893   0.0184   0.0000  -0.0174   0.0942    0.295
    38  -2.4386   6.0582   3.7368   2.4750   0.0580   0.5280   0.4088   0.0153   0.0000  -0.0158   0.0967    0.289
    39  -3.0862   5.6062   3.8005   2.4215   0.0502   0.5585   0.4324   0.0136   0.0000  -0.0146   0.1005    0.284
    40  -3.7613   5.1351   3.4440   2.3429   0.0451   0.5902   0.4569   0.0126   0.0000  -0.0145   0.1055    0.282
    41  -4.4532   4.6522   3.3149   2.2605   0.0395   0.6291   0.4870   0.0085   0.0000  -0.0152   0.1122    0.281
    42  -5.1831   4.1429   3.0930   2.1673   0.0304   0.6778   0.5247   0.0047   0.0000  -0.0160   0.1205    0.281
    43  -6.0123   3.7903   3.4706   2.0631   0.0237   0.6693   0.5461   0.0028   0.0000  -0.0143   0.1352    0.276
    44  -6.9353   3.6075   3.3775   1.9768   0.0216   0.6737   0.5498   0.0031   0.0000  -0.0143   0.1360    0.276
    45  -7.8737   3.4215   3.2389   1.8915   0.0186   0.6798   0.5547   0.0026   0.0000  -0.0142   0.1370    0.276
    46  -8.8172   3.2345   3.0619   1.8052   0.0166   0.6864   0.5601   0.0020   0.0000  -0.0140   0.1380    0.275
    47  -9.7556   3.0486   2.8543   1.7167   0.0160   0.6925   0.5651   0.0014   0.0000  -0.0139   0.1390    0.275
    48 -10.6786   2.8657   2.6240   1.6264   0.0163   0.6981   0.5696   0.0009   0.0000  -0.0137   0.1398    0.274
    49 -11.5760   2.6879   2.3787   1.5346   0.0173   0.7023   0.5731   0.0003   0.0000  -0.0134   0.1404    0.273
    50 -12.4328   2.5181   2.1010   1.4420   0.0188   0.7045   0.5748  -0.0001   0.0000  -0.0130   0.1404    0.273
    51 -13.2400   2.3582   1.8520   1.3482   0.0211   0.7034   0.5739  -0.0005   0.0000  -0.0124   0.1397    0.272
    52 -13.9941   2.2087   1.6074   1.2520   0.0245   0.6974   0.5691  -0.0007   0.0000  -0.0114   0.1377    0.270
    53 -14.6868   2.0715   1.3716   1.1509   0.0294   0.6836   0.5578  -0.0008   0.0000  -0.0098   0.1337    0.268
    54 -15.3105   1.9479   1.1479   1.0411   0.0357   0.6576   0.5366  -0.0006   0.0000  -0.0075   0.1269    0.264
    55 -15.8583   1.8393   0.9381   0.9169   0.0428   0.6132   0.5004   0.0002   0.0000  -0.0050   0.1166    0.260
    56 -16.3244   1.7470   0.7427   0.7737   0.0501   0.5445   0.4443   0.0032   0.0000  -0.0059   0.1049    0.263
    57 -16.6722   1.4928   0.4131   0.6183   0.0584   1.4015   0.4166  -0.0095   0.0000  -0.0077   0.0543    0.269
    58 -16.9098   1.1466   0.2292   0.4599   0.0708   1.3612   0.4046  -0.0231   0.0000   0.0077   0.0456    0.231
    59 -17.0696   0.9138   0.1104   0.2852   0.0816   1.0642   0.3163  -0.0338   0.0000   0.0230   0.0277    0.177
    60 -17.1499   0.7967   0.0322   0.0968   0.0874   0.4178   0.1242  -0.0250   0.0000   0.0155   0.0078    0.126

  Surface # 3     horizontal_stabilizer                   
     # Chordwise = 10   # Spanwise = 30     First strip = 61
     Surface area =   20.301460       Ave. chord =    2.826985
     CLsurf  =   0.03181     Clsurf  =  -0.00311
     CYsurf  =  -0.00476     Cmsurf  =  -0.16016
     CDsurf  =   0.00153     Cnsurf  =   0.00272
     CDisurf =   0.00153     CDvsurf =   0.00000

  Forces referred to Ssurf, Cave about hinge axis thru LE
     CLsurf  =   0.19781     CDsurf  =   0.00941
     Deflect =

 Strip Forces referred to Strip Area, Chord
    j      Yle    Chord     Area     c cl      ai      cl_norm  cl       cd       cdv    cm_c/4    cm_LE  C.P.x/c
    61   0.0046   4.6976   0.0871   0.7950   0.0833   0.2707   0.1632   0.0767   0.0000  -0.0121  -0.0408    0.324
    62   0.0412   4.6783   0.2592   0.7048   0.0842   0.2487   0.1499   0.0156   0.0000  -0.0115  -0.0370    0.327
    63   0.1140   4.6399   0.4254   0.6980   0.0849   0.2489   0.1500   0.0117   0.0000  -0.0109  -0.0365    0.323
    64   0.2222   4.5828   0.5818   0.6966   0.0851   0.2516   0.1516   0.0109   0.0000  -0.0099  -0.0361    0.315
    65   0.3647   4.5076   0.7249   0.6958   0.0847   0.2556   0.1540   0.0106   0.0000  -0.0086  -0.0356    0.306
    66   0.5398   4.4152   0.8518   0.6951   0.0836   0.2607   0.1571   0.0103   0.0000  -0.0073  -0.0352    0.296
    67   0.7511   4.3037   1.0088   0.6934   0.0815   0.2669   0.1609   0.0100   0.0000  -0.0060  -0.0350    0.287
    68   0.9975   4.1737   1.0993   0.6904   0.0780   0.2741   0.1652   0.0098   0.0000  -0.0048  -0.0349    0.279
    69   1.2712   4.0294   1.1663   0.6857   0.0731   0.2821   0.1700   0.0096   0.0000  -0.0038  -0.0351    0.272
    70   1.5691   3.8722   1.2096   0.6797   0.0672   0.2910   0.1754   0.0095   0.0000  -0.0029  -0.0355    0.267
    71   1.8880   3.7039   1.2292   0.6711   0.0611   0.3004   0.1810   0.0094   0.0000  -0.0022  -0.0361    0.262
    72   2.2244   3.5264   1.2262   0.6610   0.0560   0.3108   0.1873   0.0093   0.0000  -0.0017  -0.0369    0.259
    73   2.5747   3.3417   1.2022   0.6485   0.0524   0.3219   0.1940   0.0093   0.0000  -0.0013  -0.0378    0.257
    74   2.9349   3.1516   1.1594   0.6342   0.0502   0.3338   0.2012   0.0093   0.0000  -0.0009  -0.0389    0.255
    75   3.3011   2.9584   1.1004   0.6178   0.0488   0.3465   0.2088   0.0091   0.0000  -0.0006  -0.0402    0.253
    76   3.6693   2.7641   1.0281   0.5999   0.0478   0.3602   0.2171   0.0091   0.0000  -0.0003  -0.0415    0.252
    77   4.0356   2.5709   0.9458   0.5792   0.0471   0.3739   0.2254   0.0090   0.0000  -0.0001  -0.0429    0.250
    78   4.3958   2.3809   0.8566   0.5570   0.0467   0.3884   0.2341   0.0089   0.0000   0.0002  -0.0443    0.249
    79   4.7460   2.1961   0.7636   0.5327   0.0465   0.4027   0.2427   0.0087   0.0000   0.0006  -0.0457    0.248
    80   5.0824   2.0186   0.6699   0.5061   0.0467   0.4164   0.2509   0.0085   0.0000   0.0010  -0.0469    0.246
    81   5.4013   1.8503   0.5780   0.4774   0.0474   0.4286   0.2583   0.0080   0.0000   0.0016  -0.0479    0.244
    82   5.6992   1.6932   0.4901   0.4470   0.0486   0.4386   0.2643   0.0076   0.0000   0.0026  -0.0483    0.240
    83   5.9729   1.5488   0.4079   0.4137   0.0505   0.4439   0.2675   0.0071   0.0000   0.0038  -0.0480    0.236
    84   6.2193   1.4188   0.3326   0.3776   0.0532   0.4424   0.2666   0.0062   0.0000   0.0057  -0.0465    0.229
    85   6.4358   1.3046   0.2646   0.3387   0.0565   0.4316   0.2601   0.0054   0.0000   0.0084  -0.0433    0.218
    86   6.6379   1.1979   0.2441   0.2928   0.0602   0.4064   0.2450   0.0042   0.0000   0.0117  -0.0380    0.202
    87   6.8184   1.1027   0.1774   0.2373   0.0640   0.3580   0.2158   0.0025   0.0000   0.0156  -0.0296    0.178
    88   6.9555   1.0303   0.1197   0.1748   0.0670   0.2824   0.1702   0.0005   0.0000   0.0173  -0.0197    0.148
    89   7.0478   0.9816   0.0689   0.1072   0.0690   0.1820   0.1097  -0.0011   0.0000   0.0144  -0.0103    0.119
    90   7.0942   0.9572   0.0225   0.0361   0.0700   0.0631   0.0380  -0.0019   0.0000   0.0057  -0.0030    0.099

  Surface # 4     horizontal_stabilizer (YDUP)            
     # Chordwise = 10   # Spanwise = 30     First strip = 91
     Surface area =   20.301460       Ave. chord =    2.826985
     CLsurf  =   0.03181     Clsurf  =   0.00311
     CYsurf  =   0.00476     Cmsurf  =  -0.16016
     CDsurf  =   0.00153     Cnsurf  =  -0.00272
     CDisurf =   0.00153     CDvsurf =   0.00000

  Forces referred to Ssurf, Cave about hinge axis thru LE
     CLsurf  =   0.19781     CDsurf  =   0.00941
     Deflect =

 Strip Forces referred to Strip Area, Chord
    j      Yle    Chord     Area     c cl      ai      cl_norm  cl       cd       cdv    cm_c/4    cm_LE  C.P.x/c
    91  -0.0046   4.6976   0.0871   0.7950   0.0833   0.2707   0.1632   0.0767   0.0000  -0.0121   0.0408    0.324
    92  -0.0412   4.6783   0.2592   0.7048   0.0842   0.2487   0.1499   0.0156   0.0000  -0.0115   0.0370    0.327
    93  -0.1140   4.6399   0.4254   0.6980   0.0849   0.2489   0.1500   0.0117   0.0000  -0.0109   0.0365    0.323
    94  -0.2222   4.5828   0.5818   0.6966   0.0851   0.2516   0.1516   0.0109   0.0000  -0.0099   0.0361    0.315
    95  -0.3647   4.5076   0.7249   0.6958   0.0847   0.2556   0.1540   0.0106   0.0000  -0.0086   0.0356    0.306
    96  -0.5398   4.4152   0.8518   0.6951   0.0836   0.2607   0.1571   0.0103   0.0000  -0.0073   0.0352    0.296
    97  -0.7511   4.3037   1.0088   0.6934   0.0815   0.2669   0.1609   0.0100   0.0000  -0.0060   0.0350    0.287
    98  -0.9975   4.1737   1.0993   0.6904   0.0780   0.2741   0.1652   0.0098   0.0000  -0.0048   0.0349    0.279
    99  -1.2712   4.0294   1.1663   0.6857   0.0731   0.2821   0.1700   0.0096   0.0000  -0.0038   0.0351    0.272
   100  -1.5691   3.8722   1.2096   0.6796   0.0672   0.2910   0.1754   0.0095   0.0000  -0.0029   0.0355    0.267
   101  -1.8880   3.7039   1.2292   0.6711   0.0611   0.3004   0.1810   0.0094   0.0000  -0.0022   0.0361    0.262
   102  -2.2244   3.5264   1.2262   0.6610   0.0560   0.3108   0.1873   0.0093   0.0000  -0.0017   0.0369    0.259
   103  -2.5747   3.3417   1.2022   0.6485   0.0524   0.3219   0.1940   0.0093   0.0000  -0.0013   0.0378    0.257
   104  -2.9349   3.1516   1.1594   0.6342   0.0502   0.3338   0.2012   0.0093   0.0000  -0.0009   0.0389    0.255
   105  -3.3011   2.9584   1.1004   0.6178   0.0487   0.3465   0.2088   0.0091   0.0000  -0.0006   0.0402    0.253
   106  -3.6693   2.7641   1.0281   0.5999   0.0478   0.3602   0.2171   0.0091   0.0000  -0.0003   0.0415    0.252
   107  -4.0356   2.5709   0.9458   0.5792   0.0471   0.3739   0.2254   0.0090   0.0000  -0.0001   0.0429    0.250
   108  -4.3958   2.3809   0.8566   0.5570   0.0467   0.3884   0.2340   0.0089   0.0000   0.0002   0.0443    0.249
   109  -4.7460   2.1961   0.7636   0.5327   0.0465   0.4027   0.2427   0.0087   0.0000   0.0006   0.0457    0.248
   110  -5.0824   2.0186   0.6699   0.5061   0.0467   0.4164   0.2509   0.0085   0.0000   0.0010   0.0469    0.246
   111  -5.4013   1.8503   0.5780   0.4774   0.0474   0.4286   0.2583   0.0080   0.0000   0.0017   0.0479    0.244
   112  -5.6992   1.6932   0.4901   0.4470   0.0486   0.4386   0.2643   0.0076   0.0000   0.0026   0.0483    0.240
   113  -5.9729   1.5488   0.4079   0.4137   0.0505   0.4439   0.2675   0.0071   0.0000   0.0038   0.0480    0.236
   114  -6.2193   1.4188   0.3326   0.3776   0.0532   0.4424   0.2666   0.0062   0.0000   0.0057   0.0465    0.229
   115  -6.4358   1.3046   0.2646   0.3387   0.0565   0.4316   0.2601   0.0054   0.0000   0.0084   0.0433    0.218
   116  -6.6379   1.1979   0.2441   0.2928   0.0602   0.4064   0.2449   0.0042   0.0000   0.0117   0.0380    0.202
   117  -6.8184   1.1027   0.1774   0.2373   0.0640   0.3580   0.2158   0.0025   0.0000   0.0156   0.0296    0.178
   118  -6.9555   1.0303   0.1197   0.1748   0.0670   0.2824   0.1702   0.0005   0.0000   0.0173   0.0197    0.148
   119  -7.0478   0.9816   0.0689   0.1072   0.0690   0.1820   0.1097  -0.0011   0.0000   0.0144   0.0103    0.119
   120  -7.0942   0.9572   0.0225   0.0361   0.0700   0.0631   0.0380  -0.0019   0.0000   0.0057   0.0030    0.099

  Surface # 5     vertical_stabilizer                     
     # Chordwise = 10   # Spanwise = 30     First strip =121
     Surface area =   27.879847       Ave. chord =    3.584910
     CLsurf  =   0.00000     Clsurf  =   0.00000
     CYsurf  =   0.00000     Cmsurf  =  -0.00000
     CDsurf  =  -0.00000     Cnsurf  =  -0.00000
     CDisurf =  -0.00000     CDvsurf =   0.00000

  Forces referred to Ssurf, Cave about hinge axis thru LE
     CLsurf  =  -0.00000     CDsurf  =  -0.00000
     Deflect =

 Strip Forces referred to Strip Area, Chord
    j      Yle    Chord     Area     c cl      ai      cl_norm  cl       cd       cdv    cm_c/4    cm_LE  C.P.x/c
   121   0.0000   8.1257   0.4979  -0.0000   0.0000  -0.0000  -0.0000   0.0000   0.0000   0.0000   0.0000    0.415
   122   0.0000   7.9240   0.7938  -0.0000   0.0000  -0.0000  -0.0000   0.0000   0.0000   0.0000   0.0000    0.418
   123   0.0000   7.6259   1.0549  -0.0000  -0.0000  -0.0000  -0.0000   0.0000   0.0000   0.0000   0.0000    0.424
   124   0.0000   7.2338   1.2682  -0.0000   0.0000  -0.0000  -0.0000   0.0000   0.0000   0.0000   0.0000    0.420
   125   0.0000   6.7513   1.4225  -0.0000   0.0000  -0.0000  -0.0000   0.0000   0.0000   0.0000   0.0000    0.408
   126   0.0000   6.1827   1.5094  -0.0000   0.0000  -0.0000  -0.0000   0.0000   0.0000   0.0000   0.0000    0.399
   127   0.0000   5.5336   1.5228  -0.0000   0.0000  -0.0000  -0.0000  -0.0000   0.0000   0.0000   0.0000    0.376
   128   0.0000   4.8100   1.4602  -0.0000   0.0000  -0.0000  -0.0000  -0.0000   0.0000   0.0000   0.0000    0.339
   129   0.0000   4.3477   1.3899  -0.0000   0.0000  -0.0000  -0.0000  -0.0000   0.0000   0.0000   0.0000    0.299
   130   0.0000   4.1900   1.4293  -0.0000   0.0000  -0.0000  -0.0000  -0.0000   0.0000   0.0000   0.0000    0.293
   131   0.0000   4.0228   1.4447  -0.0000   0.0000  -0.0000  -0.0000  -0.0000   0.0000   0.0000   0.0000    0.285
   132   0.0000   3.8479   1.4371  -0.0000   0.0000  -0.0000  -0.0000  -0.0000   0.0000   0.0000   0.0000    0.277
   133   0.0000   3.6670   1.4082  -0.0000   0.0000  -0.0000  -0.0000  -0.0000   0.0000   0.0000   0.0000    0.268
   134   0.0000   3.4821   1.3602  -0.0000   0.0000  -0.0000  -0.0000  -0.0000   0.0000   0.0000   0.0000    0.262
   135   0.0000   3.2949   1.2955  -0.0000   0.0000  -0.0000  -0.0000  -0.0000   0.0000   0.0000   0.0000    0.256
   136   0.0000   3.1075   1.2172  -0.0000   0.0000  -0.0000  -0.0000  -0.0000   0.0000   0.0000   0.0000    0.255
   137   0.0000   2.9218   1.1282  -0.0000   0.0000  -0.0000  -0.0000  -0.0000   0.0000  -0.0000   0.0000    0.248
   138   0.0000   2.7397   1.0316  -0.0000   0.0000  -0.0000  -0.0000  -0.0000   0.0000  -0.0000   0.0000    0.243
   139   0.0000   2.5631   0.9305  -0.0000   0.0000  -0.0000  -0.0000  -0.0000   0.0000  -0.0000   0.0000    0.239
   140   0.0000   2.3939   0.8277  -0.0000   0.0000  -0.0000  -0.0000  -0.0000   0.0000  -0.0000   0.0000    0.232
   141   0.0000   2.2337   0.7257  -0.0000   0.0000  -0.0000  -0.0000  -0.0000   0.0000  -0.0000   0.0000    0.230
   142   0.0000   2.0844   0.6265  -0.0000   0.0000  -0.0000  -0.0000  -0.0000   0.0000  -0.0000   0.0000    0.224
   143   0.0000   1.9474   0.5319  -0.0000   0.0000  -0.0000  -0.0000  -0.0000   0.0000  -0.0000   0.0000    0.217
   144   0.0000   1.8243   0.4429  -0.0000   0.0000  -0.0000  -0.0000  -0.0000   0.0000  -0.0000   0.0000    0.205
   145   0.0000   1.7162   0.3603  -0.0000   0.0000  -0.0000  -0.0000  -0.0000   0.0000  -0.0000   0.0000    0.190
   146   0.0000   1.6243   0.2840  -0.0000   0.0000  -0.0000  -0.0000  -0.0000   0.0000  -0.0000   0.0000    0.177
   147   0.0000   1.5496   0.2138  -0.0000   0.0000  -0.0000  -0.0000  -0.0000   0.0000  -0.0000   0.0000    0.160
   148   0.0000   1.4929   0.1487  -0.0000   0.0000  -0.0000  -0.0000  -0.0000   0.0000  -0.0000   0.0000    0.143
   149   0.0000   1.4548   0.0875  -0.0000   0.0000  -0.0000  -0.0000  -0.0000   0.0000  -0.0000   0.0000    0.124
   150   0.0000   1.4356   0.0289  -0.0000   0.0000  -0.0000  -0.0000  -0.0000   0.0000  -0.0000   0.0000    0.116

  Surface # 6     fuselage_horizontal                     
     # Chordwise = 10   # Spanwise = 10     First strip =151
     Surface area =  123.841202       Ave. chord =   33.112617
     CLsurf  =   0.00991     Clsurf  =   0.00000
     CYsurf  =   0.00000     Cmsurf  =   0.05012
     CDsurf  =   0.00003     Cnsurf  =  -0.00000
     CDisurf =   0.00003     CDvsurf =   0.00000

  Forces referred to Ssurf, Cave about hinge axis thru LE
     CLsurf  =   0.00999     CDsurf  =   0.00003
     Deflect =

 Strip Forces referred to Strip Area, Chord
    j      Yle    Chord     Area     c cl      ai      cl_norm  cl       cd       cdv    cm_c/4    cm_LE  C.P.x/c
   151  -1.6830  26.5957   9.9468   0.2325   0.1255   0.1028   0.0089  -0.0011   0.0000   0.0032   0.0001   -0.115
   152  -1.3090  31.2096  11.6724   0.3260   0.1343   0.0401   0.0105  -0.0003   0.0000   0.0040   0.0004   -0.134
   153  -0.9350  34.0626  12.7394   0.3535   0.1175   0.0252   0.0104   0.0000   0.0000   0.0050   0.0008   -0.230
   154  -0.5610  36.1619  13.5246   0.3652   0.1092   0.0169   0.0101   0.0003   0.0000   0.0055   0.0013   -0.295
   155  -0.1870  37.5332  14.0374   0.3715   0.1070   0.0114   0.0099   0.0008   0.0000   0.0057   0.0022   -0.324
   156   0.1870  37.5332  14.0374   0.3715   0.1070   0.0114   0.0099   0.0008   0.0000   0.0057   0.0022   -0.324
   157   0.5610  36.1619  13.5246   0.3652   0.1092   0.0169   0.0101   0.0003   0.0000   0.0055   0.0013   -0.295
   158   0.9350  34.0626  12.7394   0.3535   0.1175   0.0252   0.0104   0.0000   0.0000   0.0050   0.0008   -0.230
   159   1.3090  31.2096  11.6724   0.3260   0.1343   0.0401   0.0105  -0.0003   0.0000   0.0040   0.0004   -0.134
   160   1.6830  26.5957   9.9468   0.2325   0.1255   0.1028   0.0089  -0.0011   0.0000   0.0032   0.0001   -0.115

  Surface # 7     fuselage_vertical                       
     # Chordwise = 10   # Spanwise = 10     First strip =161
     Surface area =  123.841202       Ave. chord =   33.112617
     CLsurf  =  -0.00000     Clsurf  =  -0.00000
     CYsurf  =   0.00000     Cmsurf  =   0.00000
     CDsurf  =   0.00000     Cnsurf  =  -0.00000
     CDisurf =   0.00000     CDvsurf =   0.00000

  Forces referred to Ssurf, Cave about hinge axis thru LE
     CLsurf  =  -0.00000     CDsurf  =   0.00000
     Deflect =

 Strip Forces referred to Strip Area, Chord
    j      Yle    Chord     Area     c cl      ai      cl_norm  cl       cd       cdv    cm_c/4    cm_LE  C.P.x/c
   161   0.0000  26.5957   9.9468  -0.0000  -0.0000  -0.0000  -0.0000  -0.0000   0.0000  -0.0000  -0.0000
   162   0.0000  31.2096  11.6724  -0.0000   0.0000  -0.0000  -0.0000  -0.0000   0.0000  -0.0000  -0.0000   -0.062
   163   0.0000  34.0626  12.7394  -0.0000   0.0000  -0.0000  -0.0000   0.0000   0.0000  -0.0000  -0.0000    0.030
   164   0.0000  36.1619  13.5246  -0.0000   0.0000  -0.0000  -0.0000   0.0000   0.0000  -0.0000  -0.0000    0.084
   165   0.0000  37.5332  14.0374  -0.0000   0.0000  -0.0000  -0.0000   0.0000   0.0000  -0.0000   0.0000    0.150
   166   0.0000  37.5332  14.0374  -0.0000  -0.0000  -0.0000  -0.0000  -0.0000   0.0000   0.0000   0.0000    0.382
   167   0.0000  36.1619  13.5246  -0.0000  -0.0000  -0.0000  -0.0000   0.0000   0.0000   0.0000   0.0000    0.486
   168   0.0000  34.0626  12.7394  -0.0000  -0.0000  -0.0000  -0.0000   0.0000   0.0000   0.0000   0.0000    0.554
   169   0.0000  31.2096  11.6724  -0.0000   0.0000  -0.0000  -0.0000   0.0000   0.0000   0.0000   0.0000    0.613
   170   0.0000  26.5957   9.9468  -0.0000   0.0000  -0.0000  -0.0000   0.0000   0.0000   0.0000   0.0000    0.691
 ---------------------------------------------------------------
