 ---------------------------------------------------------------
 Surface and Strip Forces by surface

  Forces referred to Sref, Cref, Bref about Xref, Yref, Zref
 Standard axis orientation,  X fwd, Z down         

  Surface # 1     main_wing                               
     # Chordwise = 10   # Spanwise = 30     First strip =  1
     Surface area =   63.968842       Ave. chord =    3.715026
     CLsurf  =   0.49427     Clsurf  =  -0.09659
     CYsurf  =  -0.02255     Cmsurf  =  -0.43980
     CDsurf  =   0.02106     Cnsurf  =  -0.01513
     CDisurf =   0.02106     CDvsurf =   0.00000

  Forces referred to Ssurf, Cave about hinge axis thru LE
     CLsurf  =   0.96553     CDsurf  =   0.04111
     Deflect =

 Strip Forces referred to Strip Area, Chord
    j      Yle    Chord     Area     c cl      ai      cl_norm  cl       cd       cdv    cm_c/4    cm_LE  C.P.x/c
     1   0.0114   7.7520   0.3539   6.2981   0.2134   0.8490   0.6589   0.9387   0.0000  -0.0397  -0.2001    0.310
     2   0.1025   7.6885   1.0492   5.6570   0.2131   0.9205   0.7144   0.1850   0.0000  -0.0402  -0.1849    0.306
     3   0.2837   7.5620   1.7073   5.6034   0.2117   0.9381   0.7281   0.1376   0.0000  -0.0372  -0.1836    0.301
     4   0.5530   7.3741   2.3052   5.5784   0.2082   0.9618   0.7465   0.1227   0.0000  -0.0326  -0.1831    0.294
     5   0.9075   7.1267   2.8223   5.5368   0.2009   0.9918   0.7697   0.1084   0.0000  -0.0277  -0.1833    0.286
     6   1.3432   6.8226   3.2414   5.4647   0.1863   1.0259   0.7962   0.0967   0.0000  -0.0233  -0.1847    0.279
     7   1.8554   6.4651   3.5491   5.3737   0.1613   1.0679   0.8288   0.0858   0.0000  -0.0196  -0.1880    0.274
     8   2.4386   6.0582   3.7368   5.2224   0.1338   1.1100   0.8615   0.0785   0.0000  -0.0177  -0.1928    0.271
     9   3.0862   5.6062   3.8005   5.0506   0.1138   1.1651   0.9043   0.0594   0.0000  -0.0165  -0.1999    0.268
    10   3.7613   5.1351   3.4440   4.8389   0.0976   1.2233   0.9493   0.0426   0.0000  -0.0171  -0.2089    0.268
    11   4.4532   4.6522   3.3149   4.5888   0.0800   1.2848   0.9971   0.0255   0.0000  -0.0189  -0.2196    0.269
    12   5.1831   4.1429   3.0930   4.3351   0.0540   1.3678   1.0615   0.0061   0.0000  -0.0211  -0.2337    0.270
    13   6.0123   3.7903   3.4706   4.0619   0.0361   1.3377   1.0885  -0.0016   0.0000  -0.0160  -0.2584    0.265
    14   6.9353   3.6075   3.3775   3.8439   0.0327   1.3295   1.0818   0.0014   0.0000  -0.0161  -0.2571    0.265
    15   7.8737   3.4215   3.2389   3.6437   0.0276   1.3288   1.0812   0.0011   0.0000  -0.0160  -0.2568    0.265
    16   8.8172   3.2345   3.0619   3.4516   0.0245   1.3317   1.0836   0.0001   0.0000  -0.0157  -0.2571    0.264
    17   9.7556   3.0486   2.8543   3.2634   0.0240   1.3362   1.0872  -0.0012   0.0000  -0.0154  -0.2576    0.264
    18  10.6786   2.8657   2.6239   3.0773   0.0251   1.3407   1.0909  -0.0025   0.0000  -0.0150  -0.2580    0.264
    19  11.5760   2.6879   2.3787   2.8925   0.0273   1.3438   1.0935  -0.0038   0.0000  -0.0145  -0.2581    0.263
    20  12.4328   2.5181   2.1010   2.7095   0.0307   1.3439   1.0935  -0.0049   0.0000  -0.0137  -0.2574    0.263
    21  13.2400   2.3582   1.8520   2.5268   0.0354   1.3385   1.0891  -0.0058   0.0000  -0.0126  -0.2554    0.262
    22  13.9941   2.2087   1.6074   2.3414   0.0421   1.3243   1.0775  -0.0062   0.0000  -0.0107  -0.2511    0.260
    23  14.6868   2.0715   1.3716   2.1483   0.0515   1.2956   1.0542  -0.0061   0.0000  -0.0078  -0.2433    0.257
    24  15.3105   1.9479   1.1479   1.9402   0.0634   1.2442   1.0124  -0.0052   0.0000  -0.0035  -0.2302    0.253
    25  15.8583   1.8393   0.9381   1.7060   0.0770   1.1581   0.9423  -0.0023   0.0000   0.0009  -0.2107    0.249
    26  16.3244   1.7470   0.7427   1.4370   0.0908   1.0246   0.8337   0.0091   0.0000  -0.0017  -0.1890    0.252
    27  16.6722   1.4928   0.4131   1.1447   0.1053   2.5698   0.7854  -0.0361   0.0000  -0.0053  -0.1008    0.257
    28  16.9098   1.1466   0.2292   0.8477   0.1251   2.5067   0.7661  -0.0839   0.0000   0.0244  -0.0839    0.218
    29  17.0696   0.9138   0.1104   0.5236   0.1412   1.9760   0.6039  -0.1211   0.0000   0.0520  -0.0501    0.164
    30  17.1499   0.7967   0.0322   0.1773   0.1495   0.7943   0.2427  -0.0925   0.0000   0.0330  -0.0137    0.114

  Surface # 2     main_wing (YDUP)                        
     # Chordwise = 10   # Spanwise = 30     First strip = 31
     Surface area =   63.968842       Ave. chord =    3.715026
     CLsurf  =   0.49424     Clsurf  =   0.09659
     CYsurf  =   0.02256     Cmsurf  =  -0.43980
     CDsurf  =   0.02107     Cnsurf  =   0.01513
     CDisurf =   0.02107     CDvsurf =   0.00000

  Forces referred to Ssurf, Cave about hinge axis thru LE
     CLsurf  =   0.96548     CDsurf  =   0.04112
     Deflect =

 Strip Forces referred to Strip Area, Chord
    j      Yle    Chord     Area     c cl      ai      cl_norm  cl       cd       cdv    cm_c/4    cm_LE  C.P.x/c
    31  -0.0114   7.7520   0.3539   6.2981   0.2134   0.8490   0.6589   0.9387   0.0000  -0.0397   0.2001    0.310
    32  -0.1025   7.6885   1.0492   5.6570   0.2131   0.9205   0.7144   0.1851   0.0000  -0.0402   0.1849    0.306
    33  -0.2837   7.5620   1.7073   5.6035   0.2117   0.9381   0.7281   0.1375   0.0000  -0.0372   0.1836    0.301
    34  -0.5530   7.3741   2.3052   5.5784   0.2082   0.9617   0.7464   0.1229   0.0000  -0.0326   0.1831    0.294
    35  -0.9075   7.1267   2.8223   5.5401   0.2009   0.9925   0.7703   0.1078   0.0000  -0.0276   0.1833    0.286
    36  -1.3432   6.8226   3.2414   5.4650   0.1863   1.0259   0.7962   0.0971   0.0000  -0.0232   0.1847    0.279
    37  -1.8554   6.4651   3.5491   5.3657   0.1613   1.0658   0.8272   0.0878   0.0000  -0.0198   0.1879    0.274
    38  -2.4386   6.0582   3.7368   5.2225   0.1338   1.1101   0.8615   0.0781   0.0000  -0.0177   0.1928    0.270
    39  -3.0862   5.6062   3.8005   5.0508   0.1138   1.1652   0.9043   0.0594   0.0000  -0.0165   0.1999    0.268
    40  -3.7613   5.1351   3.4440   4.8387   0.0976   1.2236   0.9496   0.0411   0.0000  -0.0171   0.2089    0.268
    41  -4.4532   4.6522   3.3149   4.5888   0.0800   1.2848   0.9971   0.0255   0.0000  -0.0189   0.2196    0.269
    42  -5.1831   4.1429   3.0930   4.3351   0.0540   1.3678   1.0615   0.0060   0.0000  -0.0211   0.2337    0.270
    43  -6.0123   3.7903   3.4706   4.0619   0.0361   1.3378   1.0885  -0.0016   0.0000  -0.0160   0.2584    0.265
    44  -6.9353   3.6075   3.3775   3.8439   0.0327   1.3295   1.0818   0.0015   0.0000  -0.0161   0.2571    0.265
    45  -7.8737   3.4215   3.2389   3.6436   0.0276   1.3288   1.0812   0.0011   0.0000  -0.0160   0.2568    0.265
    46  -8.8172   3.2345   3.0619   3.4516   0.0245   1.3317   1.0836   0.0001   0.0000  -0.0157   0.2571    0.264
    47  -9.7556   3.0486   2.8543   3.2634   0.0240   1.3362   1.0872  -0.0012   0.0000  -0.0154   0.2576    0.264
    48 -10.6786   2.8657   2.6239   3.0773   0.0251   1.3407   1.0909  -0.0025   0.0000  -0.0150   0.2580    0.264
    49 -11.5760   2.6879   2.3787   2.8925   0.0273   1.3438   1.0935  -0.0038   0.0000  -0.0145   0.2581    0.263
    50 -12.4328   2.5181   2.1010   2.7095   0.0307   1.3439   1.0935  -0.0049   0.0000  -0.0137   0.2574    0.263
    51 -13.2400   2.3582   1.8520   2.5268   0.0354   1.3385   1.0891  -0.0058   0.0000  -0.0126   0.2554    0.262
    52 -13.9941   2.2087   1.6074   2.3414   0.0421   1.3243   1.0775  -0.0062   0.0000  -0.0107   0.2511    0.260
    53 -14.6868   2.0715   1.3716   2.1483   0.0515   1.2956   1.0542  -0.0061   0.0000  -0.0078   0.2433    0.257
    54 -15.3105   1.9479   1.1479   1.9402   0.0634   1.2442   1.0124  -0.0053   0.0000  -0.0035   0.2302    0.253
    55 -15.8583   1.8393   0.9381   1.7060   0.0770   1.1580   0.9423  -0.0023   0.0000   0.0009   0.2107    0.249
    56 -16.3244   1.7470   0.7427   1.4370   0.0907   1.0246   0.8337   0.0091   0.0000  -0.0017   0.1890    0.252
    57 -16.6722   1.4928   0.4131   1.1447   0.1053   2.5698   0.7854  -0.0362   0.0000  -0.0053   0.1008    0.257
    58 -16.9098   1.1466   0.2292   0.8477   0.1251   2.5067   0.7661  -0.0839   0.0000   0.0244   0.0839    0.218
    59 -17.0696   0.9138   0.1104   0.5236   0.1412   1.9760   0.6039  -0.1211   0.0000   0.0520   0.0501    0.164
    60 -17.1499   0.7967   0.0322   0.1773   0.1495   0.7943   0.2427  -0.0925   0.0000   0.0330   0.0137    0.114

  Surface # 3     horizontal_stabilizer                   
     # Chordwise = 10   # Spanwise = 30     First strip = 61
     Surface area =   20.301462       Ave. chord =    2.826986
     CLsurf  =   0.05921     Clsurf  =  -0.00586
     CYsurf  =  -0.00895     Cmsurf  =  -0.30046
     CDsurf  =   0.00596     Cnsurf  =   0.00473
     CDisurf =   0.00596     CDvsurf =   0.00000

  Forces referred to Ssurf, Cave about hinge axis thru LE
     CLsurf  =   0.36827     CDsurf  =   0.03665
     Deflect =

 Strip Forces referred to Strip Area, Chord
    j      Yle    Chord     Area     c cl      ai      cl_norm  cl       cd       cdv    cm_c/4    cm_LE  C.P.x/c
    61   0.0046   4.6976   0.0871   1.5770   0.1685   0.4933   0.2954   0.2556   0.0000  -0.0222  -0.0811    0.325
    62   0.0412   4.6783   0.2592   1.2815   0.1701   0.4481   0.2683   0.0554   0.0000  -0.0204  -0.0684    0.326
    63   0.1140   4.6399   0.4254   1.2593   0.1713   0.4477   0.2681   0.0424   0.0000  -0.0193  -0.0672    0.322
    64   0.2222   4.5828   0.5818   1.2534   0.1715   0.4520   0.2706   0.0399   0.0000  -0.0174  -0.0663    0.314
    65   0.3647   4.5076   0.7249   1.2520   0.1707   0.4595   0.2751   0.0389   0.0000  -0.0151  -0.0654    0.305
    66   0.5398   4.4152   0.8518   1.2504   0.1685   0.4689   0.2808   0.0381   0.0000  -0.0126  -0.0648    0.295
    67   0.7511   4.3037   1.0088   1.2484   0.1643   0.4808   0.2879   0.0375   0.0000  -0.0102  -0.0644    0.286
    68   0.9975   4.1737   1.0993   1.2445   0.1576   0.4947   0.2962   0.0369   0.0000  -0.0080  -0.0644    0.277
    69   1.2712   4.0294   1.1663   1.2393   0.1484   0.5107   0.3058   0.0366   0.0000  -0.0061  -0.0649    0.270
    70   1.5691   3.8722   1.2096   1.2310   0.1372   0.5283   0.3164   0.0362   0.0000  -0.0046  -0.0658    0.264
    71   1.8880   3.7039   1.2292   1.2206   0.1258   0.5481   0.3282   0.0364   0.0000  -0.0033  -0.0672    0.260
    72   2.2244   3.5264   1.2262   1.2072   0.1160   0.5697   0.3411   0.0364   0.0000  -0.0023  -0.0690    0.257
    73   2.5747   3.3417   1.2022   1.1920   0.1090   0.5940   0.3557   0.0367   0.0000  -0.0014  -0.0712    0.254
    74   2.9349   3.1516   1.1594   1.1730   0.1043   0.6203   0.3714   0.0367   0.0000  -0.0006  -0.0737    0.252
    75   3.3011   2.9584   1.1004   1.1509   0.1011   0.6488   0.3885   0.0368   0.0000   0.0000  -0.0765    0.250
    76   3.6693   2.7641   1.0281   1.1251   0.0987   0.6793   0.4068   0.0367   0.0000   0.0007  -0.0796    0.248
    77   4.0356   2.5709   0.9458   1.0952   0.0970   0.7115   0.4260   0.0368   0.0000   0.0013  -0.0828    0.247
    78   4.3958   2.3809   0.8566   1.0610   0.0958   0.7449   0.4460   0.0364   0.0000   0.0021  -0.0861    0.245
    79   4.7460   2.1961   0.7636   1.0207   0.0951   0.7775   0.4656   0.0359   0.0000   0.0029  -0.0893    0.244
    80   5.0824   2.0186   0.6699   0.9769   0.0952   0.8103   0.4852   0.0350   0.0000   0.0040  -0.0922    0.242
    81   5.4013   1.8503   0.5780   0.9274   0.0962   0.8399   0.5029   0.0339   0.0000   0.0054  -0.0946    0.239
    82   5.6992   1.6932   0.4901   0.8721   0.0983   0.8640   0.5174   0.0320   0.0000   0.0073  -0.0960    0.236
    83   5.9729   1.5488   0.4079   0.8112   0.1019   0.8793   0.5265   0.0300   0.0000   0.0100  -0.0958    0.231
    84   6.2193   1.4188   0.3326   0.7435   0.1071   0.8807   0.5274   0.0270   0.0000   0.0138  -0.0931    0.224
    85   6.4358   1.3046   0.2646   0.6688   0.1135   0.8625   0.5164   0.0235   0.0000   0.0191  -0.0871    0.213
    86   6.6379   1.1979   0.2441   0.5797   0.1208   0.8150   0.4881   0.0186   0.0000   0.0256  -0.0767    0.197
    87   6.8184   1.1027   0.1774   0.4704   0.1283   0.7199   0.4311   0.0117   0.0000   0.0330  -0.0602    0.173
    88   6.9555   1.0303   0.1197   0.3473   0.1341   0.5704   0.3416   0.0038   0.0000   0.0362  -0.0403    0.144
    89   7.0478   0.9816   0.0689   0.2133   0.1380   0.3694   0.2212  -0.0032   0.0000   0.0299  -0.0213    0.115
    90   7.0942   0.9572   0.0225   0.0719   0.1400   0.1295   0.0776  -0.0070   0.0000   0.0118  -0.0063    0.098

  Surface # 4     horizontal_stabilizer (YDUP)            
     # Chordwise = 10   # Spanwise = 30     First strip = 91
     Surface area =   20.301462       Ave. chord =    2.826986
     CLsurf  =   0.05921     Clsurf  =   0.00586
     CYsurf  =   0.00895     Cmsurf  =  -0.30047
     CDsurf  =   0.00596     Cnsurf  =  -0.00473
     CDisurf =   0.00596     CDvsurf =   0.00000

  Forces referred to Ssurf, Cave about hinge axis thru LE
     CLsurf  =   0.36827     CDsurf  =   0.03665
     Deflect =

 Strip Forces referred to Strip Area, Chord
    j      Yle    Chord     Area     c cl      ai      cl_norm  cl       cd       cdv    cm_c/4    cm_LE  C.P.x/c
    91  -0.0046   4.6976   0.0871   1.5770   0.1685   0.4933   0.2954   0.2556   0.0000  -0.0222   0.0811    0.325
    92  -0.0412   4.6783   0.2592   1.2815   0.1701   0.4481   0.2683   0.0554   0.0000  -0.0204   0.0684    0.326
    93  -0.1140   4.6399   0.4254   1.2593   0.1713   0.4477   0.2680   0.0424   0.0000  -0.0193   0.0672    0.322
    94  -0.2222   4.5828   0.5818   1.2534   0.1715   0.4520   0.2706   0.0399   0.0000  -0.0174   0.0663    0.314
    95  -0.3647   4.5076   0.7249   1.2520   0.1707   0.4595   0.2751   0.0389   0.0000  -0.0151   0.0654    0.305
    96  -0.5398   4.4152   0.8518   1.2504   0.1685   0.4689   0.2808   0.0381   0.0000  -0.0126   0.0648    0.295
    97  -0.7511   4.3037   1.0088   1.2485   0.1643   0.4808   0.2879   0.0375   0.0000  -0.0102   0.0644    0.286
    98  -0.9975   4.1737   1.0993   1.2445   0.1576   0.4947   0.2962   0.0369   0.0000  -0.0080   0.0644    0.277
    99  -1.2712   4.0294   1.1663   1.2393   0.1484   0.5107   0.3058   0.0366   0.0000  -0.0061   0.0649    0.270
   100  -1.5691   3.8722   1.2096   1.2308   0.1372   0.5282   0.3163   0.0363   0.0000  -0.0046   0.0658    0.265
   101  -1.8880   3.7039   1.2292   1.2207   0.1258   0.5481   0.3282   0.0363   0.0000  -0.0033   0.0672    0.260
   102  -2.2244   3.5264   1.2262   1.2072   0.1160   0.5697   0.3411   0.0366   0.0000  -0.0023   0.0690    0.257
   103  -2.5747   3.3417   1.2022   1.1921   0.1090   0.5941   0.3557   0.0366   0.0000  -0.0014   0.0712    0.254
   104  -2.9349   3.1516   1.1594   1.1731   0.1043   0.6203   0.3714   0.0368   0.0000  -0.0006   0.0737    0.252
   105  -3.3011   2.9584   1.1004   1.1508   0.1011   0.6487   0.3884   0.0369   0.0000   0.0000   0.0765    0.250
   106  -3.6693   2.7641   1.0281   1.1253   0.0987   0.6795   0.4069   0.0366   0.0000   0.0007   0.0796    0.248
   107  -4.0356   2.5709   0.9458   1.0953   0.0970   0.7116   0.4261   0.0368   0.0000   0.0013   0.0828    0.247
   108  -4.3958   2.3809   0.8566   1.0610   0.0958   0.7449   0.4460   0.0364   0.0000   0.0021   0.0861    0.245
   109  -4.7460   2.1961   0.7636   1.0209   0.0951   0.7777   0.4657   0.0359   0.0000   0.0029   0.0893    0.244
   110  -5.0824   2.0186   0.6699   0.9764   0.0952   0.8099   0.4850   0.0350   0.0000   0.0040   0.0922    0.242
   111  -5.4013   1.8503   0.5780   0.9273   0.0962   0.8399   0.5029   0.0338   0.0000   0.0054   0.0946    0.239
   112  -5.6992   1.6932   0.4901   0.8721   0.0983   0.8639   0.5173   0.0322   0.0000   0.0073   0.0960    0.236
   113  -5.9729   1.5488   0.4079   0.8113   0.1019   0.8794   0.5266   0.0300   0.0000   0.0100   0.0958    0.231
   114  -6.2193   1.4188   0.3326   0.7435   0.1071   0.8807   0.5274   0.0271   0.0000   0.0138   0.0931    0.224
   115  -6.4358   1.3046   0.2646   0.6686   0.1135   0.8622   0.5163   0.0235   0.0000   0.0191   0.0871    0.213
   116  -6.6379   1.1979   0.2441   0.5797   0.1208   0.8151   0.4881   0.0185   0.0000   0.0257   0.0767    0.197
   117  -6.8184   1.1027   0.1774   0.4705   0.1283   0.7200   0.4312   0.0118   0.0000   0.0330   0.0602    0.173
   118  -6.9555   1.0303   0.1197   0.3473   0.1341   0.5705   0.3416   0.0038   0.0000   0.0362   0.0403    0.144
   119  -7.0478   0.9816   0.0689   0.2133   0.1380   0.3695   0.2213  -0.0033   0.0000   0.0299   0.0213    0.115
   120  -7.0942   0.9572   0.0225   0.0719   0.1400   0.1295   0.0776  -0.0070   0.0000   0.0118   0.0063    0.098

  Surface # 5     vertical_stabilizer                     
     # Chordwise = 10   # Spanwise = 30     First strip =121
     Surface area =   27.879848       Ave. chord =    3.584910
     CLsurf  =   0.00000     Clsurf  =   0.00000
     CYsurf  =   0.00000     Cmsurf  =  -0.00000
     CDsurf  =  -0.00000     Cnsurf  =  -0.00000
     CDisurf =  -0.00000     CDvsurf =   0.00000

  Forces referred to Ssurf, Cave about hinge axis thru LE
     CLsurf  =  -0.00000     CDsurf  =  -0.00000
     Deflect =

 Strip Forces referred to Strip Area, Chord
    j      Yle    Chord     Area     c cl      ai      cl_norm  cl       cd       cdv    cm_c/4    cm_LE  C.P.x/c
   121   0.0000   8.1257   0.4979  -0.0000   0.0000  -0.0000  -0.0000   0.0000   0.0000  -0.0000   0.0000   -0.134
   122   0.0000   7.9240   0.7938  -0.0000  -0.0000  -0.0000  -0.0000  -0.0000   0.0000  -0.0000   0.0000   -0.274
   123   0.0000   7.6259   1.0549  -0.0000   0.0000  -0.0000  -0.0000  -0.0000   0.0000  -0.0000   0.0000   -0.147
   124   0.0000   7.2338   1.2682  -0.0000   0.0000  -0.0000  -0.0000  -0.0000   0.0000  -0.0000   0.0000    0.041
   125   0.0000   6.7513   1.4225  -0.0000  -0.0000  -0.0000  -0.0000  -0.0000   0.0000  -0.0000   0.0000    0.087
   126   0.0000   6.1827   1.5094  -0.0000  -0.0000  -0.0000  -0.0000   0.0000   0.0000  -0.0000   0.0000    0.046
   127   0.0000   5.5335   1.5228  -0.0000   0.0000  -0.0000  -0.0000   0.0000   0.0000  -0.0000   0.0000   -0.162
   128   0.0000   4.8100   1.4602  -0.0000  -0.0000  -0.0000  -0.0000  -0.0000   0.0000  -0.0000   0.0000    0.015
   129   0.0000   4.3477   1.3899  -0.0000   0.0000  -0.0000  -0.0000  -0.0000   0.0000  -0.0000  -0.0000   -0.207
   130   0.0000   4.1900   1.4293  -0.0000   0.0000  -0.0000  -0.0000   0.0000   0.0000  -0.0000  -0.0000   -0.178
   131   0.0000   4.0228   1.4447  -0.0000   0.0000  -0.0000  -0.0000  -0.0000   0.0000  -0.0000   0.0000   -0.057
   132   0.0000   3.8479   1.4371  -0.0000   0.0000  -0.0000  -0.0000  -0.0000   0.0000  -0.0000  -0.0000   -0.155
   133   0.0000   3.6670   1.4082  -0.0000   0.0000  -0.0000  -0.0000  -0.0000   0.0000  -0.0000  -0.0000   -0.130
   134   0.0000   3.4821   1.3602  -0.0000   0.0000  -0.0000  -0.0000  -0.0000   0.0000   0.0000   0.0000    0.303
   135   0.0000   3.2949   1.2955  -0.0000   0.0000  -0.0000  -0.0000  -0.0000   0.0000  -0.0000   0.0000    0.091
   136   0.0000   3.1075   1.2172  -0.0000   0.0000  -0.0000  -0.0000   0.0000   0.0000  -0.0000   0.0000   -0.031
   137   0.0000   2.9218   1.1282  -0.0000  -0.0000  -0.0000  -0.0000  -0.0000   0.0000  -0.0000   0.0000    0.184
   138   0.0000   2.7397   1.0316  -0.0000  -0.0000  -0.0000  -0.0000  -0.0000   0.0000   0.0000   0.0000    0.298
   139   0.0000   2.5631   0.9305  -0.0000  -0.0000  -0.0000  -0.0000   0.0000   0.0000  -0.0000   0.0000    0.211
   140   0.0000   2.3939   0.8277  -0.0000   0.0000  -0.0000  -0.0000   0.0000   0.0000  -0.0000   0.0000    0.103
   141   0.0000   2.2337   0.7257  -0.0000  -0.0000  -0.0000  -0.0000  -0.0000   0.0000  -0.0000   0.0000    0.168
   142   0.0000   2.0844   0.6265  -0.0000   0.0000  -0.0000  -0.0000   0.0000   0.0000  -0.0000   0.0000    0.178
   143   0.0000   1.9474   0.5319  -0.0000  -0.0000  -0.0000  -0.0000   0.0000   0.0000   0.0000   0.0000    0.320
   144   0.0000   1.8243   0.4429  -0.0000   0.0000  -0.0000  -0.0000  -0.0000   0.0000   0.0000   0.0000    0.424
   145   0.0000   1.7162   0.3603  -0.0000  -0.0000  -0.0000  -0.0000  -0.0000   0.0000   0.0000   0.0000    0.449
   146   0.0000   1.6243   0.2840  -0.0000   0.0000  -0.0000  -0.0000   0.0000   0.0000   0.0000   0.0000    0.323
   147   0.0000   1.5496   0.2138  -0.0000  -0.0000  -0.0000  -0.0000  -0.0000   0.0000   0.0000   0.0000    0.387
   148   0.0000   1.4929   0.1487  -0.0000  -0.0000  -0.0000  -0.0000   0.0000   0.0000  -0.0000   0.0000    0.193
   149   0.0000   1.4548   0.0875  -0.0000  -0.0000  -0.0000  -0.0000   0.0000   0.0000  -0.0000   0.0000    0.176
   150   0.0000   1.4356   0.0289  -0.0000  -0.0000  -0.0000  -0.0000  -0.0000   0.0000  -0.0000   0.0000    0.228

  Surface # 6     fuselage_horizontal                     
     # Chordwise = 10   # Spanwise = 10     First strip =151
     Surface area =  123.841194       Ave. chord =   33.112621
     CLsurf  =   0.01632     Clsurf  =   0.00000
     CYsurf  =   0.00000     Cmsurf  =   0.09667
     CDsurf  =  -0.00043     Cnsurf  =   0.00000
     CDisurf =  -0.00043     CDvsurf =   0.00000

  Forces referred to Ssurf, Cave about hinge axis thru LE
     CLsurf  =   0.01645     CDsurf  =  -0.00044
     Deflect =

 Strip Forces referred to Strip Area, Chord
    j      Yle    Chord     Area     c cl      ai      cl_norm  cl       cd       cdv    cm_c/4    cm_LE  C.P.x/c
   151  -1.6830  26.5957   9.9468   0.3767   0.2476   0.1431   0.0153  -0.0054   0.0000   0.0067   0.0004   -0.187
   152  -1.3090  31.2096  11.6724   0.5305   0.2661   0.0631   0.0176  -0.0018   0.0000   0.0084   0.0010   -0.225
   153  -0.9350  34.0626  12.7394   0.5715   0.2377   0.0401   0.0171  -0.0004   0.0000   0.0102   0.0020   -0.345
   154  -0.5610  36.1619  13.5246   0.5899   0.2240   0.0270   0.0164   0.0008   0.0000   0.0111   0.0031   -0.426
   155  -0.1870  37.5332  14.0374   0.6011   0.2207   0.0182   0.0157   0.0029   0.0000   0.0113   0.0051   -0.470
   156   0.1870  37.5332  14.0374   0.6011   0.2207   0.0182   0.0157   0.0029   0.0000   0.0113   0.0051   -0.470
   157   0.5610  36.1619  13.5246   0.5899   0.2240   0.0270   0.0164   0.0008   0.0000   0.0111   0.0031   -0.426
   158   0.9350  34.0626  12.7394   0.5715   0.2377   0.0401   0.0171  -0.0004   0.0000   0.0102   0.0020   -0.345
   159   1.3090  31.2096  11.6724   0.5305   0.2661   0.0631   0.0176  -0.0018   0.0000   0.0084   0.0010   -0.225
   160   1.6830  26.5957   9.9468   0.3767   0.2476   0.1431   0.0153  -0.0054   0.0000   0.0067   0.0004   -0.187

  Surface # 7     fuselage_vertical                       
     # Chordwise = 10   # Spanwise = 10     First strip =161
     Surface area =  123.841194       Ave. chord =   33.112621
     CLsurf  =  -0.00000     Clsurf  =  -0.00000
     CYsurf  =   0.00000     Cmsurf  =  -0.00000
     CDsurf  =   0.00000     Cnsurf  =   0.00000
     CDisurf =   0.00000     CDvsurf =   0.00000

  Forces referred to Ssurf, Cave about hinge axis thru LE
     CLsurf  =  -0.00000     CDsurf  =   0.00000
     Deflect =

 Strip Forces referred to Strip Area, Chord
    j      Yle    Chord     Area     c cl      ai      cl_norm  cl       cd       cdv    cm_c/4    cm_LE  C.P.x/c
   161   0.0000  26.5957   9.9468  -0.0000   0.0000  -0.0000  -0.0000  -0.0000   0.0000  -0.0000  -0.0000
   162   0.0000  31.2096  11.6724  -0.0000   0.0000  -0.0000  -0.0000   0.0000   0.0000  -0.0000  -0.0000
   163   0.0000  34.0626  12.7394  -0.0000  -0.0000  -0.0000  -0.0000  -0.0000   0.0000   0.0000   0.0000    0.571
   164   0.0000  36.1619  13.5246  -0.0000  -0.0000  -0.0000  -0.0000   0.0000   0.0000  -0.0000  -0.0000    0.182
   165   0.0000  37.5332  14.0374  -0.0000  -0.0000  -0.0000  -0.0000   0.0000   0.0000  -0.0000   0.0000    0.184
   166   0.0000  37.5332  14.0374  -0.0000   0.0000  -0.0000  -0.0000  -0.0000   0.0000   0.0000   0.0000    0.310
   167   0.0000  36.1619  13.5246  -0.0000   0.0000  -0.0000  -0.0000   0.0000   0.0000  -0.0000   0.0000    0.214
   168   0.0000  34.0626  12.7394  -0.0000   0.0000  -0.0000  -0.0000  -0.0000   0.0000   0.0000   0.0000    0.505
   169   0.0000  31.2096  11.6724  -0.0000  -0.0000  -0.0000  -0.0000   0.0000   0.0000   0.0000   0.0000    0.392
   170   0.0000  26.5957   9.9468  -0.0000   0.0000  -0.0000  -0.0000   0.0000   0.0000   0.0000   0.0000    0.459
 ---------------------------------------------------------------
