 ---------------------------------------------------------------
 Surface and Strip Forces by surface

  Forces referred to Sref, Cref, Bref about Xref, Yref, Zref
 Standard axis orientation,  X fwd, Z down         

  Surface # 1     main_wing                               
     # Chordwise = 10   # Spanwise = 20     First strip =  1
     Surface area =   63.790974       Ave. chord =    3.717419
     CLsurf  =  -2.57454     Clsurf  =   0.56698
     CYsurf  =   0.05535     Cmsurf  =   0.44208
     CDsurf  =   0.11389     Cnsurf  =   0.21351
     CDisurf =   0.11389     CDvsurf =   0.00000

  Forces referred to Ssurf, Cave about hinge axis thru LE
     CLsurf  =  -5.03944     CDsurf  =   0.22293
     Deflect =

 Strip Forces referred to Strip Area, Chord
    j      Yle    Chord     Area     c cl      ai      cl_norm  cl       cd       cdv    cm_c/4    cm_LE  C.P.x/c
     1   0.0271   7.7411   0.8376 -20.6904  -0.6384   4.9373   4.9369 -62.1404   0.0000   1.3791   2.0138   -0.029
     2   0.2428   7.5905   2.4436 -23.0130  -0.5250  -2.5064  -2.5062  -4.4665   0.0000   1.4663   2.1879    0.835
     3   0.6690   7.2932   3.8488 -22.6735  -0.3482  -3.1075  -3.1072  -0.2040   0.0000   1.4437   2.1847    0.715
     4   1.2950   6.8563   4.9402 -21.8544  -0.1256  -3.2716  -3.2713   0.4873   0.0000   1.3010   2.0636    0.648
     5   2.1056   6.2906   5.6339 -20.5213   0.1132  -3.3538  -3.3535   0.5435   0.0000   0.9723   1.7587    0.540
     6   3.0065   5.6619   5.0672 -19.6128   0.2175  -3.5955  -3.5952   0.8567   0.0000   0.5947   1.4369    0.415
     7   3.9586   4.9974   5.0150 -19.5168   0.0682  -4.1056  -4.1052   1.3884   0.0000   0.3085   1.2638    0.325
     8   5.0073   4.2656   4.6382 -20.7388  -0.1679  -5.0922  -5.0918   1.5749   0.0000   0.1274   1.3210    0.275
     9   6.1989   3.7534   4.8429 -21.6771  -0.4129  -6.0769  -6.0765   2.0997   0.0000  -0.0141   1.4274    0.248
    10   7.5095   3.4937   4.6216 -21.8570  -0.5096  -6.5381  -6.5377   1.9101   0.0000  -0.0405   1.5211    0.244
    11   8.8364   3.2307   4.2738 -21.3792  -0.5249  -6.8857  -6.8853   1.7769   0.0000  -0.0419   1.6099    0.244
    12  10.1470   2.9710   3.8335 -20.4198  -0.5020  -7.1291  -7.1286   1.6621   0.0000  -0.0374   1.6781    0.245
    13  11.4090   2.7210   3.3357 -19.1098  -0.4770  -7.2718  -7.2714   1.5919   0.0000  -0.0383   1.7148    0.245
    14  12.6340   2.4782   3.0105 -17.5141  -0.4632  -7.3096  -7.3091   1.5382   0.0000  -0.0416   1.7225    0.244
    15  13.7866   2.2498   2.4374 -15.6597  -0.4680  -7.2000  -7.1996   1.5224   0.0000  -0.0520   1.6854    0.243
    16  14.7941   2.0502   1.8970 -13.6014  -0.4979  -6.8736  -6.8731   1.5404   0.0000  -0.0727   1.5834    0.239
    17  15.6315   1.8843   1.4027 -11.3179  -0.5541  -6.2448  -6.2444   1.5698   0.0000  -0.1054   1.3940    0.233
    18  16.2783   1.7561   0.9575  -8.7497  -0.6289  -5.2142  -5.2138   1.5796   0.0000  -0.1414   1.1025    0.223
    19  16.8016   1.3043   0.6198  -5.6007  -0.5560  -4.4504  -4.4488   0.9979   0.0000  -0.1969   0.8193    0.206
    20  17.1200   0.8402   0.1342  -1.8714  -0.4787  -2.2632  -2.2623   0.1501   0.0000  -0.1699   0.3617    0.175

  Surface # 2     main_wing (YDUP)                        
     # Chordwise = 10   # Spanwise = 20     First strip = 21
     Surface area =   63.790974       Ave. chord =    3.717419
     CLsurf  =  -2.57453     Clsurf  =  -0.56698
     CYsurf  =  -0.05535     Cmsurf  =   0.44209
     CDsurf  =   0.11389     Cnsurf  =  -0.21351
     CDisurf =   0.11389     CDvsurf =   0.00000

  Forces referred to Ssurf, Cave about hinge axis thru LE
     CLsurf  =  -5.03942     CDsurf  =   0.22292
     Deflect =

 Strip Forces referred to Strip Area, Chord
    j      Yle    Chord     Area     c cl      ai      cl_norm  cl       cd       cdv    cm_c/4    cm_LE  C.P.x/c
    21  -0.0271   7.7411   0.8376 -20.6903  -0.6382   4.9374   4.9369 -62.1408   0.0000   1.3791  -2.0138   -0.029
    22  -0.2428   7.5905   2.4436 -23.0130  -0.5250  -2.5064  -2.5062  -4.4664   0.0000   1.4663  -2.1879    0.835
    23  -0.6690   7.2932   3.8488 -22.6735  -0.3482  -3.1075  -3.1072  -0.2040   0.0000   1.4437  -2.1847    0.715
    24  -1.2950   6.8563   4.9402 -21.8543  -0.1255  -3.2716  -3.2713   0.4873   0.0000   1.3010  -2.0636    0.648
    25  -2.1056   6.2906   5.6339 -20.5213   0.1132  -3.3538  -3.3534   0.5435   0.0000   0.9723  -1.7587    0.540
    26  -3.0065   5.6619   5.0672 -19.6128   0.2175  -3.5955  -3.5952   0.8567   0.0000   0.5947  -1.4369    0.415
    27  -3.9586   4.9974   5.0150 -19.5168   0.0681  -4.1056  -4.1052   1.3884   0.0000   0.3085  -1.2638    0.325
    28  -5.0073   4.2656   4.6382 -20.7388  -0.1679  -5.0922  -5.0918   1.5749   0.0000   0.1274  -1.3209    0.275
    29  -6.1989   3.7534   4.8429 -21.6771  -0.4129  -6.0769  -6.0765   2.0997   0.0000  -0.0141  -1.4274    0.248
    30  -7.5095   3.4937   4.6216 -21.8570  -0.5096  -6.5381  -6.5377   1.9101   0.0000  -0.0405  -1.5211    0.244
    31  -8.8364   3.2307   4.2738 -21.3791  -0.5249  -6.8857  -6.8853   1.7769   0.0000  -0.0419  -1.6099    0.244
    32 -10.1470   2.9710   3.8335 -20.4197  -0.5020  -7.1291  -7.1286   1.6621   0.0000  -0.0374  -1.6781    0.245
    33 -11.4090   2.7210   3.3357 -19.1098  -0.4770  -7.2718  -7.2713   1.5919   0.0000  -0.0383  -1.7148    0.245
    34 -12.6340   2.4782   3.0105 -17.5140  -0.4632  -7.3095  -7.3091   1.5382   0.0000  -0.0416  -1.7225    0.244
    35 -13.7866   2.2498   2.4374 -15.6596  -0.4680  -7.2000  -7.1995   1.5224   0.0000  -0.0520  -1.6854    0.243
    36 -14.7941   2.0502   1.8970 -13.6013  -0.4979  -6.8735  -6.8731   1.5404   0.0000  -0.0727  -1.5833    0.239
    37 -15.6315   1.8843   1.4027 -11.3178  -0.5541  -6.2447  -6.2443   1.5698   0.0000  -0.1054  -1.3940    0.233
    38 -16.2783   1.7561   0.9575  -8.7497  -0.6288  -5.2142  -5.2138   1.5796   0.0000  -0.1414  -1.1024    0.223
    39 -16.8016   1.3043   0.6198  -5.6006  -0.5560  -4.4504  -4.4488   0.9979   0.0000  -0.1969  -0.8193    0.206
    40 -17.1200   0.8402   0.1342  -1.8714  -0.4787  -2.2632  -2.2623   0.1501   0.0000  -0.1699  -0.3616    0.175

  Surface # 3     horizontal_stabilizer                   
     # Chordwise = 10   # Spanwise = 20     First strip = 41
     Surface area =   20.072786       Ave. chord =    2.827143
     CLsurf  =   0.26310     Clsurf  =  -0.02305
     CYsurf  =  -0.00569     Cmsurf  =  -1.15830
     CDsurf  =  -0.03090     Cnsurf  =  -0.00230
     CDisurf =  -0.03090     CDvsurf =   0.00000

  Forces referred to Ssurf, Cave about hinge axis thru LE
     CLsurf  =   1.63670     CDsurf  =  -0.19222
     Deflect =

 Strip Forces referred to Strip Area, Chord
    j      Yle    Chord     Area     c cl      ai      cl_norm  cl       cd       cdv    cm_c/4    cm_LE  C.P.x/c
    41   0.0103   4.6946   0.1934   5.8503   0.0660   1.2246   1.2244   0.2539   0.0000   0.0253  -0.2833    0.229
    42   0.0924   4.6512   0.5701   5.7883   0.0621   1.2581   1.2579  -0.0336   0.0000   0.0248  -0.2835    0.230
    43   0.2547   4.5656   0.9173   5.7756   0.0584   1.2818   1.2816  -0.0579   0.0000   0.0259  -0.2875    0.230
    44   0.4930   4.4399   1.2180   5.7541   0.0568   1.3156   1.3154  -0.0786   0.0000   0.0271  -0.2939    0.229
    45   0.8160   4.2695   1.5847   5.7111   0.0559   1.3596   1.3594  -0.0954   0.0000   0.0285  -0.3028    0.229
    46   1.2202   4.0563   1.7628   5.6389   0.0450   1.4147   1.4145  -0.1130   0.0000   0.0299  -0.3145    0.229
    47   1.6825   3.8123   1.8577   5.5341   0.0111   1.4791   1.4789  -0.1333   0.0000   0.0309  -0.3286    0.229
    48   2.1917   3.5437   1.8711   5.3939  -0.0297   1.5530   1.5527  -0.1561   0.0000   0.0319  -0.3451    0.229
    49   2.7353   3.2569   1.8099   5.2095  -0.0447   1.6324   1.6321  -0.1675   0.0000   0.0336  -0.3626    0.229
    50   3.2997   2.9591   1.6859   5.0049  -0.0414   1.7290   1.7287  -0.2008   0.0000   0.0357  -0.3833    0.229
    51   3.8713   2.6576   1.5141   4.7674  -0.0369   1.8383   1.8380  -0.2498   0.0000   0.0386  -0.4057    0.229
    52   4.4357   2.3597   1.3114   4.4816  -0.0366   1.9490   1.9487  -0.2869   0.0000   0.0427  -0.4278    0.228
    53   4.9793   2.0730   1.0945   4.1500  -0.0403   2.0603   2.0599  -0.3499   0.0000   0.0470  -0.4490    0.227
    54   5.4885   1.8043   0.8792   3.7499  -0.0464   2.1437   2.1434  -0.4029   0.0000   0.0520  -0.4629    0.226
    55   5.9508   1.5604   0.6781   3.2757  -0.0517   2.1688   2.1684  -0.4346   0.0000   0.0590  -0.4612    0.223
    56   6.3550   1.3472   0.5000   2.7324  -0.0530   2.0980   2.0977  -0.4414   0.0000   0.0676  -0.4351    0.218
    57   6.6617   1.1853   0.2890   2.1553  -0.0482   1.8810   1.8807  -0.3970   0.0000   0.0751  -0.3757    0.210
    58   6.8736   1.0735   0.1917   1.5774  -0.0381   1.5208   1.5206  -0.3271   0.0000   0.0771  -0.2873    0.199
    59   7.0178   0.9975   0.1087   0.9630  -0.0254   0.9966   0.9964  -0.1932   0.0000   0.0640  -0.1756    0.186
    60   7.0908   0.9589   0.0351   0.3248  -0.0139   0.3492   0.3492  -0.0649   0.0000   0.0261  -0.0580    0.175

  Surface # 4     horizontal_stabilizer (YDUP)            
     # Chordwise = 10   # Spanwise = 20     First strip = 61
     Surface area =   20.072786       Ave. chord =    2.827143
     CLsurf  =   0.26310     Clsurf  =   0.02305
     CYsurf  =   0.00569     Cmsurf  =  -1.15829
     CDsurf  =  -0.03090     Cnsurf  =   0.00230
     CDisurf =  -0.03090     CDvsurf =   0.00000

  Forces referred to Ssurf, Cave about hinge axis thru LE
     CLsurf  =   1.63670     CDsurf  =  -0.19222
     Deflect =

 Strip Forces referred to Strip Area, Chord
    j      Yle    Chord     Area     c cl      ai      cl_norm  cl       cd       cdv    cm_c/4    cm_LE  C.P.x/c
    61  -0.0103   4.6946   0.1934   5.8503   0.0660   1.2246   1.2244   0.2539   0.0000   0.0253   0.2833    0.229
    62  -0.0924   4.6512   0.5701   5.7883   0.0621   1.2581   1.2579  -0.0336   0.0000   0.0248   0.2835    0.230
    63  -0.2547   4.5656   0.9173   5.7756   0.0584   1.2818   1.2816  -0.0579   0.0000   0.0259   0.2875    0.230
    64  -0.4930   4.4399   1.2180   5.7541   0.0568   1.3156   1.3154  -0.0786   0.0000   0.0271   0.2939    0.229
    65  -0.8160   4.2695   1.5847   5.7111   0.0559   1.3596   1.3594  -0.0954   0.0000   0.0285   0.3028    0.229
    66  -1.2202   4.0563   1.7628   5.6389   0.0451   1.4147   1.4145  -0.1130   0.0000   0.0299   0.3145    0.229
    67  -1.6825   3.8123   1.8577   5.5341   0.0111   1.4791   1.4789  -0.1333   0.0000   0.0309   0.3286    0.229
    68  -2.1917   3.5437   1.8711   5.3939  -0.0297   1.5530   1.5527  -0.1561   0.0000   0.0319   0.3451    0.229
    69  -2.7353   3.2569   1.8099   5.2095  -0.0447   1.6324   1.6321  -0.1675   0.0000   0.0336   0.3626    0.229
    70  -3.2997   2.9591   1.6859   5.0048  -0.0414   1.7290   1.7287  -0.2008   0.0000   0.0357   0.3833    0.229
    71  -3.8713   2.6576   1.5141   4.7674  -0.0369   1.8383   1.8380  -0.2498   0.0000   0.0386   0.4057    0.229
    72  -4.4357   2.3597   1.3114   4.4816  -0.0366   1.9490   1.9487  -0.2869   0.0000   0.0427   0.4278    0.228
    73  -4.9793   2.0730   1.0945   4.1499  -0.0403   2.0602   2.0599  -0.3499   0.0000   0.0470   0.4490    0.227
    74  -5.4885   1.8043   0.8792   3.7499  -0.0464   2.1437   2.1433  -0.4029   0.0000   0.0520   0.4629    0.226
    75  -5.9508   1.5604   0.6781   3.2757  -0.0517   2.1688   2.1684  -0.4346   0.0000   0.0590   0.4612    0.223
    76  -6.3550   1.3472   0.5000   2.7324  -0.0530   2.0980   2.0976  -0.4414   0.0000   0.0676   0.4351    0.218
    77  -6.6617   1.1853   0.2890   2.1552  -0.0482   1.8810   1.8807  -0.3970   0.0000   0.0751   0.3757    0.210
    78  -6.8736   1.0735   0.1917   1.5774  -0.0381   1.5208   1.5206  -0.3271   0.0000   0.0771   0.2873    0.199
    79  -7.0178   0.9975   0.1087   0.9630  -0.0254   0.9966   0.9964  -0.1932   0.0000   0.0640   0.1756    0.186
    80  -7.0908   0.9589   0.0351   0.3248  -0.0139   0.3492   0.3492  -0.0649   0.0000   0.0261   0.0580    0.175

  Surface # 5     vertical_stabilizer                     
     # Chordwise = 10   # Spanwise = 20     First strip = 81
     Surface area =   26.974527       Ave. chord =    3.612513
     CLsurf  =   0.00000     Clsurf  =  -0.00000
     CYsurf  =  -0.00000     Cmsurf  =  -0.00000
     CDsurf  =  -0.00000     Cnsurf  =   0.00000
     CDisurf =  -0.00000     CDvsurf =   0.00000

  Forces referred to Ssurf, Cave about hinge axis thru LE
     CLsurf  =   0.00000     CDsurf  =  -0.00000
     Deflect =

 Strip Forces referred to Strip Area, Chord
    j      Yle    Chord     Area     c cl      ai      cl_norm  cl       cd       cdv    cm_c/4    cm_LE  C.P.x/c
    81   0.0000   8.1033   0.7081   0.0000  -0.0000   0.0000   0.0000  -0.0000   0.0000   0.0000  -0.0000    0.212
    82   0.0000   7.7953   1.2357   0.0000   0.0000   0.0000   0.0000  -0.0000   0.0000   0.0000  -0.0000    0.239
    83   0.0000   7.3128   1.6577   0.0000  -0.0000   0.0000   0.0000  -0.0000   0.0000   0.0000  -0.0000    0.224
    84   0.0000   6.6651   1.9342   0.0000  -0.0000   0.0000   0.0000  -0.0000   0.0000   0.0000  -0.0000    0.205
    85   0.0000   5.8661   2.0384   0.0000  -0.0000   0.0000   0.0000  -0.0000   0.0000   0.0000  -0.0000    0.206
    86   0.0000   4.9330   1.9589   0.0000  -0.0000   0.0000   0.0000  -0.0000   0.0000   0.0000  -0.0000    0.236
    87   0.0000   4.2949   2.2317   0.0000   0.0000   0.0000   0.0000  -0.0000   0.0000   0.0000  -0.0000    0.130
    88   0.0000   4.0244   2.2380   0.0000  -0.0000   0.0000   0.0000  -0.0000   0.0000   0.0000  -0.0000    0.157
    89   0.0000   3.7387   2.1678   0.0000  -0.0000   0.0000   0.0000  -0.0000   0.0000   0.0000  -0.0000    0.192
    90   0.0000   3.4444   2.0327   0.0000   0.0000   0.0000   0.0000  -0.0000   0.0000   0.0000  -0.0000    0.232
    91   0.0000   3.1483   1.8474   0.0000  -0.0000   0.0000   0.0000  -0.0000   0.0000   0.0000  -0.0000    0.217
    92   0.0000   2.8574   1.6279   0.0000  -0.0000   0.0000   0.0000  -0.0000   0.0000  -0.0000  -0.0000    0.277
    93   0.0000   2.5785   1.3906   0.0000  -0.0000   0.0000   0.0000  -0.0000   0.0000  -0.0000  -0.0000    0.258
    94   0.0000   2.3180   1.1503   0.0000  -0.0000   0.0000   0.0000  -0.0000   0.0000  -0.0000  -0.0000    0.257
    95   0.0000   2.0821   0.9193   0.0000  -0.0000   0.0000   0.0000  -0.0000   0.0000   0.0000  -0.0000    0.246
    96   0.0000   1.8763   0.7063   0.0000  -0.0000   0.0000   0.0000  -0.0000   0.0000   0.0000  -0.0000    0.249
    97   0.0000   1.7056   0.5158   0.0000  -0.0000   0.0000   0.0000  -0.0000   0.0000   0.0000  -0.0000    0.230
    98   0.0000   1.5739   0.3482   0.0000  -0.0000   0.0000   0.0000  -0.0000   0.0000   0.0000  -0.0000    0.235
    99   0.0000   1.4843   0.2002   0.0000  -0.0000   0.0000   0.0000  -0.0000   0.0000   0.0000  -0.0000    0.227
   100   0.0000   1.4389   0.0652   0.0000  -0.0000   0.0000   0.0000  -0.0000   0.0000   0.0000  -0.0000    0.230

  Surface # 6     fuselage_horizontal                     
     # Chordwise = 10   # Spanwise = 10     First strip =101
     Surface area =  112.392822       Ave. chord =   30.376440
     CLsurf  =  -0.01393     Clsurf  =   0.00000
     CYsurf  =   0.00002     Cmsurf  =  -0.04660
     CDsurf  =  -0.01763     Cnsurf  =  -0.00000
     CDisurf =  -0.01763     CDvsurf =   0.00000

  Forces referred to Ssurf, Cave about hinge axis thru LE
     CLsurf  =  -0.01548     CDsurf  =  -0.01958
     Deflect =

 Strip Forces referred to Strip Area, Chord
    j      Yle    Chord     Area     c cl      ai      cl_norm  cl       cd       cdv    cm_c/4    cm_LE  C.P.x/c
   101  -1.6650  21.5445   7.9715  -0.6492   0.3050  -0.6710  -0.0396   0.0753   0.0000  -0.0028   0.0005    0.179
   102  -1.2950  27.3129  10.1058  -1.2755   0.3088  -0.2575  -0.0595   0.1014   0.0000   0.0027   0.0029    0.295
   103  -0.9250  31.3629  11.6043  -0.9146   0.2595  -0.0813  -0.0367   0.0598   0.0000  -0.0018   0.0015    0.201
   104  -0.5550  34.6182  12.8087  -0.2977  -0.0314  -0.0069  -0.0053  -0.0275   0.0000  -0.0050  -0.0011   -0.701
   105  -0.1850  37.0437  13.7062   0.4415  -0.1165   0.0395   0.0395  -0.2239   0.0000  -0.0089  -0.0072    0.476
   106   0.1850  37.0437  13.7062   0.4415  -0.1165   0.0395   0.0395  -0.2239   0.0000  -0.0089  -0.0072    0.476
   107   0.5550  34.6182  12.8087  -0.2977  -0.0314  -0.0069  -0.0053  -0.0274   0.0000  -0.0050  -0.0011   -0.698
   108   0.9250  31.3629  11.6043  -0.9146   0.2595  -0.0813  -0.0367   0.0598   0.0000  -0.0018   0.0015    0.201
   109   1.2950  27.3129  10.1058  -1.2755   0.3088  -0.2575  -0.0595   0.1014   0.0000   0.0027   0.0029    0.295
   110   1.6650  21.5445   7.9715  -0.6492   0.3050  -0.6710  -0.0396   0.0753   0.0000  -0.0028   0.0005    0.179

  Surface # 7     fuselage_vertical                       
     # Chordwise = 10   # Spanwise = 10     First strip =111
     Surface area =  114.215408       Ave. chord =   30.376440
     CLsurf  =  -0.00000     Clsurf  =   0.00000
     CYsurf  =  -0.00000     Cmsurf  =   0.00000
     CDsurf  =  -0.00000     Cnsurf  =   0.00000
     CDisurf =  -0.00000     CDvsurf =   0.00000

  Forces referred to Ssurf, Cave about hinge axis thru LE
     CLsurf  =   0.00000     CDsurf  =  -0.00000
     Deflect =

 Strip Forces referred to Strip Area, Chord
    j      Yle    Chord     Area     c cl      ai      cl_norm  cl       cd       cdv    cm_c/4    cm_LE  C.P.x/c
   111   0.0000  21.5445   8.1007   0.0000   0.0000   0.0000   0.0000   0.0000   0.0000   0.0000   0.0000   -0.927
   112   0.0000  27.3129  10.2696   0.0000   0.0001   0.0000   0.0000   0.0000   0.0000   0.0000   0.0000   -0.874
   113   0.0000  31.3629  11.7925   0.0000  -0.0000   0.0000   0.0000   0.0000   0.0000   0.0000   0.0000
   114   0.0000  34.6182  13.0164   0.0000  -0.0000   0.0000   0.0000   0.0000   0.0000   0.0000   0.0000
   115   0.0000  37.0437  13.9284   0.0000  -0.0000   0.0000   0.0000  -0.0000   0.0000   0.0000   0.0000   -0.246
   116   0.0000  37.0437  13.9284   0.0000  -0.0000   0.0000   0.0000  -0.0000   0.0000  -0.0000  -0.0000    0.667
   117   0.0000  34.6182  13.0164   0.0000  -0.0000   0.0000   0.0000   0.0000   0.0000  -0.0000  -0.0000    0.704
   118   0.0000  31.3629  11.7925   0.0000  -0.0000   0.0000   0.0000   0.0000   0.0000  -0.0000  -0.0000    0.694
   119   0.0000  27.3129  10.2696   0.0000   0.0000   0.0000   0.0000  -0.0000   0.0000  -0.0000  -0.0000    0.745
   120   0.0000  21.5445   8.1007   0.0000   0.0000   0.0000   0.0000  -0.0000   0.0000  -0.0000  -0.0000    0.752
 ---------------------------------------------------------------
