 ---------------------------------------------------------------
 Surface and Strip Forces by surface

  Forces referred to Sref, Cref, Bref about Xref, Yref, Zref
 Standard axis orientation,  X fwd, Z down         

  Surface # 1     main_wing                               
     # Chordwise = 10   # Spanwise = 20     First strip =  1
     Surface area =   63.790974       Ave. chord =    3.717419
     CLsurf  =  -2.34251     Clsurf  =   0.51834
     CYsurf  =   0.05572     Cmsurf  =   0.39504
     CDsurf  =   0.20266     Cnsurf  =   0.13389
     CDisurf =   0.20266     CDvsurf =   0.00000

  Forces referred to Ssurf, Cave about hinge axis thru LE
     CLsurf  =  -4.58526     CDsurf  =   0.39668
     Deflect =

 Strip Forces referred to Strip Area, Chord
    j      Yle    Chord     Area     c cl      ai      cl_norm  cl       cd       cdv    cm_c/4    cm_LE  C.P.x/c
     1   0.0271   7.7411   0.8376 -20.0231  -0.6756  -1.4398  -1.4397 -32.8888   0.0000   1.2339   1.8498    1.107
     2   0.2428   7.5905   2.4436 -21.1631  -0.5481  -2.7026  -2.7023  -2.5045   0.0000   1.2824   1.9470    0.725
     3   0.6690   7.2932   3.8488 -20.7642  -0.3600  -2.8351  -2.8349  -0.3993   0.0000   1.2504   1.9301    0.691
     4   1.2950   6.8563   4.9402 -19.9551  -0.1314  -2.9161  -2.9158   0.1008   0.0000   1.0984   1.7962    0.627
     5   2.1056   6.2906   5.6339 -18.7716   0.1015  -2.9985  -2.9982   0.3530   0.0000   0.7711   1.4924    0.507
     6   3.0065   5.6619   5.0672 -18.0301   0.1687  -3.2148  -3.2145   0.8049   0.0000   0.4235   1.1997    0.382
     7   3.9586   4.9974   5.0150 -18.5098  -0.0131  -3.7393  -3.7390   0.9411   0.0000   0.2170   1.1243    0.308
     8   5.0073   4.2656   4.6382 -19.4024  -0.2342  -4.6029  -4.6025   1.4637   0.0000   0.0674   1.1848    0.265
     9   6.1989   3.7534   4.8429 -20.2334  -0.4150  -5.4532  -5.4529   1.6856   0.0000  -0.0180   1.3275    0.247
    10   7.5095   3.4937   4.6216 -20.1786  -0.4582  -5.8322  -5.8318   1.5043   0.0000  -0.0254   1.4162    0.246
    11   8.8364   3.2307   4.2738 -19.5415  -0.4481  -6.1006  -6.1002   1.3715   0.0000  -0.0214   1.4883    0.246
    12  10.1470   2.9710   3.8335 -18.5197  -0.4184  -6.2818  -6.2814   1.2663   0.0000  -0.0168   1.5391    0.247
    13  11.4090   2.7210   3.3357 -17.2447  -0.3936  -6.3838  -6.3834   1.1985   0.0000  -0.0164   1.5655    0.247
    14  12.6340   2.4782   3.0105 -15.7701  -0.3824  -6.4083  -6.4079   1.1626   0.0000  -0.0182   1.5701    0.247
    15  13.7866   2.2498   2.4374 -14.1240  -0.3925  -6.3230  -6.3226   1.1716   0.0000  -0.0250   1.5420    0.246
    16  14.7941   2.0502   1.8970 -12.3419  -0.4325  -6.0670  -6.0666   1.2341   0.0000  -0.0399   1.4627    0.243
    17  15.6315   1.8843   1.4027 -10.3774  -0.5073  -5.5577  -5.5573   1.3334   0.0000  -0.0668   1.3080    0.238
    18  16.2783   1.7561   0.9575  -8.1295  -0.6121  -4.6823  -4.6820   1.4284   0.0000  -0.1027   1.0529    0.228
    19  16.8016   1.3043   0.6198  -5.2603  -0.5630  -4.0725  -4.0710   1.0158   0.0000  -0.1564   0.7959    0.212
    20  17.1200   0.8402   0.1342  -1.7736  -0.5157  -2.1236  -2.1228   0.3068   0.0000  -0.1509   0.3521    0.179

  Surface # 2     main_wing (YDUP)                        
     # Chordwise = 10   # Spanwise = 20     First strip = 21
     Surface area =   63.790974       Ave. chord =    3.717419
     CLsurf  =  -2.34250     Clsurf  =  -0.51834
     CYsurf  =  -0.05572     Cmsurf  =   0.39504
     CDsurf  =   0.20266     Cnsurf  =  -0.13389
     CDisurf =   0.20266     CDvsurf =   0.00000

  Forces referred to Ssurf, Cave about hinge axis thru LE
     CLsurf  =  -4.58525     CDsurf  =   0.39668
     Deflect =

 Strip Forces referred to Strip Area, Chord
    j      Yle    Chord     Area     c cl      ai      cl_norm  cl       cd       cdv    cm_c/4    cm_LE  C.P.x/c
    21  -0.0271   7.7411   0.8376 -20.0231  -0.6755  -1.4398  -1.4397 -32.8886   0.0000   1.2339  -1.8498    1.107
    22  -0.2428   7.5905   2.4436 -21.1631  -0.5481  -2.7026  -2.7023  -2.5044   0.0000   1.2824  -1.9470    0.725
    23  -0.6690   7.2932   3.8488 -20.7642  -0.3600  -2.8351  -2.8349  -0.3994   0.0000   1.2504  -1.9301    0.691
    24  -1.2950   6.8563   4.9402 -19.9550  -0.1314  -2.9160  -2.9158   0.1008   0.0000   1.0984  -1.7962    0.627
    25  -2.1056   6.2906   5.6339 -18.7716   0.1015  -2.9985  -2.9982   0.3529   0.0000   0.7711  -1.4924    0.507
    26  -3.0065   5.6619   5.0672 -18.0300   0.1687  -3.2148  -3.2145   0.8049   0.0000   0.4235  -1.1997    0.382
    27  -3.9586   4.9974   5.0150 -18.5098  -0.0131  -3.7393  -3.7390   0.9410   0.0000   0.2170  -1.1243    0.308
    28  -5.0073   4.2656   4.6382 -19.4024  -0.2342  -4.6029  -4.6025   1.4637   0.0000   0.0674  -1.1848    0.265
    29  -6.1989   3.7534   4.8429 -20.2334  -0.4150  -5.4532  -5.4529   1.6856   0.0000  -0.0180  -1.3275    0.247
    30  -7.5095   3.4937   4.6216 -20.1786  -0.4582  -5.8322  -5.8318   1.5043   0.0000  -0.0254  -1.4162    0.246
    31  -8.8364   3.2307   4.2738 -19.5414  -0.4481  -6.1006  -6.1002   1.3715   0.0000  -0.0214  -1.4883    0.246
    32 -10.1470   2.9710   3.8335 -18.5197  -0.4184  -6.2818  -6.2814   1.2663   0.0000  -0.0168  -1.5391    0.247
    33 -11.4090   2.7210   3.3357 -17.2446  -0.3936  -6.3838  -6.3834   1.1984   0.0000  -0.0164  -1.5655    0.247
    34 -12.6340   2.4782   3.0105 -15.7701  -0.3824  -6.4083  -6.4079   1.1626   0.0000  -0.0182  -1.5701    0.247
    35 -13.7866   2.2498   2.4374 -14.1240  -0.3925  -6.3229  -6.3225   1.1715   0.0000  -0.0250  -1.5420    0.246
    36 -14.7941   2.0502   1.8970 -12.3418  -0.4325  -6.0669  -6.0666   1.2341   0.0000  -0.0399  -1.4627    0.243
    37 -15.6315   1.8843   1.4027 -10.3774  -0.5073  -5.5577  -5.5573   1.3333   0.0000  -0.0668  -1.3080    0.238
    38 -16.2783   1.7561   0.9575  -8.1294  -0.6121  -4.6822  -4.6820   1.4284   0.0000  -0.1027  -1.0529    0.228
    39 -16.8016   1.3043   0.6198  -5.2602  -0.5630  -4.0725  -4.0710   1.0158   0.0000  -0.1564  -0.7959    0.212
    40 -17.1200   0.8402   0.1342  -1.7736  -0.5157  -2.1236  -2.1228   0.3068   0.0000  -0.1509  -0.3521    0.179

  Surface # 3     horizontal_stabilizer                   
     # Chordwise = 10   # Spanwise = 20     First strip = 41
     Surface area =   20.072786       Ave. chord =    2.827143
     CLsurf  =   0.16247     Clsurf  =  -0.01449
     CYsurf  =   0.00118     Cmsurf  =  -0.72421
     CDsurf  =  -0.02534     Cnsurf  =  -0.00361
     CDisurf =  -0.02534     CDvsurf =   0.00000

  Forces referred to Ssurf, Cave about hinge axis thru LE
     CLsurf  =   1.01060     CDsurf  =  -0.15764
     Deflect =

 Strip Forces referred to Strip Area, Chord
    j      Yle    Chord     Area     c cl      ai      cl_norm  cl       cd       cdv    cm_c/4    cm_LE  C.P.x/c
    41   0.0103   4.6946   0.1934   3.5503  -0.0328   0.7565   0.7564   0.0099   0.0000   0.0113  -0.1759    0.235
    42   0.0924   4.6512   0.5701   3.5324  -0.0361   0.7624   0.7622  -0.0665   0.0000   0.0114  -0.1767    0.235
    43   0.2547   4.5656   0.9173   3.5256  -0.0388   0.7755   0.7753  -0.0759   0.0000   0.0120  -0.1792    0.235
    44   0.4930   4.4399   1.2180   3.5119  -0.0392   0.7946   0.7945  -0.0856   0.0000   0.0126  -0.1832    0.234
    45   0.8160   4.2695   1.5847   3.4862  -0.0378   0.8204   0.8203  -0.0935   0.0000   0.0133  -0.1889    0.234
    46   1.2202   4.0563   1.7628   3.4449  -0.0417   0.8535   0.8534  -0.1024   0.0000   0.0138  -0.1965    0.234
    47   1.6825   3.8123   1.8577   3.3866  -0.0614   0.8930   0.8928  -0.1131   0.0000   0.0142  -0.2057    0.234
    48   2.1917   3.5437   1.8711   3.3144  -0.0872   0.9405   0.9404  -0.1286   0.0000   0.0146  -0.2170    0.234
    49   2.7353   3.2569   1.8099   3.2229  -0.0959   0.9952   0.9950  -0.1385   0.0000   0.0154  -0.2297    0.235
    50   3.2997   2.9591   1.6859   3.1244  -0.0928   1.0623   1.0622  -0.1620   0.0000   0.0166  -0.2449    0.234
    51   3.8713   2.6576   1.5141   3.0072  -0.0898   1.1391   1.1390  -0.1921   0.0000   0.0184  -0.2618    0.234
    52   4.4357   2.3597   1.3114   2.8639  -0.0905   1.2223   1.2221  -0.2220   0.0000   0.0207  -0.2799    0.233
    53   4.9793   2.0730   1.0945   2.6821  -0.0944   1.3041   1.3039  -0.2638   0.0000   0.0231  -0.2973    0.232
    54   5.4885   1.8043   0.8792   2.4484  -0.0998   1.3685   1.3683  -0.2996   0.0000   0.0257  -0.3104    0.231
    55   5.9508   1.5604   0.6781   2.1589  -0.1040   1.3956   1.3954  -0.3155   0.0000   0.0289  -0.3138    0.229
    56   6.3550   1.3472   0.5000   1.8171  -0.1034   1.3610   1.3607  -0.3180   0.0000   0.0339  -0.3003    0.225
    57   6.6617   1.1853   0.2890   1.4458  -0.0961   1.2307   1.2305  -0.2875   0.0000   0.0404  -0.2618    0.217
    58   6.8736   1.0735   0.1917   1.0661  -0.0837   1.0018   1.0017  -0.2305   0.0000   0.0446  -0.2016    0.206
    59   7.0178   0.9975   0.1087   0.6559  -0.0693   0.6630   0.6629  -0.1402   0.0000   0.0395  -0.1236    0.190
    60   7.0908   0.9589   0.0351   0.2220  -0.0573   0.2332   0.2332  -0.0444   0.0000   0.0170  -0.0404    0.177

  Surface # 4     horizontal_stabilizer (YDUP)            
     # Chordwise = 10   # Spanwise = 20     First strip = 61
     Surface area =   20.072786       Ave. chord =    2.827143
     CLsurf  =   0.16247     Clsurf  =   0.01449
     CYsurf  =  -0.00118     Cmsurf  =  -0.72421
     CDsurf  =  -0.02534     Cnsurf  =   0.00361
     CDisurf =  -0.02534     CDvsurf =   0.00000

  Forces referred to Ssurf, Cave about hinge axis thru LE
     CLsurf  =   1.01060     CDsurf  =  -0.15764
     Deflect =

 Strip Forces referred to Strip Area, Chord
    j      Yle    Chord     Area     c cl      ai      cl_norm  cl       cd       cdv    cm_c/4    cm_LE  C.P.x/c
    61  -0.0103   4.6946   0.1934   3.5503  -0.0328   0.7565   0.7564   0.0099   0.0000   0.0113   0.1759    0.235
    62  -0.0924   4.6512   0.5701   3.5324  -0.0361   0.7624   0.7622  -0.0665   0.0000   0.0114   0.1767    0.235
    63  -0.2547   4.5656   0.9173   3.5256  -0.0388   0.7755   0.7753  -0.0759   0.0000   0.0120   0.1792    0.235
    64  -0.4930   4.4399   1.2180   3.5119  -0.0392   0.7946   0.7945  -0.0856   0.0000   0.0126   0.1832    0.234
    65  -0.8160   4.2695   1.5847   3.4862  -0.0378   0.8204   0.8203  -0.0935   0.0000   0.0133   0.1889    0.234
    66  -1.2202   4.0563   1.7628   3.4449  -0.0417   0.8535   0.8534  -0.1024   0.0000   0.0138   0.1965    0.234
    67  -1.6825   3.8123   1.8577   3.3866  -0.0614   0.8930   0.8928  -0.1131   0.0000   0.0142   0.2057    0.234
    68  -2.1917   3.5437   1.8711   3.3144  -0.0872   0.9405   0.9404  -0.1286   0.0000   0.0146   0.2170    0.234
    69  -2.7353   3.2569   1.8099   3.2229  -0.0959   0.9952   0.9950  -0.1385   0.0000   0.0154   0.2297    0.235
    70  -3.2997   2.9591   1.6859   3.1244  -0.0928   1.0623   1.0622  -0.1620   0.0000   0.0166   0.2449    0.234
    71  -3.8713   2.6576   1.5141   3.0072  -0.0898   1.1391   1.1390  -0.1921   0.0000   0.0184   0.2618    0.234
    72  -4.4357   2.3597   1.3114   2.8639  -0.0905   1.2223   1.2221  -0.2220   0.0000   0.0207   0.2799    0.233
    73  -4.9793   2.0730   1.0945   2.6821  -0.0944   1.3040   1.3038  -0.2638   0.0000   0.0231   0.2973    0.232
    74  -5.4885   1.8043   0.8792   2.4484  -0.0998   1.3685   1.3683  -0.2996   0.0000   0.0257   0.3104    0.231
    75  -5.9508   1.5604   0.6781   2.1589  -0.1040   1.3956   1.3954  -0.3155   0.0000   0.0289   0.3138    0.229
    76  -6.3550   1.3472   0.5000   1.8171  -0.1034   1.3609   1.3607  -0.3180   0.0000   0.0339   0.3003    0.225
    77  -6.6617   1.1853   0.2890   1.4457  -0.0961   1.2307   1.2305  -0.2875   0.0000   0.0404   0.2618    0.217
    78  -6.8736   1.0735   0.1917   1.0661  -0.0837   1.0018   1.0017  -0.2305   0.0000   0.0446   0.2016    0.206
    79  -7.0178   0.9975   0.1087   0.6559  -0.0693   0.6630   0.6629  -0.1402   0.0000   0.0395   0.1236    0.190
    80  -7.0908   0.9589   0.0351   0.2220  -0.0573   0.2332   0.2332  -0.0444   0.0000   0.0170   0.0404    0.177

  Surface # 5     vertical_stabilizer                     
     # Chordwise = 10   # Spanwise = 20     First strip = 81
     Surface area =   26.974527       Ave. chord =    3.612513
     CLsurf  =   0.00000     Clsurf  =  -0.00000
     CYsurf  =  -0.00000     Cmsurf  =  -0.00000
     CDsurf  =  -0.00000     Cnsurf  =   0.00000
     CDisurf =  -0.00000     CDvsurf =   0.00000

  Forces referred to Ssurf, Cave about hinge axis thru LE
     CLsurf  =   0.00000     CDsurf  =  -0.00000
     Deflect =

 Strip Forces referred to Strip Area, Chord
    j      Yle    Chord     Area     c cl      ai      cl_norm  cl       cd       cdv    cm_c/4    cm_LE  C.P.x/c
    81   0.0000   8.1033   0.7081   0.0000  -0.0000   0.0000   0.0000  -0.0000   0.0000   0.0000  -0.0000    0.175
    82   0.0000   7.7953   1.2357   0.0000   0.0000   0.0000   0.0000  -0.0000   0.0000   0.0000  -0.0000    0.140
    83   0.0000   7.3128   1.6577   0.0000  -0.0000   0.0000   0.0000  -0.0000   0.0000   0.0000  -0.0000    0.147
    84   0.0000   6.6651   1.9342   0.0000  -0.0000   0.0000   0.0000  -0.0000   0.0000   0.0000  -0.0000    0.211
    85   0.0000   5.8661   2.0384   0.0000  -0.0000   0.0000   0.0000  -0.0000   0.0000   0.0000  -0.0000    0.181
    86   0.0000   4.9330   1.9589   0.0000  -0.0000   0.0000   0.0000  -0.0000   0.0000   0.0000  -0.0000    0.220
    87   0.0000   4.2949   2.2317   0.0000  -0.0000   0.0000   0.0000  -0.0000   0.0000   0.0000  -0.0000    0.168
    88   0.0000   4.0244   2.2380   0.0000  -0.0000   0.0000   0.0000  -0.0000   0.0000   0.0000  -0.0000    0.192
    89   0.0000   3.7387   2.1678   0.0000  -0.0000   0.0000   0.0000  -0.0000   0.0000   0.0000  -0.0000    0.229
    90   0.0000   3.4444   2.0327   0.0000  -0.0000   0.0000   0.0000  -0.0000   0.0000   0.0000  -0.0000    0.227
    91   0.0000   3.1483   1.8474   0.0000  -0.0000   0.0000   0.0000  -0.0000   0.0000   0.0000  -0.0000    0.240
    92   0.0000   2.8574   1.6279   0.0000  -0.0000   0.0000   0.0000  -0.0000   0.0000   0.0000  -0.0000    0.224
    93   0.0000   2.5785   1.3906   0.0000  -0.0000   0.0000   0.0000  -0.0000   0.0000   0.0000  -0.0000    0.237
    94   0.0000   2.3180   1.1503   0.0000  -0.0000   0.0000   0.0000  -0.0000   0.0000   0.0000  -0.0000    0.247
    95   0.0000   2.0821   0.9193   0.0000  -0.0000   0.0000   0.0000  -0.0000   0.0000  -0.0000  -0.0000    0.258
    96   0.0000   1.8763   0.7063   0.0000  -0.0000   0.0000   0.0000  -0.0000   0.0000   0.0000  -0.0000    0.231
    97   0.0000   1.7056   0.5158   0.0000  -0.0000   0.0000   0.0000  -0.0000   0.0000   0.0000  -0.0000    0.239
    98   0.0000   1.5739   0.3482   0.0000  -0.0000   0.0000   0.0000  -0.0000   0.0000   0.0000  -0.0000    0.225
    99   0.0000   1.4843   0.2002   0.0000  -0.0000   0.0000   0.0000  -0.0000   0.0000   0.0000  -0.0000    0.208
   100   0.0000   1.4389   0.0652   0.0000  -0.0000   0.0000   0.0000  -0.0000   0.0000   0.0000  -0.0000    0.202

  Surface # 6     fuselage_horizontal                     
     # Chordwise = 10   # Spanwise = 10     First strip =101
     Surface area =  112.392822       Ave. chord =   30.376440
     CLsurf  =  -0.00578     Clsurf  =   0.00000
     CYsurf  =   0.00001     Cmsurf  =  -0.08686
     CDsurf  =  -0.01209     Cnsurf  =  -0.00000
     CDisurf =  -0.01209     CDvsurf =   0.00000

  Forces referred to Ssurf, Cave about hinge axis thru LE
     CLsurf  =  -0.00642     CDsurf  =  -0.01343
     Deflect =

 Strip Forces referred to Strip Area, Chord
    j      Yle    Chord     Area     c cl      ai      cl_norm  cl       cd       cdv    cm_c/4    cm_LE  C.P.x/c
   101  -1.6650  21.5445   7.9715  -0.2051   0.1895  -0.2378  -0.0109   0.0404   0.0000  -0.0138  -0.0012
   102  -1.2950  27.3129  10.1058  -0.5725   0.1568  -0.1030  -0.0227   0.0497   0.0000  -0.0102  -0.0010   -0.201
   103  -0.9250  31.3629  11.6043  -0.4014   0.0913  -0.0307  -0.0137   0.0244   0.0000  -0.0115  -0.0023   -0.592
   104  -0.5550  34.6182  12.8087  -0.1220  -0.1062  -0.0036  -0.0028  -0.0217   0.0000  -0.0115  -0.0039
   105  -0.1850  37.0437  13.7062   0.2550  -0.1799   0.0109   0.0109  -0.1157   0.0000  -0.0124  -0.0086    1.388
   106   0.1850  37.0437  13.7062   0.2550  -0.1799   0.0109   0.0109  -0.1157   0.0000  -0.0124  -0.0086    1.388
   107   0.5550  34.6182  12.8087  -0.1220  -0.1062  -0.0037  -0.0028  -0.0216   0.0000  -0.0115  -0.0039
   108   0.9250  31.3629  11.6043  -0.4014   0.0913  -0.0307  -0.0137   0.0244   0.0000  -0.0115  -0.0023   -0.591
   109   1.2950  27.3129  10.1058  -0.5725   0.1568  -0.1030  -0.0227   0.0498   0.0000  -0.0102  -0.0010   -0.201
   110   1.6650  21.5445   7.9715  -0.2051   0.1895  -0.2378  -0.0109   0.0404   0.0000  -0.0138  -0.0012

  Surface # 7     fuselage_vertical                       
     # Chordwise = 10   # Spanwise = 10     First strip =111
     Surface area =  114.215408       Ave. chord =   30.376440
     CLsurf  =  -0.00000     Clsurf  =  -0.00000
     CYsurf  =  -0.00000     Cmsurf  =   0.00000
     CDsurf  =  -0.00000     Cnsurf  =   0.00000
     CDisurf =  -0.00000     CDvsurf =   0.00000

  Forces referred to Ssurf, Cave about hinge axis thru LE
     CLsurf  =   0.00000     CDsurf  =  -0.00000
     Deflect =

 Strip Forces referred to Strip Area, Chord
    j      Yle    Chord     Area     c cl      ai      cl_norm  cl       cd       cdv    cm_c/4    cm_LE  C.P.x/c
   111   0.0000  21.5445   8.1007   0.0000   0.0000   0.0000   0.0000   0.0000   0.0000   0.0000   0.0000    0.054
   112   0.0000  27.3129  10.2696   0.0000   0.0000   0.0000   0.0000   0.0000   0.0000  -0.0000  -0.0000    0.310
   113   0.0000  31.3629  11.7925   0.0000  -0.0000   0.0000   0.0000   0.0000   0.0000  -0.0000  -0.0000    0.308
   114   0.0000  34.6182  13.0164   0.0000  -0.0000   0.0000   0.0000  -0.0000   0.0000  -0.0000  -0.0000    0.272
   115   0.0000  37.0437  13.9284   0.0000  -0.0000   0.0000   0.0000  -0.0000   0.0000  -0.0000  -0.0000    0.375
   116   0.0000  37.0437  13.9284   0.0000  -0.0000   0.0000   0.0000  -0.0000   0.0000  -0.0000  -0.0000    0.580
   117   0.0000  34.6182  13.0164   0.0000  -0.0000   0.0000   0.0000  -0.0000   0.0000  -0.0000  -0.0000    0.622
   118   0.0000  31.3629  11.7925   0.0000  -0.0000   0.0000   0.0000  -0.0000   0.0000  -0.0000  -0.0000    0.639
   119   0.0000  27.3129  10.2696   0.0000   0.0000   0.0000   0.0000   0.0000   0.0000  -0.0000  -0.0000    0.629
   120   0.0000  21.5445   8.1007   0.0000   0.0000   0.0000   0.0000  -0.0000   0.0000  -0.0000  -0.0000    0.648
 ---------------------------------------------------------------
