 ---------------------------------------------------------------
 Surface and Strip Forces by surface

  Forces referred to Sref, Cref, Bref about Xref, Yref, Zref
 Standard axis orientation,  X fwd, Z down         

  Surface # 1     main_wing                               
     # Chordwise = 10   # Spanwise = 30     First strip =  1
     Surface area =   63.968842       Ave. chord =    3.715026
     CLsurf  =   0.01246     Clsurf  =   0.00181
     CYsurf  =  -0.00014     Cmsurf  =   0.00124
     CDsurf  =   0.00038     Cnsurf  =  -0.00014
     CDisurf =   0.00038     CDvsurf =   0.00000

  Forces referred to Ssurf, Cave about hinge axis thru LE
     CLsurf  =   0.02429     CDsurf  =   0.00074
     Deflect =

 Strip Forces referred to Strip Area, Chord
    j      Yle    Chord     Area     c cl      ai      cl_norm  cl       cd       cdv    cm_c/4    cm_LE  C.P.x/c
     1   0.0114   7.7520   0.3539   0.7522   0.0121   0.1258   0.0977   0.0181   0.0000  -0.0058  -0.0244    0.309
     2   0.1025   7.6885   1.0491   0.7399   0.0114   0.1241   0.0965   0.0046   0.0000  -0.0057  -0.0242    0.310
     3   0.2837   7.5620   1.7073   0.7356   0.0100   0.1254   0.0975   0.0036   0.0000  -0.0055  -0.0242    0.306
     4   0.5530   7.3741   2.3052   0.7253   0.0077   0.1268   0.0985   0.0030   0.0000  -0.0051  -0.0241    0.302
     5   0.9075   7.1267   2.8223   0.7043   0.0054   0.1274   0.0990   0.0026   0.0000  -0.0048  -0.0240    0.299
     6   1.3432   6.8226   3.2414   0.6686   0.0061   0.1263   0.0981   0.0020   0.0000  -0.0047  -0.0238    0.298
     7   1.8554   6.4651   3.5491   0.6151   0.0158   0.1226   0.0952   0.0013   0.0000  -0.0049  -0.0233    0.302
     8   2.4386   6.0582   3.7368   0.5421   0.0233   0.1152   0.0896   0.0008   0.0000  -0.0054  -0.0226    0.311
     9   3.0862   5.6062   3.8005   0.4501   0.0159   0.1034   0.0803   0.0002   0.0000  -0.0063  -0.0215    0.329
    10   3.7613   5.1351   3.4440   0.3486   0.0061   0.0874   0.0679  -0.0002   0.0000  -0.0072  -0.0197    0.357
    11   4.4532   4.6522   3.3149   0.2446  -0.0022   0.0677   0.0526  -0.0004   0.0000  -0.0081  -0.0173    0.404
    12   5.1831   4.1429   3.0930   0.1371  -0.0121   0.0426   0.0331  -0.0004   0.0000  -0.0095  -0.0144    0.536
    13   6.0123   3.7903   3.4706   0.0446  -0.0168   0.0143   0.0118  -0.0002   0.0000  -0.0109  -0.0123    1.177
    14   6.9353   3.6075   3.3775  -0.0172  -0.0127  -0.0058  -0.0048   0.0000   0.0000  -0.0118  -0.0094
    15   7.8737   3.4215   3.2389  -0.0618  -0.0092  -0.0219  -0.0181   0.0002   0.0000  -0.0127  -0.0073   -0.455
    16   8.8172   3.2345   3.0619  -0.0945  -0.0071  -0.0355  -0.0292   0.0002   0.0000  -0.0138  -0.0059   -0.224
    17   9.7556   3.0486   2.8543  -0.1180  -0.0063  -0.0470  -0.0387   0.0003   0.0000  -0.0151  -0.0049   -0.141
    18  10.6786   2.8657   2.6239  -0.1339  -0.0062  -0.0567  -0.0467   0.0003   0.0000  -0.0166  -0.0044   -0.105
    19  11.5760   2.6879   2.3787  -0.1431  -0.0066  -0.0646  -0.0532   0.0003   0.0000  -0.0181  -0.0044   -0.090
    20  12.4328   2.5181   2.1010  -0.1451  -0.0067  -0.0700  -0.0577   0.0003   0.0000  -0.0192  -0.0043   -0.082
    21  13.2400   2.3582   1.8520  -0.1411  -0.0063  -0.0727  -0.0599   0.0002   0.0000  -0.0196  -0.0042   -0.078
    22  13.9941   2.2087   1.6074  -0.1331  -0.0061  -0.0732  -0.0603   0.0002   0.0000  -0.0200  -0.0045   -0.082
    23  14.6868   2.0715   1.3716  -0.1219  -0.0059  -0.0715  -0.0589   0.0001   0.0000  -0.0204  -0.0052   -0.097
    24  15.3105   1.9479   1.1479  -0.1081  -0.0057  -0.0674  -0.0555   0.0000   0.0000  -0.0209  -0.0063   -0.126
    25  15.8583   1.8393   0.9381  -0.0918  -0.0052  -0.0606  -0.0500  -0.0000   0.0000  -0.0208  -0.0075   -0.167
    26  16.3244   1.7470   0.7427  -0.0741  -0.0046  -0.0515  -0.0424   0.0000   0.0000  -0.0191  -0.0076   -0.200
    27  16.6722   1.4928   0.4131  -0.0570  -0.0045  -0.1259  -0.0382  -0.0005   0.0000  -0.0147  -0.0025   -0.135
    28  16.9098   1.1466   0.2292  -0.0406  -0.0043  -0.1169  -0.0355  -0.0007   0.0000  -0.0153  -0.0031   -0.181
    29  17.0696   0.9138   0.1104  -0.0242  -0.0036  -0.0874  -0.0265  -0.0010   0.0000  -0.0140  -0.0036   -0.279
    30  17.1499   0.7967   0.0322  -0.0080  -0.0031  -0.0333  -0.0101  -0.0019   0.0000  -0.0067  -0.0020   -0.412

  Surface # 2     main_wing (YDUP)                        
     # Chordwise = 10   # Spanwise = 30     First strip = 31
     Surface area =   63.968842       Ave. chord =    3.715026
     CLsurf  =   0.01246     Clsurf  =  -0.00181
     CYsurf  =   0.00014     Cmsurf  =   0.00124
     CDsurf  =   0.00038     Cnsurf  =   0.00014
     CDisurf =   0.00038     CDvsurf =   0.00000

  Forces referred to Ssurf, Cave about hinge axis thru LE
     CLsurf  =   0.02429     CDsurf  =   0.00074
     Deflect =

 Strip Forces referred to Strip Area, Chord
    j      Yle    Chord     Area     c cl      ai      cl_norm  cl       cd       cdv    cm_c/4    cm_LE  C.P.x/c
    31  -0.0114   7.7520   0.3539   0.7522   0.0121   0.1258   0.0977   0.0181   0.0000  -0.0058   0.0244    0.309
    32  -0.1025   7.6885   1.0491   0.7399   0.0114   0.1241   0.0965   0.0046   0.0000  -0.0057   0.0242    0.310
    33  -0.2837   7.5620   1.7073   0.7356   0.0100   0.1254   0.0975   0.0036   0.0000  -0.0055   0.0242    0.306
    34  -0.5530   7.3741   2.3052   0.7253   0.0077   0.1268   0.0985   0.0030   0.0000  -0.0051   0.0241    0.302
    35  -0.9075   7.1267   2.8223   0.7043   0.0054   0.1274   0.0990   0.0026   0.0000  -0.0048   0.0240    0.299
    36  -1.3432   6.8226   3.2414   0.6686   0.0061   0.1263   0.0981   0.0020   0.0000  -0.0047   0.0238    0.298
    37  -1.8554   6.4651   3.5491   0.6151   0.0158   0.1226   0.0952   0.0013   0.0000  -0.0049   0.0233    0.302
    38  -2.4386   6.0582   3.7368   0.5421   0.0233   0.1152   0.0896   0.0008   0.0000  -0.0054   0.0226    0.311
    39  -3.0862   5.6062   3.8005   0.4501   0.0159   0.1034   0.0803   0.0002   0.0000  -0.0063   0.0215    0.329
    40  -3.7613   5.1351   3.4440   0.3486   0.0061   0.0874   0.0679  -0.0002   0.0000  -0.0072   0.0197    0.357
    41  -4.4532   4.6522   3.3149   0.2446  -0.0022   0.0677   0.0526  -0.0004   0.0000  -0.0081   0.0173    0.404
    42  -5.1831   4.1429   3.0930   0.1371  -0.0121   0.0426   0.0331  -0.0004   0.0000  -0.0095   0.0144    0.536
    43  -6.0123   3.7903   3.4706   0.0446  -0.0168   0.0143   0.0118  -0.0002   0.0000  -0.0109   0.0123    1.177
    44  -6.9353   3.6075   3.3775  -0.0172  -0.0127  -0.0058  -0.0048   0.0000   0.0000  -0.0118   0.0094
    45  -7.8737   3.4215   3.2389  -0.0618  -0.0092  -0.0219  -0.0181   0.0002   0.0000  -0.0127   0.0073   -0.455
    46  -8.8172   3.2345   3.0619  -0.0945  -0.0071  -0.0355  -0.0292   0.0002   0.0000  -0.0138   0.0059   -0.224
    47  -9.7556   3.0486   2.8543  -0.1180  -0.0063  -0.0470  -0.0387   0.0003   0.0000  -0.0151   0.0049   -0.141
    48 -10.6786   2.8657   2.6239  -0.1339  -0.0062  -0.0567  -0.0467   0.0003   0.0000  -0.0166   0.0044   -0.105
    49 -11.5760   2.6879   2.3787  -0.1431  -0.0066  -0.0646  -0.0532   0.0003   0.0000  -0.0181   0.0044   -0.090
    50 -12.4328   2.5181   2.1010  -0.1451  -0.0067  -0.0700  -0.0577   0.0003   0.0000  -0.0192   0.0043   -0.082
    51 -13.2400   2.3582   1.8520  -0.1411  -0.0063  -0.0727  -0.0599   0.0002   0.0000  -0.0196   0.0042   -0.078
    52 -13.9941   2.2087   1.6074  -0.1331  -0.0061  -0.0732  -0.0603   0.0002   0.0000  -0.0200   0.0045   -0.082
    53 -14.6868   2.0715   1.3716  -0.1219  -0.0059  -0.0715  -0.0589   0.0001   0.0000  -0.0204   0.0052   -0.097
    54 -15.3105   1.9479   1.1479  -0.1081  -0.0057  -0.0674  -0.0555   0.0000   0.0000  -0.0209   0.0063   -0.126
    55 -15.8583   1.8393   0.9381  -0.0918  -0.0052  -0.0606  -0.0500  -0.0000   0.0000  -0.0208   0.0075   -0.167
    56 -16.3244   1.7470   0.7427  -0.0741  -0.0046  -0.0515  -0.0424   0.0000   0.0000  -0.0191   0.0076   -0.201
    57 -16.6722   1.4928   0.4131  -0.0570  -0.0045  -0.1259  -0.0382  -0.0005   0.0000  -0.0147   0.0025   -0.135
    58 -16.9098   1.1466   0.2292  -0.0406  -0.0043  -0.1169  -0.0355  -0.0007   0.0000  -0.0153   0.0031   -0.181
    59 -17.0696   0.9138   0.1104  -0.0242  -0.0036  -0.0874  -0.0265  -0.0010   0.0000  -0.0140   0.0036   -0.279
    60 -17.1499   0.7967   0.0322  -0.0080  -0.0031  -0.0333  -0.0101  -0.0019   0.0000  -0.0067   0.0020   -0.412

  Surface # 3     horizontal_stabilizer                   
     # Chordwise = 10   # Spanwise = 30     First strip = 61
     Surface area =   20.744604       Ave. chord =    2.848572
     CLsurf  =  -0.02858     Clsurf  =   0.00279
     CYsurf  =   0.00460     Cmsurf  =   0.13707
     CDsurf  =   0.00010     Cnsurf  =  -0.00284
     CDisurf =   0.00010     CDvsurf =   0.00000

  Forces referred to Ssurf, Cave about hinge axis thru LE
     CLsurf  =  -0.17422     CDsurf  =   0.00063
     Deflect =

 Strip Forces referred to Strip Area, Chord
    j      Yle    Chord     Area     c cl      ai      cl_norm  cl       cd       cdv    cm_c/4    cm_LE  C.P.x/c
    61   0.0047   4.2713   0.0803  -0.5839  -0.0205  -0.1729  -0.1348   0.0564   0.0000   0.0083   0.0355    0.311
    62   0.0418   4.2566   0.2392  -0.6632  -0.0209  -0.1996  -0.1557   0.0068   0.0000   0.0079   0.0392    0.301
    63   0.1156   4.2274   0.3930  -0.6694  -0.0213  -0.2030  -0.1583   0.0035   0.0000   0.0074   0.0393    0.297
    64   0.2254   4.1839   0.5386  -0.6711  -0.0216  -0.2057  -0.1604   0.0026   0.0000   0.0065   0.0390    0.291
    65   0.3698   4.1268   0.6730  -0.6712  -0.0217  -0.2086  -0.1627   0.0022   0.0000   0.0055   0.0386    0.284
    66   0.5474   4.0565   0.7936  -0.6706  -0.0214  -0.2120  -0.1654   0.0018   0.0000   0.0044   0.0383    0.277
    67   0.7617   3.9717   0.9441  -0.6684  -0.0207  -0.2159  -0.1684   0.0014   0.0000   0.0033   0.0380    0.270
    68   1.0116   3.8728   1.0344  -0.6648  -0.0193  -0.2202  -0.1717   0.0010   0.0000   0.0024   0.0379    0.264
    69   1.2891   3.7630   1.1046  -0.6582  -0.0174  -0.2244  -0.1750   0.0007   0.0000   0.0016   0.0378    0.259
    70   1.5912   3.6435   1.1542  -0.6489  -0.0149  -0.2285  -0.1782   0.0005   0.0000   0.0009   0.0379    0.255
    71   1.9146   3.5155   1.1831  -0.6366  -0.0125  -0.2323  -0.1812   0.0002   0.0000   0.0004   0.0381    0.252
    72   2.2558   3.3805   1.1921  -0.6211  -0.0106  -0.2357  -0.1838   0.0001   0.0000  -0.0001   0.0383    0.250
    73   2.6109   3.2400   1.1821  -0.6020  -0.0095  -0.2384  -0.1859  -0.0000   0.0000  -0.0004   0.0385    0.248
    74   2.9762   3.0955   1.1548  -0.5799  -0.0091  -0.2403  -0.1874  -0.0001   0.0000  -0.0006   0.0386    0.247
    75   3.3476   2.9485   1.1122  -0.5552  -0.0093  -0.2416  -0.1884  -0.0002   0.0000  -0.0008   0.0387    0.246
    76   3.7210   2.8008   1.0564  -0.5284  -0.0098  -0.2421  -0.1888  -0.0002   0.0000  -0.0009   0.0386    0.245
    77   4.0924   2.6538   0.9900  -0.4997  -0.0105  -0.2416  -0.1884  -0.0003   0.0000  -0.0011   0.0384    0.244
    78   4.4577   2.5093   0.9155  -0.4699  -0.0113  -0.2403  -0.1874  -0.0003   0.0000  -0.0012   0.0381    0.243
    79   4.8128   2.3687   0.8353  -0.4394  -0.0122  -0.2380  -0.1856  -0.0003   0.0000  -0.0015   0.0375    0.242
    80   5.1540   2.2338   0.7518  -0.4084  -0.0132  -0.2346  -0.1830  -0.0003   0.0000  -0.0018   0.0366    0.240
    81   5.4774   2.1058   0.6671  -0.3772  -0.0144  -0.2298  -0.1792  -0.0002   0.0000  -0.0024   0.0354    0.237
    82   5.7795   1.9862   0.5830  -0.3456  -0.0158  -0.2232  -0.1741  -0.0003   0.0000  -0.0031   0.0338    0.232
    83   6.0570   1.8764   0.5012  -0.3132  -0.0174  -0.2142  -0.1670  -0.0003   0.0000  -0.0040   0.0315    0.226
    84   6.3069   1.7776   0.4225  -0.2801  -0.0190  -0.2022  -0.1577  -0.0003   0.0000  -0.0051   0.0286    0.218
    85   6.5264   1.6907   0.3478  -0.2457  -0.0207  -0.1865  -0.1454  -0.0004   0.0000  -0.0063   0.0250    0.207
    86   6.7314   1.6096   0.3326  -0.2080  -0.0223  -0.1658  -0.1293  -0.0004   0.0000  -0.0075   0.0207    0.192
    87   6.9144   1.5372   0.2507  -0.1652  -0.0239  -0.1379  -0.1076  -0.0005   0.0000  -0.0082   0.0155    0.174
    88   7.0535   1.4822   0.1746  -0.1199  -0.0251  -0.1038  -0.0810  -0.0006   0.0000  -0.0078   0.0103    0.154
    89   7.1471   1.4451   0.1029  -0.0727  -0.0260  -0.0646  -0.0504  -0.0006   0.0000  -0.0057   0.0057    0.137
    90   7.1941   1.4265   0.0340  -0.0244  -0.0264  -0.0220  -0.0171  -0.0005   0.0000  -0.0021   0.0018    0.126

  Surface # 4     horizontal_stabilizer (YDUP)            
     # Chordwise = 10   # Spanwise = 30     First strip = 91
     Surface area =   20.744604       Ave. chord =    2.848572
     CLsurf  =  -0.02858     Clsurf  =  -0.00279
     CYsurf  =  -0.00460     Cmsurf  =   0.13707
     CDsurf  =   0.00010     Cnsurf  =   0.00284
     CDisurf =   0.00010     CDvsurf =   0.00000

  Forces referred to Ssurf, Cave about hinge axis thru LE
     CLsurf  =  -0.17422     CDsurf  =   0.00063
     Deflect =

 Strip Forces referred to Strip Area, Chord
    j      Yle    Chord     Area     c cl      ai      cl_norm  cl       cd       cdv    cm_c/4    cm_LE  C.P.x/c
    91  -0.0047   4.2713   0.0803  -0.5839  -0.0204  -0.1729  -0.1348   0.0564   0.0000   0.0083  -0.0355    0.311
    92  -0.0418   4.2566   0.2392  -0.6632  -0.0209  -0.1996  -0.1557   0.0068   0.0000   0.0079  -0.0392    0.301
    93  -0.1156   4.2274   0.3930  -0.6694  -0.0213  -0.2030  -0.1583   0.0035   0.0000   0.0074  -0.0393    0.297
    94  -0.2254   4.1839   0.5386  -0.6711  -0.0216  -0.2057  -0.1604   0.0026   0.0000   0.0065  -0.0390    0.291
    95  -0.3698   4.1268   0.6730  -0.6712  -0.0217  -0.2086  -0.1627   0.0022   0.0000   0.0055  -0.0386    0.284
    96  -0.5474   4.0565   0.7936  -0.6706  -0.0214  -0.2120  -0.1654   0.0018   0.0000   0.0044  -0.0383    0.277
    97  -0.7617   3.9717   0.9441  -0.6684  -0.0207  -0.2159  -0.1684   0.0014   0.0000   0.0033  -0.0380    0.270
    98  -1.0116   3.8728   1.0344  -0.6648  -0.0193  -0.2202  -0.1717   0.0010   0.0000   0.0024  -0.0379    0.264
    99  -1.2891   3.7630   1.1046  -0.6582  -0.0174  -0.2244  -0.1750   0.0007   0.0000   0.0016  -0.0378    0.259
   100  -1.5912   3.6435   1.1542  -0.6489  -0.0149  -0.2285  -0.1782   0.0005   0.0000   0.0009  -0.0379    0.255
   101  -1.9146   3.5155   1.1831  -0.6366  -0.0125  -0.2323  -0.1812   0.0002   0.0000   0.0004  -0.0381    0.252
   102  -2.2558   3.3805   1.1921  -0.6211  -0.0106  -0.2357  -0.1838   0.0001   0.0000  -0.0001  -0.0383    0.250
   103  -2.6109   3.2400   1.1821  -0.6020  -0.0095  -0.2384  -0.1859  -0.0000   0.0000  -0.0004  -0.0385    0.248
   104  -2.9762   3.0955   1.1548  -0.5799  -0.0091  -0.2403  -0.1874  -0.0001   0.0000  -0.0006  -0.0386    0.247
   105  -3.3476   2.9485   1.1122  -0.5552  -0.0093  -0.2416  -0.1884  -0.0002   0.0000  -0.0008  -0.0387    0.246
   106  -3.7210   2.8008   1.0564  -0.5284  -0.0098  -0.2421  -0.1888  -0.0002   0.0000  -0.0009  -0.0386    0.245
   107  -4.0924   2.6538   0.9900  -0.4997  -0.0105  -0.2416  -0.1884  -0.0003   0.0000  -0.0011  -0.0384    0.244
   108  -4.4577   2.5093   0.9155  -0.4699  -0.0113  -0.2403  -0.1874  -0.0003   0.0000  -0.0012  -0.0381    0.243
   109  -4.8128   2.3687   0.8353  -0.4394  -0.0122  -0.2380  -0.1856  -0.0003   0.0000  -0.0015  -0.0375    0.242
   110  -5.1540   2.2338   0.7518  -0.4084  -0.0132  -0.2346  -0.1830  -0.0003   0.0000  -0.0018  -0.0366    0.240
   111  -5.4774   2.1058   0.6671  -0.3772  -0.0144  -0.2298  -0.1792  -0.0002   0.0000  -0.0024  -0.0354    0.237
   112  -5.7795   1.9862   0.5830  -0.3456  -0.0158  -0.2232  -0.1741  -0.0003   0.0000  -0.0031  -0.0338    0.232
   113  -6.0570   1.8764   0.5012  -0.3132  -0.0174  -0.2142  -0.1670  -0.0003   0.0000  -0.0040  -0.0315    0.226
   114  -6.3069   1.7776   0.4225  -0.2801  -0.0190  -0.2022  -0.1577  -0.0003   0.0000  -0.0051  -0.0286    0.218
   115  -6.5264   1.6907   0.3478  -0.2457  -0.0207  -0.1865  -0.1454  -0.0004   0.0000  -0.0063  -0.0250    0.207
   116  -6.7314   1.6096   0.3326  -0.2080  -0.0223  -0.1658  -0.1293  -0.0004   0.0000  -0.0075  -0.0207    0.192
   117  -6.9144   1.5372   0.2507  -0.1652  -0.0239  -0.1379  -0.1076  -0.0005   0.0000  -0.0082  -0.0155    0.174
   118  -7.0535   1.4822   0.1746  -0.1199  -0.0251  -0.1038  -0.0810  -0.0006   0.0000  -0.0078  -0.0103    0.154
   119  -7.1471   1.4451   0.1029  -0.0727  -0.0260  -0.0646  -0.0504  -0.0006   0.0000  -0.0057  -0.0057    0.137
   120  -7.1941   1.4265   0.0340  -0.0244  -0.0264  -0.0220  -0.0171  -0.0005   0.0000  -0.0021  -0.0018    0.126

  Surface # 5     vertical_stabilizer                     
     # Chordwise = 10   # Spanwise = 30     First strip =121
     Surface area =   34.910358       Ave. chord =    4.190919
     CLsurf  =  -0.00000     Clsurf  =  -0.00000
     CYsurf  =  -0.00000     Cmsurf  =   0.00000
     CDsurf  =   0.00000     Cnsurf  =   0.00000
     CDisurf =   0.00000     CDvsurf =   0.00000

  Forces referred to Ssurf, Cave about hinge axis thru LE
     CLsurf  =   0.00000     CDsurf  =   0.00000
     Deflect =

 Strip Forces referred to Strip Area, Chord
    j      Yle    Chord     Area     c cl      ai      cl_norm  cl       cd       cdv    cm_c/4    cm_LE  C.P.x/c
   121   0.0000  10.0347   0.6931   0.0000  -0.0000   0.0000   0.0000   0.0000   0.0000  -0.0000  -0.0000    0.788
   122   0.0000   9.8296   1.1101   0.0000  -0.0000   0.0000   0.0000   0.0000   0.0000  -0.0000  -0.0000    0.775
   123   0.0000   9.5266   1.4857   0.0000  -0.0000   0.0000   0.0000   0.0000   0.0000  -0.0000  -0.0000    0.760
   124   0.0000   9.1281   1.8040   0.0000  -0.0000   0.0000   0.0000   0.0000   0.0000  -0.0000  -0.0000    0.737
   125   0.0000   8.6377   2.0517   0.0000  -0.0000   0.0000   0.0000   0.0000   0.0000  -0.0000  -0.0000    0.718
   126   0.0000   8.0598   2.2181   0.0000  -0.0000   0.0000   0.0000   0.0000   0.0000  -0.0000  -0.0000    0.689
   127   0.0000   7.4000   2.2957   0.0000  -0.0000   0.0000   0.0000   0.0000   0.0000  -0.0000  -0.0000    0.651
   128   0.0000   6.6646   2.2808   0.0000  -0.0000   0.0000   0.0000   0.0000   0.0000  -0.0000  -0.0000    0.605
   129   0.0000   5.8609   2.1733   0.0000  -0.0000   0.0000   0.0000   0.0000   0.0000  -0.0000  -0.0000    0.548
   130   0.0000   4.9969   1.9773   0.0000  -0.0000   0.0000   0.0000   0.0000   0.0000  -0.0000  -0.0000    0.475
   131   0.0000   4.4389   1.6667   0.0000  -0.0000   0.0000   0.0000   0.0000   0.0000  -0.0000  -0.0000    0.431
   132   0.0000   4.2198   1.6478   0.0000  -0.0000   0.0000   0.0000   0.0000   0.0000  -0.0000  -0.0000    0.404
   133   0.0000   3.9932   1.6033   0.0000  -0.0000   0.0000   0.0000   0.0000   0.0000  -0.0000  -0.0000    0.372
   134   0.0000   3.7615   1.5362   0.0000  -0.0000   0.0000   0.0000   0.0000   0.0000  -0.0000  -0.0000    0.344
   135   0.0000   3.5271   1.4499   0.0000  -0.0000   0.0000   0.0000   0.0000   0.0000  -0.0000  -0.0000    0.332
   136   0.0000   3.2923   1.3482   0.0000  -0.0000   0.0000   0.0000  -0.0000   0.0000  -0.0000  -0.0000    0.315
   137   0.0000   3.0597   1.2352   0.0000  -0.0000   0.0000   0.0000  -0.0000   0.0000  -0.0000  -0.0000    0.301
   138   0.0000   2.8315   1.1147   0.0000  -0.0000   0.0000   0.0000  -0.0000   0.0000  -0.0000  -0.0000    0.292
   139   0.0000   2.6103   0.9908   0.0000  -0.0000   0.0000   0.0000  -0.0000   0.0000  -0.0000  -0.0000    0.281
   140   0.0000   2.3983   0.8670   0.0000  -0.0000   0.0000   0.0000  -0.0000   0.0000  -0.0000  -0.0000    0.276
   141   0.0000   2.1977   0.7464   0.0000  -0.0000   0.0000   0.0000  -0.0000   0.0000  -0.0000  -0.0000    0.272
   142   0.0000   2.0106   0.6318   0.0000  -0.0000   0.0000   0.0000  -0.0000   0.0000  -0.0000  -0.0000    0.267
   143   0.0000   1.8390   0.5251   0.0000  -0.0000   0.0000   0.0000  -0.0000   0.0000  -0.0000  -0.0000    0.256
   144   0.0000   1.6847   0.4276   0.0000  -0.0000   0.0000   0.0000  -0.0000   0.0000   0.0000  -0.0000    0.242
   145   0.0000   1.5493   0.3400   0.0000  -0.0000   0.0000   0.0000  -0.0000   0.0000   0.0000  -0.0000    0.230
   146   0.0000   1.4342   0.2622   0.0000  -0.0000   0.0000   0.0000  -0.0000   0.0000   0.0000  -0.0000    0.220
   147   0.0000   1.3407   0.1933   0.0000  -0.0000   0.0000   0.0000  -0.0000   0.0000   0.0000  -0.0000    0.199
   148   0.0000   1.2696   0.1322   0.0000  -0.0000   0.0000   0.0000  -0.0000   0.0000   0.0000  -0.0000    0.177
   149   0.0000   1.2218   0.0769   0.0000  -0.0000   0.0000   0.0000  -0.0000   0.0000   0.0000  -0.0000    0.157
   150   0.0000   1.1978   0.0252   0.0000  -0.0000   0.0000   0.0000  -0.0000   0.0000   0.0000  -0.0000    0.146

  Surface # 6     fuselage_horizontal                     
     # Chordwise = 10   # Spanwise = 10     First strip =151
     Surface area =  123.841202       Ave. chord =   33.112617
     CLsurf  =  -0.00974     Clsurf  =   0.00000
     CYsurf  =   0.00000     Cmsurf  =  -0.02404
     CDsurf  =   0.00022     Cnsurf  =   0.00000
     CDisurf =   0.00022     CDvsurf =   0.00000

  Forces referred to Ssurf, Cave about hinge axis thru LE
     CLsurf  =  -0.00982     CDsurf  =   0.00022
     Deflect =

 Strip Forces referred to Strip Area, Chord
    j      Yle    Chord     Area     c cl      ai      cl_norm  cl       cd       cdv    cm_c/4    cm_LE  C.P.x/c
   151  -1.6830  26.5957   9.9468  -0.2439  -0.0599  -0.1141  -0.0092   0.0001   0.0000  -0.0004   0.0003    0.212
   152  -1.3090  31.2096  11.6724  -0.3281  -0.0554  -0.0409  -0.0105   0.0002   0.0000  -0.0008   0.0005    0.174
   153  -0.9350  34.0626  12.7394  -0.3480  -0.0331  -0.0249  -0.0102   0.0002   0.0000  -0.0016   0.0003    0.094
   154  -0.5610  36.1619  13.5246  -0.3527  -0.0214  -0.0164  -0.0097   0.0003   0.0000  -0.0021   0.0002    0.036
   155  -0.1870  37.5332  14.0374  -0.3537  -0.0168  -0.0109  -0.0094   0.0003   0.0000  -0.0023   0.0000    0.007
   156   0.1870  37.5332  14.0374  -0.3537  -0.0168  -0.0109  -0.0094   0.0003   0.0000  -0.0023   0.0000    0.007
   157   0.5610  36.1619  13.5246  -0.3527  -0.0214  -0.0164  -0.0097   0.0003   0.0000  -0.0021   0.0002    0.036
   158   0.9350  34.0626  12.7394  -0.3480  -0.0331  -0.0249  -0.0102   0.0002   0.0000  -0.0016   0.0003    0.094
   159   1.3090  31.2096  11.6724  -0.3281  -0.0554  -0.0409  -0.0105   0.0002   0.0000  -0.0008   0.0005    0.174
   160   1.6830  26.5957   9.9468  -0.2439  -0.0599  -0.1141  -0.0092   0.0001   0.0000  -0.0004   0.0003    0.212

  Surface # 7     fuselage_vertical                       
     # Chordwise = 10   # Spanwise = 10     First strip =161
     Surface area =  123.841202       Ave. chord =   33.112617
     CLsurf  =  -0.00000     Clsurf  =   0.00000
     CYsurf  =   0.00000     Cmsurf  =   0.00000
     CDsurf  =  -0.00000     Cnsurf  =  -0.00000
     CDisurf =  -0.00000     CDvsurf =   0.00000

  Forces referred to Ssurf, Cave about hinge axis thru LE
     CLsurf  =  -0.00000     CDsurf  =  -0.00000
     Deflect =

 Strip Forces referred to Strip Area, Chord
    j      Yle    Chord     Area     c cl      ai      cl_norm  cl       cd       cdv    cm_c/4    cm_LE  C.P.x/c
   161   0.0000  26.5957   9.9468  -0.0000  -0.0000  -0.0000  -0.0000   0.0000   0.0000   0.0000   0.0000    0.887
   162   0.0000  31.2096  11.6724  -0.0000  -0.0000  -0.0000  -0.0000   0.0000   0.0000   0.0000   0.0000    0.839
   163   0.0000  34.0626  12.7394  -0.0000  -0.0000  -0.0000  -0.0000   0.0000   0.0000   0.0000   0.0000    0.843
   164   0.0000  36.1619  13.5246  -0.0000   0.0000  -0.0000  -0.0000   0.0000   0.0000   0.0000   0.0000    0.832
   165   0.0000  37.5332  14.0374  -0.0000   0.0000  -0.0000  -0.0000  -0.0000   0.0000   0.0000   0.0000    0.818
   166   0.0000  37.5332  14.0374  -0.0000   0.0000  -0.0000  -0.0000  -0.0000   0.0000   0.0000   0.0000    0.802
   167   0.0000  36.1619  13.5246  -0.0000   0.0000  -0.0000  -0.0000  -0.0000   0.0000   0.0000   0.0000    0.783
   168   0.0000  34.0626  12.7394  -0.0000   0.0000  -0.0000  -0.0000  -0.0000   0.0000   0.0000   0.0000    0.721
   169   0.0000  31.2096  11.6724  -0.0000   0.0000  -0.0000  -0.0000  -0.0000   0.0000   0.0000   0.0000    0.508
   170   0.0000  26.5957   9.9468  -0.0000  -0.0000  -0.0000  -0.0000  -0.0000   0.0000  -0.0000  -0.0000    0.170
 ---------------------------------------------------------------
