 ---------------------------------------------------------------
 Surface and Strip Forces by surface

  Forces referred to Sref, Cref, Bref about Xref, Yref, Zref
 Standard axis orientation,  X fwd, Z down         

  Surface # 1     main_wing                               
     # Chordwise = 10   # Spanwise = 30     First strip =  1
     Surface area =   63.968842       Ave. chord =    3.715026
     CLsurf  =   0.17492     Clsurf  =  -0.03190
     CYsurf  =  -0.01155     Cmsurf  =  -0.14975
     CDsurf  =   0.00308     Cnsurf  =   0.00019
     CDisurf =   0.00308     CDvsurf =   0.00000

  Forces referred to Ssurf, Cave about hinge axis thru LE
     CLsurf  =   0.34217     CDsurf  =   0.00601
     Deflect =

 Strip Forces referred to Strip Area, Chord
    j      Yle    Chord     Area     c cl      ai      cl_norm  cl       cd       cdv    cm_c/4    cm_LE  C.P.x/c
     1   0.0114   7.7520   0.3539   2.5145   0.0838   0.4114   0.3186   0.1695   0.0000  -0.0178  -0.0808    0.306
     2   0.1025   7.6885   1.0491   2.4005   0.0833   0.4017   0.3112   0.0359   0.0000  -0.0177  -0.0782    0.307
     3   0.2837   7.5620   1.7073   2.3879   0.0820   0.4067   0.3150   0.0274   0.0000  -0.0165  -0.0780    0.302
     4   0.5530   7.3741   2.3052   2.3734   0.0796   0.4147   0.3212   0.0236   0.0000  -0.0148  -0.0778    0.296
     5   0.9075   7.1267   2.8223   2.3473   0.0756   0.4245   0.3288   0.0215   0.0000  -0.0129  -0.0778    0.289
     6   1.3432   6.8226   3.2414   2.3019   0.0704   0.4350   0.3370   0.0178   0.0000  -0.0113  -0.0781    0.284
     7   1.8554   6.4651   3.5491   2.2325   0.0644   0.4455   0.3451   0.0129   0.0000  -0.0102  -0.0789    0.280
     8   2.4386   6.0582   3.7368   2.1375   0.0572   0.4553   0.3527   0.0109   0.0000  -0.0097  -0.0800    0.277
     9   3.0862   5.6062   3.8005   2.0157   0.0470   0.4641   0.3595   0.0079   0.0000  -0.0098  -0.0814    0.277
    10   3.7613   5.1351   3.4440   1.8751   0.0363   0.4714   0.3652   0.0058   0.0000  -0.0102  -0.0829    0.278
    11   4.4532   4.6522   3.3149   1.7272   0.0254   0.4795   0.3714   0.0014   0.0000  -0.0107  -0.0846    0.279
    12   5.1831   4.1429   3.0930   1.5649   0.0105   0.4881   0.3780  -0.0021   0.0000  -0.0112  -0.0863    0.280
    13   6.0123   3.7903   3.4706   1.4141   0.0015   0.4561   0.3734  -0.0036   0.0000  -0.0108  -0.0929    0.279
    14   6.9353   3.6075   3.3775   1.3004   0.0030   0.4407   0.3608  -0.0027   0.0000  -0.0115  -0.0907    0.282
    15   7.8737   3.4215   3.2389   1.2029   0.0033   0.4298   0.3519  -0.0023   0.0000  -0.0124  -0.0895    0.285
    16   8.8172   3.2345   3.0619   1.1157   0.0034   0.4216   0.3452  -0.0021   0.0000  -0.0133  -0.0889    0.289
    17   9.7556   3.0486   2.8543   1.0354   0.0035   0.4152   0.3399  -0.0020   0.0000  -0.0145  -0.0887    0.293
    18  10.6786   2.8657   2.6239   0.9608   0.0038   0.4098   0.3355  -0.0020   0.0000  -0.0158  -0.0889    0.297
    19  11.5760   2.6879   2.3787   0.8913   0.0042   0.4054   0.3319  -0.0020   0.0000  -0.0172  -0.0893    0.302
    20  12.4328   2.5181   2.1010   0.8278   0.0053   0.4019   0.3290  -0.0019   0.0000  -0.0179  -0.0893    0.304
    21  13.2400   2.3582   1.8520   0.7692   0.0073   0.3987   0.3265  -0.0016   0.0000  -0.0179  -0.0887    0.305
    22  13.9941   2.2087   1.6074   0.7125   0.0099   0.3943   0.3228  -0.0014   0.0000  -0.0176  -0.0877    0.305
    23  14.6868   2.0715   1.3716   0.6553   0.0133   0.3867   0.3166  -0.0012   0.0000  -0.0169  -0.0857    0.304
    24  15.3105   1.9479   1.1479   0.5944   0.0178   0.3730   0.3054  -0.0009   0.0000  -0.0158  -0.0821    0.302
    25  15.8583   1.8393   0.9381   0.5259   0.0229   0.3494   0.2861  -0.0004   0.0000  -0.0143  -0.0765    0.300
    26  16.3244   1.7470   0.7427   0.4458   0.0282   0.3119   0.2553   0.0006   0.0000  -0.0139  -0.0693    0.304
    27  16.6722   1.4928   0.4131   0.3570   0.0331   0.8050   0.2394  -0.0029   0.0000  -0.0126  -0.0344    0.303
    28  16.9098   1.1466   0.2292   0.2652   0.0395   0.7791   0.2317  -0.0074   0.0000  -0.0028  -0.0289    0.262
    29  17.0696   0.9138   0.1104   0.1642   0.0450   0.6060   0.1802  -0.0106   0.0000   0.0076  -0.0179    0.208
    30  17.1499   0.7967   0.0322   0.0557   0.0480   0.2361   0.0702  -0.0073   0.0000   0.0065  -0.0053    0.158

  Surface # 2     main_wing (YDUP)                        
     # Chordwise = 10   # Spanwise = 30     First strip = 31
     Surface area =   63.968842       Ave. chord =    3.715026
     CLsurf  =   0.17492     Clsurf  =   0.03190
     CYsurf  =   0.01155     Cmsurf  =  -0.14975
     CDsurf  =   0.00308     Cnsurf  =  -0.00019
     CDisurf =   0.00308     CDvsurf =   0.00000

  Forces referred to Ssurf, Cave about hinge axis thru LE
     CLsurf  =   0.34217     CDsurf  =   0.00601
     Deflect =

 Strip Forces referred to Strip Area, Chord
    j      Yle    Chord     Area     c cl      ai      cl_norm  cl       cd       cdv    cm_c/4    cm_LE  C.P.x/c
    31  -0.0114   7.7520   0.3539   2.5145   0.0838   0.4114   0.3186   0.1695   0.0000  -0.0178   0.0808    0.306
    32  -0.1025   7.6885   1.0491   2.4005   0.0833   0.4017   0.3112   0.0359   0.0000  -0.0177   0.0782    0.307
    33  -0.2837   7.5620   1.7073   2.3879   0.0820   0.4067   0.3150   0.0274   0.0000  -0.0165   0.0780    0.302
    34  -0.5530   7.3741   2.3052   2.3734   0.0796   0.4147   0.3212   0.0236   0.0000  -0.0148   0.0778    0.296
    35  -0.9075   7.1267   2.8223   2.3473   0.0756   0.4245   0.3288   0.0215   0.0000  -0.0129   0.0778    0.289
    36  -1.3432   6.8226   3.2414   2.3019   0.0704   0.4350   0.3370   0.0178   0.0000  -0.0113   0.0781    0.284
    37  -1.8554   6.4651   3.5491   2.2325   0.0644   0.4455   0.3451   0.0129   0.0000  -0.0102   0.0789    0.280
    38  -2.4386   6.0582   3.7368   2.1375   0.0572   0.4553   0.3527   0.0109   0.0000  -0.0097   0.0800    0.277
    39  -3.0862   5.6062   3.8005   2.0157   0.0470   0.4641   0.3595   0.0079   0.0000  -0.0098   0.0814    0.277
    40  -3.7613   5.1351   3.4440   1.8751   0.0363   0.4714   0.3652   0.0058   0.0000  -0.0102   0.0829    0.278
    41  -4.4532   4.6522   3.3149   1.7272   0.0254   0.4795   0.3714   0.0014   0.0000  -0.0107   0.0846    0.279
    42  -5.1831   4.1429   3.0930   1.5649   0.0105   0.4881   0.3780  -0.0021   0.0000  -0.0112   0.0863    0.280
    43  -6.0123   3.7903   3.4706   1.4141   0.0015   0.4561   0.3734  -0.0036   0.0000  -0.0108   0.0929    0.279
    44  -6.9353   3.6075   3.3775   1.3004   0.0030   0.4407   0.3608  -0.0027   0.0000  -0.0115   0.0907    0.282
    45  -7.8737   3.4215   3.2389   1.2029   0.0033   0.4298   0.3519  -0.0023   0.0000  -0.0124   0.0895    0.285
    46  -8.8172   3.2345   3.0619   1.1157   0.0034   0.4216   0.3452  -0.0021   0.0000  -0.0133   0.0889    0.289
    47  -9.7556   3.0486   2.8543   1.0354   0.0035   0.4152   0.3399  -0.0020   0.0000  -0.0145   0.0887    0.293
    48 -10.6786   2.8657   2.6239   0.9608   0.0038   0.4098   0.3355  -0.0020   0.0000  -0.0158   0.0889    0.297
    49 -11.5760   2.6879   2.3787   0.8913   0.0042   0.4054   0.3319  -0.0020   0.0000  -0.0172   0.0893    0.302
    50 -12.4328   2.5181   2.1010   0.8278   0.0053   0.4019   0.3290  -0.0019   0.0000  -0.0179   0.0893    0.304
    51 -13.2400   2.3582   1.8520   0.7692   0.0073   0.3987   0.3265  -0.0016   0.0000  -0.0179   0.0887    0.305
    52 -13.9941   2.2087   1.6074   0.7125   0.0099   0.3943   0.3228  -0.0014   0.0000  -0.0176   0.0877    0.305
    53 -14.6868   2.0715   1.3716   0.6553   0.0133   0.3867   0.3166  -0.0012   0.0000  -0.0169   0.0857    0.304
    54 -15.3105   1.9479   1.1479   0.5944   0.0178   0.3730   0.3054  -0.0009   0.0000  -0.0158   0.0821    0.302
    55 -15.8583   1.8393   0.9381   0.5259   0.0229   0.3494   0.2861  -0.0004   0.0000  -0.0143   0.0765    0.300
    56 -16.3244   1.7470   0.7427   0.4458   0.0282   0.3119   0.2553   0.0006   0.0000  -0.0139   0.0693    0.304
    57 -16.6722   1.4928   0.4131   0.3570   0.0331   0.8050   0.2394  -0.0029   0.0000  -0.0126   0.0344    0.303
    58 -16.9098   1.1466   0.2292   0.2652   0.0395   0.7791   0.2317  -0.0074   0.0000  -0.0028   0.0289    0.262
    59 -17.0696   0.9138   0.1104   0.1642   0.0450   0.6060   0.1802  -0.0106   0.0000   0.0076   0.0179    0.208
    60 -17.1499   0.7967   0.0322   0.0557   0.0480   0.2361   0.0702  -0.0073   0.0000   0.0065   0.0053    0.158

  Surface # 3     horizontal_stabilizer                   
     # Chordwise = 10   # Spanwise = 30     First strip = 61
     Surface area =   20.744604       Ave. chord =    2.848572
     CLsurf  =   0.00282     Clsurf  =  -0.00043
     CYsurf  =  -0.00044     Cmsurf  =  -0.01438
     CDsurf  =   0.00008     Cnsurf  =   0.00027
     CDisurf =   0.00008     CDvsurf =   0.00000

  Forces referred to Ssurf, Cave about hinge axis thru LE
     CLsurf  =   0.01720     CDsurf  =   0.00047
     Deflect =

 Strip Forces referred to Strip Area, Chord
    j      Yle    Chord     Area     c cl      ai      cl_norm  cl       cd       cdv    cm_c/4    cm_LE  C.P.x/c
    61   0.0047   4.2713   0.0803   0.0016   0.0427   0.0005   0.0004   0.0000   0.0000  -0.0011  -0.0010
    62   0.0418   4.2566   0.2392   0.0016   0.0426   0.0005   0.0004   0.0000   0.0000  -0.0011  -0.0010
    63   0.1156   4.2274   0.3930   0.0017   0.0424   0.0005   0.0004   0.0000   0.0000  -0.0011  -0.0010
    64   0.2254   4.1839   0.5386   0.0018   0.0421   0.0006   0.0004   0.0000   0.0000  -0.0011  -0.0010
    65   0.3698   4.1268   0.6730   0.0022   0.0416   0.0007   0.0005   0.0000   0.0000  -0.0011  -0.0010
    66   0.5474   4.0565   0.7936   0.0028   0.0408   0.0009   0.0007   0.0000   0.0000  -0.0011  -0.0011    1.841
    67   0.7617   3.9717   0.9441   0.0039   0.0398   0.0013   0.0010   0.0000   0.0000  -0.0011  -0.0012    1.396
    68   1.0116   3.8728   1.0344   0.0056   0.0385   0.0019   0.0015   0.0000   0.0000  -0.0011  -0.0013    1.039
    69   1.2891   3.7630   1.1046   0.0082   0.0372   0.0028   0.0022   0.0001   0.0000  -0.0012  -0.0014    0.784
    70   1.5912   3.6435   1.1542   0.0118   0.0357   0.0042   0.0032   0.0001   0.0000  -0.0012  -0.0017    0.611
    71   1.9146   3.5155   1.1831   0.0167   0.0342   0.0062   0.0048   0.0002   0.0000  -0.0012  -0.0020    0.496
    72   2.2558   3.3805   1.1921   0.0230   0.0328   0.0088   0.0068   0.0002   0.0000  -0.0011  -0.0024    0.418
    73   2.6109   3.2400   1.1821   0.0305   0.0314   0.0122   0.0094   0.0003   0.0000  -0.0011  -0.0029    0.366
    74   2.9762   3.0955   1.1548   0.0392   0.0301   0.0164   0.0127   0.0004   0.0000  -0.0010  -0.0035    0.330
    75   3.3476   2.9485   1.1122   0.0487   0.0289   0.0214   0.0165   0.0005   0.0000  -0.0009  -0.0043    0.304
    76   3.7210   2.8008   1.0564   0.0585   0.0279   0.0271   0.0209   0.0007   0.0000  -0.0007  -0.0051    0.286
    77   4.0924   2.6538   0.9900   0.0680   0.0270   0.0332   0.0256   0.0008   0.0000  -0.0006  -0.0059    0.272
    78   4.4577   2.5093   0.9155   0.0767   0.0264   0.0396   0.0306   0.0009   0.0000  -0.0004  -0.0068    0.262
    79   4.8128   2.3687   0.8353   0.0841   0.0259   0.0460   0.0355   0.0010   0.0000  -0.0001  -0.0077    0.253
    80   5.1540   2.2338   0.7518   0.0898   0.0257   0.0521   0.0402   0.0011   0.0000   0.0002  -0.0084    0.246
    81   5.4774   2.1058   0.6671   0.0934   0.0257   0.0575   0.0444   0.0011   0.0000   0.0005  -0.0090    0.239
    82   5.7795   1.9862   0.5830   0.0947   0.0258   0.0618   0.0477   0.0012   0.0000   0.0009  -0.0094    0.231
    83   6.0570   1.8764   0.5012   0.0934   0.0261   0.0646   0.0498   0.0012   0.0000   0.0014  -0.0094    0.222
    84   6.3069   1.7776   0.4225   0.0897   0.0266   0.0654   0.0504   0.0011   0.0000   0.0020  -0.0091    0.211
    85   6.5264   1.6907   0.3478   0.0833   0.0271   0.0639   0.0493   0.0010   0.0000   0.0026  -0.0083    0.198
    86   6.7314   1.6096   0.3326   0.0742   0.0276   0.0597   0.0461   0.0009   0.0000   0.0031  -0.0072    0.182
    87   6.9144   1.5372   0.2507   0.0613   0.0282   0.0517   0.0399   0.0007   0.0000   0.0035  -0.0055    0.162
    88   7.0535   1.4822   0.1746   0.0458   0.0286   0.0401   0.0309   0.0005   0.0000   0.0034  -0.0037    0.140
    89   7.1471   1.4451   0.1029   0.0283   0.0289   0.0254   0.0196   0.0003   0.0000   0.0025  -0.0021    0.121
    90   7.1941   1.4265   0.0340   0.0096   0.0291   0.0087   0.0067   0.0000   0.0000   0.0009  -0.0006    0.110

  Surface # 4     horizontal_stabilizer (YDUP)            
     # Chordwise = 10   # Spanwise = 30     First strip = 91
     Surface area =   20.744604       Ave. chord =    2.848572
     CLsurf  =   0.00282     Clsurf  =   0.00043
     CYsurf  =   0.00044     Cmsurf  =  -0.01438
     CDsurf  =   0.00008     Cnsurf  =  -0.00027
     CDisurf =   0.00008     CDvsurf =   0.00000

  Forces referred to Ssurf, Cave about hinge axis thru LE
     CLsurf  =   0.01720     CDsurf  =   0.00047
     Deflect =

 Strip Forces referred to Strip Area, Chord
    j      Yle    Chord     Area     c cl      ai      cl_norm  cl       cd       cdv    cm_c/4    cm_LE  C.P.x/c
    91  -0.0047   4.2713   0.0803   0.0016   0.0427   0.0005   0.0004   0.0000   0.0000  -0.0011   0.0010
    92  -0.0418   4.2566   0.2392   0.0016   0.0426   0.0005   0.0004   0.0000   0.0000  -0.0011   0.0010
    93  -0.1156   4.2274   0.3930   0.0017   0.0424   0.0005   0.0004   0.0000   0.0000  -0.0011   0.0010
    94  -0.2254   4.1839   0.5386   0.0018   0.0421   0.0006   0.0004   0.0000   0.0000  -0.0011   0.0010
    95  -0.3698   4.1268   0.6730   0.0022   0.0416   0.0007   0.0005   0.0000   0.0000  -0.0011   0.0010
    96  -0.5474   4.0565   0.7936   0.0028   0.0408   0.0009   0.0007   0.0000   0.0000  -0.0011   0.0011    1.841
    97  -0.7617   3.9717   0.9441   0.0039   0.0398   0.0013   0.0010   0.0000   0.0000  -0.0011   0.0012    1.396
    98  -1.0116   3.8728   1.0344   0.0056   0.0385   0.0019   0.0015   0.0000   0.0000  -0.0011   0.0013    1.039
    99  -1.2891   3.7630   1.1046   0.0082   0.0372   0.0028   0.0022   0.0001   0.0000  -0.0012   0.0014    0.784
   100  -1.5912   3.6435   1.1542   0.0118   0.0357   0.0042   0.0032   0.0001   0.0000  -0.0012   0.0017    0.611
   101  -1.9146   3.5155   1.1831   0.0167   0.0342   0.0062   0.0048   0.0002   0.0000  -0.0012   0.0020    0.496
   102  -2.2558   3.3805   1.1921   0.0230   0.0328   0.0088   0.0068   0.0002   0.0000  -0.0011   0.0024    0.418
   103  -2.6109   3.2400   1.1821   0.0305   0.0314   0.0122   0.0094   0.0003   0.0000  -0.0011   0.0029    0.366
   104  -2.9762   3.0955   1.1548   0.0392   0.0301   0.0164   0.0127   0.0004   0.0000  -0.0010   0.0035    0.330
   105  -3.3476   2.9485   1.1122   0.0487   0.0289   0.0214   0.0165   0.0005   0.0000  -0.0009   0.0043    0.304
   106  -3.7210   2.8008   1.0564   0.0585   0.0279   0.0271   0.0209   0.0007   0.0000  -0.0007   0.0051    0.286
   107  -4.0924   2.6538   0.9900   0.0680   0.0270   0.0332   0.0256   0.0008   0.0000  -0.0006   0.0059    0.272
   108  -4.4577   2.5093   0.9155   0.0767   0.0264   0.0396   0.0306   0.0009   0.0000  -0.0004   0.0068    0.262
   109  -4.8128   2.3687   0.8353   0.0841   0.0259   0.0460   0.0355   0.0010   0.0000  -0.0001   0.0077    0.253
   110  -5.1540   2.2338   0.7518   0.0898   0.0257   0.0521   0.0402   0.0011   0.0000   0.0002   0.0084    0.246
   111  -5.4774   2.1058   0.6671   0.0934   0.0257   0.0575   0.0444   0.0011   0.0000   0.0005   0.0090    0.239
   112  -5.7795   1.9862   0.5830   0.0947   0.0258   0.0618   0.0477   0.0012   0.0000   0.0009   0.0094    0.231
   113  -6.0570   1.8764   0.5012   0.0934   0.0261   0.0646   0.0498   0.0012   0.0000   0.0014   0.0094    0.222
   114  -6.3069   1.7776   0.4225   0.0897   0.0266   0.0654   0.0504   0.0011   0.0000   0.0020   0.0091    0.211
   115  -6.5264   1.6907   0.3478   0.0833   0.0271   0.0639   0.0493   0.0010   0.0000   0.0026   0.0083    0.198
   116  -6.7314   1.6096   0.3326   0.0742   0.0276   0.0597   0.0461   0.0009   0.0000   0.0031   0.0072    0.182
   117  -6.9144   1.5372   0.2507   0.0613   0.0282   0.0517   0.0399   0.0007   0.0000   0.0035   0.0055    0.162
   118  -7.0535   1.4822   0.1746   0.0458   0.0286   0.0401   0.0309   0.0005   0.0000   0.0034   0.0037    0.140
   119  -7.1471   1.4451   0.1029   0.0283   0.0289   0.0254   0.0196   0.0003   0.0000   0.0025   0.0021    0.121
   120  -7.1941   1.4265   0.0340   0.0096   0.0291   0.0087   0.0067   0.0000   0.0000   0.0009   0.0006    0.110

  Surface # 5     vertical_stabilizer                     
     # Chordwise = 10   # Spanwise = 30     First strip =121
     Surface area =   34.910358       Ave. chord =    4.190919
     CLsurf  =   0.00000     Clsurf  =   0.00000
     CYsurf  =   0.00000     Cmsurf  =  -0.00000
     CDsurf  =  -0.00000     Cnsurf  =  -0.00000
     CDisurf =  -0.00000     CDvsurf =   0.00000

  Forces referred to Ssurf, Cave about hinge axis thru LE
     CLsurf  =  -0.00000     CDsurf  =  -0.00000
     Deflect =

 Strip Forces referred to Strip Area, Chord
    j      Yle    Chord     Area     c cl      ai      cl_norm  cl       cd       cdv    cm_c/4    cm_LE  C.P.x/c
   121   0.0000  10.0347   0.6931  -0.0000  -0.0000  -0.0000  -0.0000   0.0000   0.0000  -0.0000   0.0000    0.232
   122   0.0000   9.8296   1.1101  -0.0000  -0.0000  -0.0000  -0.0000   0.0000   0.0000  -0.0000   0.0000    0.225
   123   0.0000   9.5266   1.4857  -0.0000  -0.0000  -0.0000  -0.0000   0.0000   0.0000  -0.0000   0.0000    0.213
   124   0.0000   9.1281   1.8040  -0.0000   0.0000  -0.0000  -0.0000  -0.0000   0.0000  -0.0000   0.0000    0.210
   125   0.0000   8.6377   2.0517  -0.0000   0.0000  -0.0000  -0.0000  -0.0000   0.0000  -0.0000   0.0000    0.206
   126   0.0000   8.0598   2.2181  -0.0000  -0.0000  -0.0000  -0.0000   0.0000   0.0000  -0.0000   0.0000    0.213
   127   0.0000   7.4000   2.2957  -0.0000   0.0000  -0.0000  -0.0000  -0.0000   0.0000  -0.0000   0.0000    0.231
   128   0.0000   6.6646   2.2808  -0.0000  -0.0000  -0.0000  -0.0000  -0.0000   0.0000  -0.0000   0.0000    0.236
   129   0.0000   5.8609   2.1733  -0.0000   0.0000  -0.0000  -0.0000  -0.0000   0.0000  -0.0000   0.0000    0.231
   130   0.0000   4.9969   1.9773  -0.0000   0.0000  -0.0000  -0.0000  -0.0000   0.0000  -0.0000   0.0000    0.213
   131   0.0000   4.4389   1.6667  -0.0000   0.0000  -0.0000  -0.0000  -0.0000   0.0000  -0.0000   0.0000    0.197
   132   0.0000   4.2198   1.6478  -0.0000  -0.0000  -0.0000  -0.0000  -0.0000   0.0000  -0.0000   0.0000    0.209
   133   0.0000   3.9932   1.6033  -0.0000  -0.0000  -0.0000  -0.0000  -0.0000   0.0000  -0.0000   0.0000    0.216
   134   0.0000   3.7615   1.5362  -0.0000  -0.0000  -0.0000  -0.0000  -0.0000   0.0000  -0.0000   0.0000    0.211
   135   0.0000   3.5271   1.4499  -0.0000   0.0000  -0.0000  -0.0000  -0.0000   0.0000  -0.0000   0.0000    0.222
   136   0.0000   3.2923   1.3482  -0.0000   0.0000  -0.0000  -0.0000  -0.0000   0.0000  -0.0000   0.0000    0.231
   137   0.0000   3.0597   1.2352  -0.0000   0.0000  -0.0000  -0.0000  -0.0000   0.0000  -0.0000   0.0000    0.223
   138   0.0000   2.8315   1.1147  -0.0000   0.0000  -0.0000  -0.0000  -0.0000   0.0000  -0.0000   0.0000    0.231
   139   0.0000   2.6103   0.9908  -0.0000   0.0000  -0.0000  -0.0000  -0.0000   0.0000  -0.0000   0.0000    0.232
   140   0.0000   2.3983   0.8670  -0.0000   0.0000  -0.0000  -0.0000  -0.0000   0.0000  -0.0000   0.0000    0.233
   141   0.0000   2.1977   0.7464  -0.0000   0.0000  -0.0000  -0.0000  -0.0000   0.0000  -0.0000   0.0000    0.232
   142   0.0000   2.0106   0.6318  -0.0000   0.0000  -0.0000  -0.0000  -0.0000   0.0000  -0.0000   0.0000    0.229
   143   0.0000   1.8390   0.5251  -0.0000   0.0000  -0.0000  -0.0000  -0.0000   0.0000  -0.0000   0.0000    0.230
   144   0.0000   1.6847   0.4276  -0.0000   0.0000  -0.0000  -0.0000  -0.0000   0.0000  -0.0000   0.0000    0.220
   145   0.0000   1.5493   0.3400  -0.0000   0.0000  -0.0000  -0.0000  -0.0000   0.0000  -0.0000   0.0000    0.207
   146   0.0000   1.4342   0.2622  -0.0000   0.0000  -0.0000  -0.0000  -0.0000   0.0000  -0.0000   0.0000    0.191
   147   0.0000   1.3407   0.1933  -0.0000   0.0000  -0.0000  -0.0000  -0.0000   0.0000  -0.0000   0.0000    0.173
   148   0.0000   1.2696   0.1322  -0.0000   0.0000  -0.0000  -0.0000  -0.0000   0.0000  -0.0000   0.0000    0.153
   149   0.0000   1.2218   0.0769  -0.0000   0.0000  -0.0000  -0.0000  -0.0000   0.0000  -0.0000   0.0000    0.136
   150   0.0000   1.1978   0.0252  -0.0000   0.0000  -0.0000  -0.0000  -0.0000   0.0000  -0.0000   0.0000    0.121

  Surface # 6     fuselage_horizontal                     
     # Chordwise = 10   # Spanwise = 10     First strip =151
     Surface area =  123.841202       Ave. chord =   33.112617
     CLsurf  =  -0.00047     Clsurf  =   0.00000
     CYsurf  =   0.00000     Cmsurf  =   0.01686
     CDsurf  =  -0.00012     Cnsurf  =   0.00000
     CDisurf =  -0.00012     CDvsurf =   0.00000

  Forces referred to Ssurf, Cave about hinge axis thru LE
     CLsurf  =  -0.00048     CDsurf  =  -0.00012
     Deflect =

 Strip Forces referred to Strip Area, Chord
    j      Yle    Chord     Area     c cl      ai      cl_norm  cl       cd       cdv    cm_c/4    cm_LE  C.P.x/c
   151  -1.6830  26.5957   9.9468  -0.0236   0.0464  -0.0108  -0.0009  -0.0006   0.0000   0.0020   0.0003
   152  -1.3090  31.2096  11.6724  -0.0218   0.0548  -0.0027  -0.0007  -0.0002   0.0000   0.0022   0.0006
   153  -0.9350  34.0626  12.7394  -0.0163   0.0606  -0.0012  -0.0005  -0.0001   0.0000   0.0023   0.0008
   154  -0.5610  36.1619  13.5246  -0.0108   0.0648  -0.0005  -0.0003   0.0000   0.0000   0.0023   0.0010
   155  -0.1870  37.5332  14.0374  -0.0074   0.0674  -0.0002  -0.0002   0.0001   0.0000   0.0022   0.0016
   156   0.1870  37.5332  14.0374  -0.0074   0.0674  -0.0002  -0.0002   0.0001   0.0000   0.0022   0.0016
   157   0.5610  36.1619  13.5246  -0.0108   0.0648  -0.0005  -0.0003   0.0000   0.0000   0.0023   0.0010
   158   0.9350  34.0626  12.7394  -0.0163   0.0606  -0.0012  -0.0005  -0.0001   0.0000   0.0023   0.0008
   159   1.3090  31.2096  11.6724  -0.0218   0.0548  -0.0027  -0.0007  -0.0002   0.0000   0.0022   0.0006
   160   1.6830  26.5957   9.9468  -0.0236   0.0464  -0.0108  -0.0009  -0.0006   0.0000   0.0020   0.0003

  Surface # 7     fuselage_vertical                       
     # Chordwise = 10   # Spanwise = 10     First strip =161
     Surface area =  123.841202       Ave. chord =   33.112617
     CLsurf  =  -0.00000     Clsurf  =   0.00000
     CYsurf  =   0.00000     Cmsurf  =  -0.00000
     CDsurf  =   0.00000     Cnsurf  =  -0.00000
     CDisurf =   0.00000     CDvsurf =   0.00000

  Forces referred to Ssurf, Cave about hinge axis thru LE
     CLsurf  =  -0.00000     CDsurf  =   0.00000
     Deflect =

 Strip Forces referred to Strip Area, Chord
    j      Yle    Chord     Area     c cl      ai      cl_norm  cl       cd       cdv    cm_c/4    cm_LE  C.P.x/c
   161   0.0000  26.5957   9.9468  -0.0000  -0.0000  -0.0000  -0.0000  -0.0000   0.0000   0.0000   0.0000    1.583
   162   0.0000  31.2096  11.6724  -0.0000  -0.0000  -0.0000  -0.0000  -0.0000   0.0000   0.0000   0.0000    0.477
   163   0.0000  34.0626  12.7394  -0.0000  -0.0000  -0.0000  -0.0000  -0.0000   0.0000   0.0000   0.0000    0.472
   164   0.0000  36.1619  13.5246  -0.0000   0.0000  -0.0000  -0.0000   0.0000   0.0000   0.0000   0.0000    0.473
   165   0.0000  37.5332  14.0374  -0.0000   0.0000  -0.0000  -0.0000   0.0000   0.0000   0.0000   0.0000    0.483
   166   0.0000  37.5332  14.0374  -0.0000   0.0000  -0.0000  -0.0000   0.0000   0.0000   0.0000   0.0000    0.538
   167   0.0000  36.1619  13.5246  -0.0000   0.0000  -0.0000  -0.0000  -0.0000   0.0000   0.0000   0.0000    0.553
   168   0.0000  34.0626  12.7394  -0.0000   0.0000  -0.0000  -0.0000   0.0000   0.0000   0.0000   0.0000    0.562
   169   0.0000  31.2096  11.6724  -0.0000   0.0000  -0.0000  -0.0000   0.0000   0.0000   0.0000   0.0000    0.560
   170   0.0000  26.5957   9.9468  -0.0000  -0.0000  -0.0000  -0.0000  -0.0000   0.0000   0.0000   0.0000    0.597
 ---------------------------------------------------------------
