 ---------------------------------------------------------------
 Surface and Strip Forces by surface

  Forces referred to Sref, Cref, Bref about Xref, Yref, Zref
 Standard axis orientation,  X fwd, Z down         

  Surface # 1     main_wing                               
     # Chordwise = 10   # Spanwise = 30     First strip =  1
     Surface area =   63.968842       Ave. chord =    3.715026
     CLsurf  =   0.38444     Clsurf  =  -0.07487
     CYsurf  =  -0.02071     Cmsurf  =  -0.34427
     CDsurf  =   0.01268     Cnsurf  =  -0.00711
     CDisurf =   0.01268     CDvsurf =   0.00000

  Forces referred to Ssurf, Cave about hinge axis thru LE
     CLsurf  =   0.75139     CDsurf  =   0.02474
     Deflect =

 Strip Forces referred to Strip Area, Chord
    j      Yle    Chord     Area     c cl      ai      cl_norm  cl       cd       cdv    cm_c/4    cm_LE  C.P.x/c
     1   0.0114   7.7520   0.3539   4.9496   0.1739   0.7342   0.5687   0.6066   0.0000  -0.0340  -0.1590    0.310
     2   0.1025   7.6885   1.0491   4.5353   0.1736   0.7483   0.5796   0.1199   0.0000  -0.0340  -0.1491    0.309
     3   0.2837   7.5620   1.7073   4.4995   0.1725   0.7598   0.5885   0.0892   0.0000  -0.0317  -0.1483    0.304
     4   0.5530   7.3741   2.3052   4.4766   0.1698   0.7774   0.6021   0.0773   0.0000  -0.0281  -0.1479    0.297
     5   0.9075   7.1267   2.8223   4.4428   0.1639   0.7997   0.6194   0.0709   0.0000  -0.0242  -0.1481    0.289
     6   1.3432   6.8226   3.2414   4.3840   0.1512   0.8261   0.6399   0.0612   0.0000  -0.0207  -0.1492    0.282
     7   1.8554   6.4651   3.5491   4.2956   0.1258   0.8566   0.6635   0.0482   0.0000  -0.0178  -0.1514    0.277
     8   2.4386   6.0582   3.7368   4.1755   0.1003   0.8895   0.6890   0.0443   0.0000  -0.0158  -0.1548    0.273
     9   3.0862   5.6062   3.8005   4.0168   0.0868   0.9263   0.7175   0.0357   0.0000  -0.0149  -0.1597    0.271
    10   3.7613   5.1351   3.4440   3.8222   0.0750   0.9639   0.7465   0.0275   0.0000  -0.0150  -0.1656    0.270
    11   4.4532   4.6522   3.3149   3.6387   0.0610   1.0151   0.7862   0.0151   0.0000  -0.0137  -0.1723    0.267
    12   5.1831   4.1429   3.0930   3.3948   0.0397   1.0656   0.8253   0.0025   0.0000  -0.0139  -0.1801    0.267
    13   6.0123   3.7903   3.4706   3.1652   0.0254   1.0330   0.8416  -0.0023   0.0000  -0.0096  -0.1974    0.261
    14   6.9353   3.6075   3.3775   2.9828   0.0237   1.0226   0.8332  -0.0009   0.0000  -0.0101  -0.1959    0.262
    15   7.8737   3.4215   3.2389   2.8177   0.0200   1.0186   0.8299  -0.0012   0.0000  -0.0107  -0.1958    0.263
    16   8.8172   3.2345   3.0619   2.6612   0.0174   1.0177   0.8291  -0.0019   0.0000  -0.0116  -0.1963    0.264
    17   9.7556   3.0486   2.8543   2.5077   0.0167   1.0176   0.8291  -0.0027   0.0000  -0.0126  -0.1972    0.265
    18  10.6786   2.8657   2.6239   2.3579   0.0172   1.0180   0.8294  -0.0035   0.0000  -0.0138  -0.1983    0.267
    19  11.5760   2.6879   2.3787   2.2114   0.0185   1.0180   0.8294  -0.0044   0.0000  -0.0149  -0.1993    0.268
    20  12.4328   2.5181   2.1010   2.0694   0.0211   1.0170   0.8286  -0.0049   0.0000  -0.0153  -0.1994    0.268
    21  13.2400   2.3582   1.8520   1.9306   0.0252   1.0131   0.8254  -0.0047   0.0000  -0.0147  -0.1982    0.268
    22  13.9941   2.2087   1.6074   1.7910   0.0309   1.0034   0.8175  -0.0046   0.0000  -0.0135  -0.1953    0.266
    23  14.6868   2.0715   1.3716   1.6460   0.0386   0.9832   0.8011  -0.0042   0.0000  -0.0113  -0.1898    0.264
    24  15.3105   1.9479   1.1479   1.4891   0.0483   0.9459   0.7706  -0.0035   0.0000  -0.0081  -0.1801    0.260
    25  15.8583   1.8393   0.9381   1.3117   0.0592   0.8821   0.7187  -0.0016   0.0000  -0.0046  -0.1654    0.256
    26  16.3244   1.7470   0.7427   1.1063   0.0702   0.7824   0.6374   0.0050   0.0000  -0.0062  -0.1487    0.260
    27  16.6722   1.4928   0.4131   0.8816   0.0811   1.9968   0.5977  -0.0213   0.0000  -0.0082  -0.0775    0.264
    28  16.9098   1.1466   0.2292   0.6523   0.0952   1.9356   0.5794  -0.0498   0.0000   0.0151  -0.0642    0.224
    29  17.0696   0.9138   0.1104   0.4023   0.1062   1.5119   0.4526  -0.0715   0.0000   0.0370  -0.0381    0.168
    30  17.1499   0.7967   0.0322   0.1361   0.1121   0.5974   0.1788  -0.0535   0.0000   0.0239  -0.0104    0.116

  Surface # 2     main_wing (YDUP)                        
     # Chordwise = 10   # Spanwise = 30     First strip = 31
     Surface area =   63.968842       Ave. chord =    3.715026
     CLsurf  =   0.38444     Clsurf  =   0.07487
     CYsurf  =   0.02071     Cmsurf  =  -0.34427
     CDsurf  =   0.01268     Cnsurf  =   0.00711
     CDisurf =   0.01268     CDvsurf =   0.00000

  Forces referred to Ssurf, Cave about hinge axis thru LE
     CLsurf  =   0.75139     CDsurf  =   0.02474
     Deflect =

 Strip Forces referred to Strip Area, Chord
    j      Yle    Chord     Area     c cl      ai      cl_norm  cl       cd       cdv    cm_c/4    cm_LE  C.P.x/c
    31  -0.0114   7.7520   0.3539   4.9496   0.1739   0.7342   0.5687   0.6066   0.0000  -0.0340   0.1590    0.310
    32  -0.1025   7.6885   1.0491   4.5353   0.1736   0.7483   0.5796   0.1199   0.0000  -0.0340   0.1491    0.309
    33  -0.2837   7.5620   1.7073   4.4995   0.1725   0.7598   0.5885   0.0892   0.0000  -0.0317   0.1483    0.304
    34  -0.5530   7.3741   2.3052   4.4766   0.1698   0.7774   0.6021   0.0773   0.0000  -0.0281   0.1479    0.297
    35  -0.9075   7.1267   2.8223   4.4428   0.1639   0.7997   0.6194   0.0709   0.0000  -0.0242   0.1481    0.289
    36  -1.3432   6.8226   3.2414   4.3840   0.1512   0.8261   0.6399   0.0612   0.0000  -0.0207   0.1492    0.282
    37  -1.8554   6.4651   3.5491   4.2956   0.1258   0.8566   0.6635   0.0482   0.0000  -0.0178   0.1514    0.277
    38  -2.4386   6.0582   3.7368   4.1755   0.1003   0.8895   0.6890   0.0443   0.0000  -0.0158   0.1548    0.273
    39  -3.0862   5.6062   3.8005   4.0168   0.0868   0.9263   0.7175   0.0357   0.0000  -0.0149   0.1597    0.271
    40  -3.7613   5.1351   3.4440   3.8222   0.0750   0.9639   0.7465   0.0275   0.0000  -0.0150   0.1656    0.270
    41  -4.4532   4.6522   3.3149   3.6387   0.0610   1.0151   0.7862   0.0151   0.0000  -0.0137   0.1723    0.267
    42  -5.1831   4.1429   3.0930   3.3948   0.0397   1.0656   0.8253   0.0025   0.0000  -0.0139   0.1801    0.267
    43  -6.0123   3.7903   3.4706   3.1652   0.0254   1.0330   0.8416  -0.0023   0.0000  -0.0096   0.1974    0.261
    44  -6.9353   3.6075   3.3775   2.9828   0.0237   1.0226   0.8332  -0.0009   0.0000  -0.0101   0.1959    0.262
    45  -7.8737   3.4215   3.2389   2.8177   0.0200   1.0186   0.8299  -0.0012   0.0000  -0.0107   0.1958    0.263
    46  -8.8172   3.2345   3.0619   2.6612   0.0174   1.0177   0.8291  -0.0019   0.0000  -0.0116   0.1963    0.264
    47  -9.7556   3.0486   2.8543   2.5077   0.0167   1.0176   0.8291  -0.0027   0.0000  -0.0126   0.1972    0.265
    48 -10.6786   2.8657   2.6239   2.3579   0.0172   1.0180   0.8294  -0.0035   0.0000  -0.0138   0.1983    0.267
    49 -11.5760   2.6879   2.3787   2.2114   0.0185   1.0180   0.8294  -0.0044   0.0000  -0.0149   0.1993    0.268
    50 -12.4328   2.5181   2.1010   2.0694   0.0211   1.0170   0.8286  -0.0049   0.0000  -0.0153   0.1994    0.268
    51 -13.2400   2.3582   1.8520   1.9306   0.0252   1.0131   0.8254  -0.0047   0.0000  -0.0147   0.1982    0.268
    52 -13.9941   2.2087   1.6074   1.7910   0.0309   1.0034   0.8175  -0.0046   0.0000  -0.0135   0.1953    0.266
    53 -14.6868   2.0715   1.3716   1.6460   0.0386   0.9832   0.8011  -0.0042   0.0000  -0.0113   0.1898    0.264
    54 -15.3105   1.9479   1.1479   1.4891   0.0483   0.9459   0.7706  -0.0035   0.0000  -0.0081   0.1801    0.260
    55 -15.8583   1.8393   0.9381   1.3117   0.0592   0.8821   0.7187  -0.0016   0.0000  -0.0046   0.1654    0.256
    56 -16.3244   1.7470   0.7427   1.1063   0.0702   0.7824   0.6374   0.0050   0.0000  -0.0062   0.1487    0.260
    57 -16.6722   1.4928   0.4131   0.8816   0.0811   1.9968   0.5977  -0.0213   0.0000  -0.0082   0.0775    0.264
    58 -16.9098   1.1466   0.2292   0.6523   0.0952   1.9356   0.5794  -0.0498   0.0000   0.0151   0.0642    0.224
    59 -17.0696   0.9138   0.1104   0.4023   0.1062   1.5119   0.4526  -0.0715   0.0000   0.0370   0.0381    0.168
    60 -17.1499   0.7967   0.0322   0.1361   0.1121   0.5974   0.1788  -0.0535   0.0000   0.0239   0.0104    0.116

  Surface # 3     horizontal_stabilizer                   
     # Chordwise = 10   # Spanwise = 30     First strip = 61
     Surface area =   20.744604       Ave. chord =    2.848572
     CLsurf  =   0.04154     Clsurf  =  -0.00435
     CYsurf  =  -0.00659     Cmsurf  =  -0.20329
     CDsurf  =   0.00315     Cnsurf  =   0.00364
     CDisurf =   0.00315     CDvsurf =   0.00000

  Forces referred to Ssurf, Cave about hinge axis thru LE
     CLsurf  =   0.25314     CDsurf  =   0.01895
     Deflect =

 Strip Forces referred to Strip Area, Chord
    j      Yle    Chord     Area     c cl      ai      cl_norm  cl       cd       cdv    cm_c/4    cm_LE  C.P.x/c
    61   0.0047   4.2713   0.0803   0.9679   0.1222   0.2824   0.2156   0.1035   0.0000  -0.0114  -0.0588    0.303
    62   0.0418   4.2566   0.2392   0.8483   0.1226   0.2589   0.1976   0.0263   0.0000  -0.0113  -0.0529    0.307
    63   0.1156   4.2274   0.3930   0.8395   0.1227   0.2587   0.1975   0.0213   0.0000  -0.0107  -0.0523    0.304
    64   0.2254   4.1839   0.5386   0.8370   0.1223   0.2608   0.1991   0.0201   0.0000  -0.0097  -0.0517    0.299
    65   0.3698   4.1268   0.6730   0.8367   0.1211   0.2644   0.2018   0.0197   0.0000  -0.0084  -0.0513    0.292
    66   0.5474   4.0565   0.7936   0.8357   0.1190   0.2688   0.2052   0.0194   0.0000  -0.0071  -0.0509    0.284
    67   0.7617   3.9717   0.9441   0.8345   0.1158   0.2743   0.2093   0.0192   0.0000  -0.0058  -0.0507    0.278
    68   1.0116   3.8728   1.0344   0.8318   0.1113   0.2805   0.2140   0.0189   0.0000  -0.0046  -0.0507    0.271
    69   1.2891   3.7630   1.1046   0.8290   0.1057   0.2878   0.2196   0.0189   0.0000  -0.0036  -0.0511    0.266
    70   1.5912   3.6435   1.1542   0.8251   0.0994   0.2959   0.2258   0.0190   0.0000  -0.0028  -0.0518    0.262
    71   1.9146   3.5155   1.1831   0.8202   0.0930   0.3049   0.2327   0.0190   0.0000  -0.0021  -0.0527    0.259
    72   2.2558   3.3805   1.1921   0.8144   0.0874   0.3149   0.2404   0.0192   0.0000  -0.0015  -0.0539    0.256
    73   2.6109   3.2400   1.1821   0.8082   0.0829   0.3262   0.2489   0.0194   0.0000  -0.0010  -0.0553    0.254
    74   2.9762   3.0955   1.1548   0.8009   0.0795   0.3384   0.2583   0.0196   0.0000  -0.0005  -0.0569    0.252
    75   3.3476   2.9485   1.1122   0.7919   0.0771   0.3514   0.2682   0.0197   0.0000   0.0000  -0.0586    0.250
    76   3.7210   2.8008   1.0564   0.7809   0.0754   0.3649   0.2785   0.0197   0.0000   0.0006  -0.0604    0.248
    77   4.0924   2.6538   0.9900   0.7676   0.0744   0.3787   0.2890   0.0197   0.0000   0.0012  -0.0621    0.246
    78   4.4577   2.5093   0.9155   0.7512   0.0739   0.3920   0.2992   0.0196   0.0000   0.0019  -0.0637    0.244
    79   4.8128   2.3687   0.8353   0.7307   0.0741   0.4041   0.3084   0.0194   0.0000   0.0028  -0.0649    0.241
    80   5.1540   2.2338   0.7518   0.7058   0.0749   0.4140   0.3160   0.0190   0.0000   0.0040  -0.0656    0.237
    81   5.4774   2.1058   0.6671   0.6755   0.0763   0.4205   0.3209   0.0185   0.0000   0.0054  -0.0655    0.233
    82   5.7795   1.9862   0.5830   0.6394   0.0784   0.4221   0.3222   0.0174   0.0000   0.0072  -0.0642    0.228
    83   6.0570   1.8764   0.5012   0.5972   0.0810   0.4175   0.3186   0.0164   0.0000   0.0095  -0.0615    0.220
    84   6.3069   1.7776   0.4225   0.5480   0.0840   0.4045   0.3087   0.0151   0.0000   0.0122  -0.0571    0.211
    85   6.5264   1.6907   0.3478   0.4914   0.0872   0.3816   0.2912   0.0133   0.0000   0.0150  -0.0509    0.198
    86   6.7314   1.6096   0.3326   0.4243   0.0904   0.3462   0.2642   0.0112   0.0000   0.0176  -0.0428    0.183
    87   6.9144   1.5372   0.2507   0.3424   0.0935   0.2927   0.2234   0.0083   0.0000   0.0192  -0.0326    0.164
    88   7.0535   1.4822   0.1746   0.2515   0.0959   0.2232   0.1703   0.0052   0.0000   0.0181  -0.0219    0.144
    89   7.1471   1.4451   0.1029   0.1538   0.0976   0.1401   0.1069   0.0023   0.0000   0.0133  -0.0121    0.126
    90   7.1941   1.4265   0.0340   0.0517   0.0986   0.0480   0.0366  -0.0008   0.0000   0.0049  -0.0038    0.116

  Surface # 4     horizontal_stabilizer (YDUP)            
     # Chordwise = 10   # Spanwise = 30     First strip = 91
     Surface area =   20.744604       Ave. chord =    2.848572
     CLsurf  =   0.04154     Clsurf  =   0.00435
     CYsurf  =   0.00659     Cmsurf  =  -0.20329
     CDsurf  =   0.00315     Cnsurf  =  -0.00364
     CDisurf =   0.00315     CDvsurf =   0.00000

  Forces referred to Ssurf, Cave about hinge axis thru LE
     CLsurf  =   0.25314     CDsurf  =   0.01895
     Deflect =

 Strip Forces referred to Strip Area, Chord
    j      Yle    Chord     Area     c cl      ai      cl_norm  cl       cd       cdv    cm_c/4    cm_LE  C.P.x/c
    91  -0.0047   4.2713   0.0803   0.9679   0.1222   0.2824   0.2156   0.1035   0.0000  -0.0114   0.0588    0.303
    92  -0.0418   4.2566   0.2392   0.8483   0.1226   0.2589   0.1976   0.0263   0.0000  -0.0113   0.0529    0.307
    93  -0.1156   4.2274   0.3930   0.8395   0.1227   0.2587   0.1975   0.0213   0.0000  -0.0107   0.0523    0.304
    94  -0.2254   4.1839   0.5386   0.8370   0.1223   0.2608   0.1991   0.0201   0.0000  -0.0097   0.0517    0.299
    95  -0.3698   4.1268   0.6730   0.8367   0.1211   0.2644   0.2018   0.0197   0.0000  -0.0084   0.0513    0.292
    96  -0.5474   4.0565   0.7936   0.8357   0.1190   0.2688   0.2052   0.0194   0.0000  -0.0071   0.0509    0.284
    97  -0.7617   3.9717   0.9441   0.8345   0.1158   0.2743   0.2093   0.0192   0.0000  -0.0058   0.0507    0.278
    98  -1.0116   3.8728   1.0344   0.8318   0.1113   0.2805   0.2140   0.0189   0.0000  -0.0046   0.0507    0.271
    99  -1.2891   3.7630   1.1046   0.8290   0.1057   0.2878   0.2196   0.0189   0.0000  -0.0036   0.0511    0.266
   100  -1.5912   3.6435   1.1542   0.8251   0.0994   0.2959   0.2258   0.0190   0.0000  -0.0028   0.0518    0.262
   101  -1.9146   3.5155   1.1831   0.8202   0.0930   0.3049   0.2327   0.0190   0.0000  -0.0021   0.0527    0.259
   102  -2.2558   3.3805   1.1921   0.8144   0.0874   0.3149   0.2404   0.0192   0.0000  -0.0015   0.0539    0.256
   103  -2.6109   3.2400   1.1821   0.8082   0.0829   0.3262   0.2489   0.0194   0.0000  -0.0010   0.0553    0.254
   104  -2.9762   3.0955   1.1548   0.8009   0.0795   0.3384   0.2583   0.0196   0.0000  -0.0005   0.0569    0.252
   105  -3.3476   2.9485   1.1122   0.7919   0.0771   0.3514   0.2682   0.0197   0.0000   0.0000   0.0586    0.250
   106  -3.7210   2.8008   1.0564   0.7809   0.0754   0.3649   0.2785   0.0197   0.0000   0.0006   0.0604    0.248
   107  -4.0924   2.6538   0.9900   0.7676   0.0744   0.3787   0.2890   0.0197   0.0000   0.0012   0.0621    0.246
   108  -4.4577   2.5093   0.9155   0.7512   0.0739   0.3920   0.2992   0.0196   0.0000   0.0019   0.0637    0.244
   109  -4.8128   2.3687   0.8353   0.7307   0.0741   0.4041   0.3084   0.0194   0.0000   0.0028   0.0649    0.241
   110  -5.1540   2.2338   0.7518   0.7058   0.0749   0.4140   0.3160   0.0190   0.0000   0.0040   0.0656    0.237
   111  -5.4774   2.1058   0.6671   0.6755   0.0763   0.4205   0.3209   0.0185   0.0000   0.0054   0.0655    0.233
   112  -5.7795   1.9862   0.5830   0.6394   0.0784   0.4221   0.3221   0.0174   0.0000   0.0072   0.0642    0.228
   113  -6.0570   1.8764   0.5012   0.5972   0.0810   0.4175   0.3186   0.0164   0.0000   0.0095   0.0615    0.220
   114  -6.3069   1.7776   0.4225   0.5480   0.0840   0.4045   0.3087   0.0151   0.0000   0.0122   0.0571    0.211
   115  -6.5264   1.6907   0.3478   0.4914   0.0872   0.3816   0.2912   0.0133   0.0000   0.0150   0.0509    0.198
   116  -6.7314   1.6096   0.3326   0.4243   0.0904   0.3462   0.2642   0.0112   0.0000   0.0176   0.0428    0.183
   117  -6.9144   1.5372   0.2507   0.3424   0.0935   0.2927   0.2234   0.0083   0.0000   0.0192   0.0326    0.164
   118  -7.0535   1.4822   0.1746   0.2515   0.0959   0.2232   0.1703   0.0052   0.0000   0.0181   0.0219    0.144
   119  -7.1471   1.4451   0.1029   0.1538   0.0976   0.1401   0.1069   0.0023   0.0000   0.0133   0.0121    0.126
   120  -7.1941   1.4265   0.0340   0.0517   0.0986   0.0480   0.0366  -0.0008   0.0000   0.0049   0.0038    0.116

  Surface # 5     vertical_stabilizer                     
     # Chordwise = 10   # Spanwise = 30     First strip =121
     Surface area =   34.910358       Ave. chord =    4.190919
     CLsurf  =   0.00000     Clsurf  =   0.00000
     CYsurf  =   0.00000     Cmsurf  =  -0.00000
     CDsurf  =  -0.00000     Cnsurf  =  -0.00000
     CDisurf =  -0.00000     CDvsurf =   0.00000

  Forces referred to Ssurf, Cave about hinge axis thru LE
     CLsurf  =  -0.00000     CDsurf  =  -0.00000
     Deflect =

 Strip Forces referred to Strip Area, Chord
    j      Yle    Chord     Area     c cl      ai      cl_norm  cl       cd       cdv    cm_c/4    cm_LE  C.P.x/c
   121   0.0000  10.0347   0.6931  -0.0000  -0.0000  -0.0000  -0.0000   0.0000   0.0000   0.0000   0.0000    0.357
   122   0.0000   9.8296   1.1101  -0.0000  -0.0000  -0.0000  -0.0000   0.0000   0.0000   0.0000   0.0000    0.360
   123   0.0000   9.5266   1.4857  -0.0000  -0.0000  -0.0000  -0.0000   0.0000   0.0000   0.0000   0.0000    0.371
   124   0.0000   9.1281   1.8040  -0.0000   0.0000  -0.0000  -0.0000   0.0000   0.0000   0.0000   0.0000    0.383
   125   0.0000   8.6377   2.0517  -0.0000   0.0000  -0.0000  -0.0000   0.0000   0.0000   0.0000   0.0000    0.383
   126   0.0000   8.0598   2.2181  -0.0000   0.0000  -0.0000  -0.0000   0.0000   0.0000   0.0000   0.0000    0.383
   127   0.0000   7.4000   2.2957  -0.0000  -0.0000  -0.0000  -0.0000  -0.0000   0.0000   0.0000   0.0000    0.389
   128   0.0000   6.6646   2.2808  -0.0000   0.0000  -0.0000  -0.0000  -0.0000   0.0000   0.0000   0.0000    0.370
   129   0.0000   5.8609   2.1733  -0.0000   0.0000  -0.0000  -0.0000  -0.0000   0.0000   0.0000   0.0000    0.338
   130   0.0000   4.9969   1.9773  -0.0000   0.0000  -0.0000  -0.0000  -0.0000   0.0000   0.0000   0.0000    0.300
   131   0.0000   4.4389   1.6667  -0.0000   0.0000  -0.0000  -0.0000  -0.0000   0.0000   0.0000   0.0000    0.274
   132   0.0000   4.2198   1.6478  -0.0000   0.0000  -0.0000  -0.0000  -0.0000   0.0000   0.0000   0.0000    0.263
   133   0.0000   3.9932   1.6033  -0.0000   0.0000  -0.0000  -0.0000  -0.0000   0.0000   0.0000   0.0000    0.252
   134   0.0000   3.7615   1.5362  -0.0000   0.0000  -0.0000  -0.0000  -0.0000   0.0000  -0.0000   0.0000    0.247
   135   0.0000   3.5271   1.4499  -0.0000   0.0000  -0.0000  -0.0000  -0.0000   0.0000  -0.0000   0.0000    0.242
   136   0.0000   3.2923   1.3482  -0.0000   0.0000  -0.0000  -0.0000  -0.0000   0.0000  -0.0000   0.0000    0.240
   137   0.0000   3.0597   1.2352  -0.0000   0.0000  -0.0000  -0.0000  -0.0000   0.0000  -0.0000   0.0000    0.239
   138   0.0000   2.8315   1.1147  -0.0000   0.0000  -0.0000  -0.0000  -0.0000   0.0000  -0.0000   0.0000    0.235
   139   0.0000   2.6103   0.9908  -0.0000   0.0000  -0.0000  -0.0000  -0.0000   0.0000  -0.0000   0.0000    0.230
   140   0.0000   2.3983   0.8670  -0.0000   0.0000  -0.0000  -0.0000  -0.0000   0.0000  -0.0000   0.0000    0.227
   141   0.0000   2.1977   0.7464  -0.0000   0.0000  -0.0000  -0.0000  -0.0000   0.0000  -0.0000   0.0000    0.228
   142   0.0000   2.0106   0.6318  -0.0000   0.0000  -0.0000  -0.0000  -0.0000   0.0000  -0.0000   0.0000    0.224
   143   0.0000   1.8390   0.5251  -0.0000   0.0000  -0.0000  -0.0000  -0.0000   0.0000  -0.0000   0.0000    0.218
   144   0.0000   1.6847   0.4276  -0.0000   0.0000  -0.0000  -0.0000  -0.0000   0.0000  -0.0000   0.0000    0.207
   145   0.0000   1.5493   0.3400  -0.0000   0.0000  -0.0000  -0.0000  -0.0000   0.0000  -0.0000   0.0000    0.192
   146   0.0000   1.4342   0.2622  -0.0000   0.0000  -0.0000  -0.0000  -0.0000   0.0000  -0.0000   0.0000    0.179
   147   0.0000   1.3407   0.1933  -0.0000   0.0000  -0.0000  -0.0000  -0.0000   0.0000  -0.0000   0.0000    0.160
   148   0.0000   1.2696   0.1322  -0.0000   0.0000  -0.0000  -0.0000  -0.0000   0.0000  -0.0000   0.0000    0.135
   149   0.0000   1.2218   0.0769  -0.0000   0.0000  -0.0000  -0.0000  -0.0000   0.0000  -0.0000   0.0000    0.119
   150   0.0000   1.1978   0.0252  -0.0000   0.0000  -0.0000  -0.0000  -0.0000   0.0000  -0.0000   0.0000    0.105

  Surface # 6     fuselage_horizontal                     
     # Chordwise = 10   # Spanwise = 10     First strip =151
     Surface area =  123.841202       Ave. chord =   33.112617
     CLsurf  =   0.01081     Clsurf  =   0.00000
     CYsurf  =  -0.00000     Cmsurf  =   0.06652
     CDsurf  =  -0.00024     Cnsurf  =  -0.00000
     CDisurf =  -0.00024     CDvsurf =   0.00000

  Forces referred to Ssurf, Cave about hinge axis thru LE
     CLsurf  =   0.01090     CDsurf  =  -0.00024
     Deflect =

 Strip Forces referred to Strip Area, Chord
    j      Yle    Chord     Area     c cl      ai      cl_norm  cl       cd       cdv    cm_c/4    cm_LE  C.P.x/c
   151  -1.6830  26.5957   9.9468   0.2457   0.1794   0.1042   0.0097  -0.0031   0.0000   0.0047   0.0003   -0.240
   152  -1.3090  31.2096  11.6724   0.3479   0.1926   0.0425   0.0114  -0.0010   0.0000   0.0059   0.0008   -0.270
   153  -0.9350  34.0626  12.7394   0.3817   0.1781   0.0271   0.0113  -0.0002   0.0000   0.0071   0.0014   -0.374
   154  -0.5610  36.1619  13.5246   0.4004   0.1732   0.0184   0.0111   0.0005   0.0000   0.0076   0.0022   -0.436
   155  -0.1870  37.5332  14.0374   0.4111   0.1733   0.0126   0.0108   0.0016   0.0000   0.0077   0.0034   -0.464
   156   0.1870  37.5332  14.0374   0.4111   0.1733   0.0126   0.0108   0.0016   0.0000   0.0077   0.0034   -0.464
   157   0.5610  36.1619  13.5246   0.4004   0.1732   0.0184   0.0111   0.0005   0.0000   0.0076   0.0022   -0.436
   158   0.9350  34.0626  12.7394   0.3817   0.1781   0.0271   0.0113  -0.0002   0.0000   0.0071   0.0014   -0.374
   159   1.3090  31.2096  11.6724   0.3479   0.1926   0.0425   0.0114  -0.0010   0.0000   0.0059   0.0008   -0.270
   160   1.6830  26.5957   9.9468   0.2457   0.1794   0.1042   0.0097  -0.0031   0.0000   0.0047   0.0003   -0.240

  Surface # 7     fuselage_vertical                       
     # Chordwise = 10   # Spanwise = 10     First strip =161
     Surface area =  123.841202       Ave. chord =   33.112617
     CLsurf  =   0.00000     Clsurf  =  -0.00000
     CYsurf  =   0.00000     Cmsurf  =  -0.00000
     CDsurf  =   0.00000     Cnsurf  =  -0.00000
     CDisurf =   0.00000     CDvsurf =   0.00000

  Forces referred to Ssurf, Cave about hinge axis thru LE
     CLsurf  =  -0.00000     CDsurf  =   0.00000
     Deflect =

 Strip Forces referred to Strip Area, Chord
    j      Yle    Chord     Area     c cl      ai      cl_norm  cl       cd       cdv    cm_c/4    cm_LE  C.P.x/c
   161   0.0000  26.5957   9.9468   0.0000  -0.0000   0.0000   0.0000   0.0000   0.0000   0.0000   0.0000   -0.503
   162   0.0000  31.2096  11.6724  -0.0000  -0.0000  -0.0000  -0.0000   0.0000   0.0000  -0.0000  -0.0000
   163   0.0000  34.0626  12.7394  -0.0000  -0.0000  -0.0000  -0.0000   0.0000   0.0000  -0.0000  -0.0000   -0.502
   164   0.0000  36.1619  13.5246  -0.0000   0.0000  -0.0000  -0.0000  -0.0000   0.0000  -0.0000  -0.0000   -0.151
   165   0.0000  37.5332  14.0374  -0.0000  -0.0000  -0.0000  -0.0000  -0.0000   0.0000  -0.0000  -0.0000    0.096
   166   0.0000  37.5332  14.0374  -0.0000   0.0000  -0.0000  -0.0000   0.0000   0.0000   0.0000   0.0000    0.421
   167   0.0000  36.1619  13.5246  -0.0000  -0.0000  -0.0000  -0.0000   0.0000   0.0000   0.0000   0.0000    0.532
   168   0.0000  34.0626  12.7394  -0.0000   0.0000  -0.0000  -0.0000   0.0000   0.0000   0.0000   0.0000    0.584
   169   0.0000  31.2096  11.6724  -0.0000   0.0000  -0.0000  -0.0000  -0.0000   0.0000   0.0000   0.0000    0.659
   170   0.0000  26.5957   9.9468  -0.0000   0.0000  -0.0000  -0.0000   0.0000   0.0000   0.0000   0.0000    0.740
 ---------------------------------------------------------------
