 ---------------------------------------------------------------
 Surface and Strip Forces by surface

  Forces referred to Sref, Cref, Bref about Xref, Yref, Zref
 Standard axis orientation,  X fwd, Z down         

  Surface # 1     main_wing                               
     # Chordwise = 10   # Spanwise = 30     First strip =  1
     Surface area =   63.968842       Ave. chord =    3.715026
     CLsurf  =   0.20863     Clsurf  =  -0.03900
     CYsurf  =  -0.01423     Cmsurf  =  -0.18399
     CDsurf  =   0.00419     Cnsurf  =   0.00021
     CDisurf =   0.00419     CDvsurf =   0.00000

  Forces referred to Ssurf, Cave about hinge axis thru LE
     CLsurf  =   0.40818     CDsurf  =   0.00818
     Deflect =

 Strip Forces referred to Strip Area, Chord
    j      Yle    Chord     Area     c cl      ai      cl_norm  cl       cd       cdv    cm_c/4    cm_LE  C.P.x/c
     1   0.0114   7.7520   0.3539   2.9017   0.0877   0.4722   0.3658   0.2508   0.0000  -0.0256  -0.0973    0.320
     2   0.1025   7.6885   1.0491   2.7260   0.0872   0.4559   0.3531   0.0474   0.0000  -0.0251  -0.0929    0.321
     3   0.2837   7.5620   1.7073   2.7086   0.0859   0.4611   0.3572   0.0342   0.0000  -0.0239  -0.0927    0.317
     4   0.5530   7.3741   2.3052   2.6932   0.0835   0.4704   0.3644   0.0301   0.0000  -0.0220  -0.0926    0.310
     5   0.9075   7.1267   2.8223   2.6662   0.0796   0.4820   0.3734   0.0269   0.0000  -0.0198  -0.0926    0.303
     6   1.3432   6.8226   3.2414   2.6211   0.0742   0.4952   0.3836   0.0239   0.0000  -0.0178  -0.0930    0.296
     7   1.8554   6.4651   3.5491   2.5511   0.0685   0.5089   0.3942   0.0184   0.0000  -0.0162  -0.0938    0.291
     8   2.4386   6.0582   3.7368   2.4546   0.0615   0.5227   0.4049   0.0150   0.0000  -0.0152  -0.0952    0.288
     9   3.0862   5.6062   3.8005   2.3297   0.0515   0.5363   0.4154   0.0109   0.0000  -0.0150  -0.0972    0.286
    10   3.7613   5.1351   3.4440   2.1867   0.0408   0.5497   0.4258   0.0079   0.0000  -0.0152  -0.0994    0.286
    11   4.4532   4.6522   3.3149   2.0412   0.0299   0.5666   0.4389   0.0040   0.0000  -0.0150  -0.1019    0.284
    12   5.1831   4.1429   3.0930   1.8675   0.0147   0.5824   0.4511  -0.0020   0.0000  -0.0154  -0.1047    0.284
    13   6.0123   3.7903   3.4706   1.7035   0.0053   0.5494   0.4498  -0.0037   0.0000  -0.0143  -0.1130    0.282
    14   6.9353   3.6075   3.3775   1.5805   0.0071   0.5356   0.4385  -0.0029   0.0000  -0.0148  -0.1110    0.284
    15   7.8737   3.4215   3.2389   1.4729   0.0074   0.5262   0.4308  -0.0027   0.0000  -0.0156  -0.1100    0.286
    16   8.8172   3.2345   3.0619   1.3747   0.0075   0.5195   0.4254  -0.0027   0.0000  -0.0167  -0.1098    0.289
    17   9.7556   3.0486   2.8543   1.2828   0.0076   0.5144   0.4211  -0.0028   0.0000  -0.0181  -0.1100    0.293
    18  10.6786   2.8657   2.6239   1.1960   0.0078   0.5102   0.4177  -0.0028   0.0000  -0.0196  -0.1106    0.297
    19  11.5760   2.6879   2.3787   1.1138   0.0083   0.5066   0.4147  -0.0030   0.0000  -0.0211  -0.1113    0.301
    20  12.4328   2.5181   2.1010   1.0372   0.0095   0.5035   0.4123  -0.0030   0.0000  -0.0218  -0.1114    0.303
    21  13.2400   2.3582   1.8520   0.9649   0.0119   0.5002   0.4095  -0.0027   0.0000  -0.0216  -0.1106    0.303
    22  13.9941   2.2087   1.6074   0.8932   0.0149   0.4944   0.4047  -0.0025   0.0000  -0.0209  -0.1089    0.302
    23  14.6868   2.0715   1.3716   0.8193   0.0187   0.4835   0.3958  -0.0024   0.0000  -0.0195  -0.1056    0.299
    24  15.3105   1.9479   1.1479   0.7396   0.0234   0.4641   0.3800  -0.0022   0.0000  -0.0174  -0.1002    0.296
    25  15.8583   1.8393   0.9381   0.6497   0.0285   0.4318   0.3535  -0.0017   0.0000  -0.0150  -0.0922    0.293
    26  16.3244   1.7470   0.7427   0.5467   0.0337   0.3825   0.3131  -0.0005   0.0000  -0.0147  -0.0829    0.297
    27  16.6722   1.4928   0.4131   0.4347   0.0385   0.9805   0.2916  -0.0064   0.0000  -0.0130  -0.0408    0.295
    28  16.9098   1.1466   0.2292   0.3203   0.0443   0.9414   0.2799  -0.0132   0.0000   0.0002  -0.0332    0.249
    29  17.0696   0.9138   0.1104   0.1968   0.0484   0.7267   0.2161  -0.0180   0.0000   0.0129  -0.0197    0.190
    30  17.1499   0.7967   0.0322   0.0664   0.0506   0.2820   0.0839  -0.0124   0.0000   0.0093  -0.0056    0.139

  Surface # 2     main_wing (YDUP)                        
     # Chordwise = 10   # Spanwise = 30     First strip = 31
     Surface area =   63.968842       Ave. chord =    3.715026
     CLsurf  =   0.20863     Clsurf  =   0.03900
     CYsurf  =   0.01423     Cmsurf  =  -0.18399
     CDsurf  =   0.00419     Cnsurf  =  -0.00021
     CDisurf =   0.00419     CDvsurf =   0.00000

  Forces referred to Ssurf, Cave about hinge axis thru LE
     CLsurf  =   0.40818     CDsurf  =   0.00818
     Deflect =

 Strip Forces referred to Strip Area, Chord
    j      Yle    Chord     Area     c cl      ai      cl_norm  cl       cd       cdv    cm_c/4    cm_LE  C.P.x/c
    31  -0.0114   7.7520   0.3539   2.9017   0.0877   0.4722   0.3658   0.2508   0.0000  -0.0256   0.0973    0.320
    32  -0.1025   7.6885   1.0491   2.7260   0.0872   0.4559   0.3531   0.0474   0.0000  -0.0251   0.0929    0.321
    33  -0.2837   7.5620   1.7073   2.7086   0.0859   0.4611   0.3572   0.0342   0.0000  -0.0239   0.0927    0.317
    34  -0.5530   7.3741   2.3052   2.6932   0.0835   0.4704   0.3644   0.0301   0.0000  -0.0220   0.0926    0.310
    35  -0.9075   7.1267   2.8223   2.6662   0.0796   0.4820   0.3734   0.0269   0.0000  -0.0198   0.0926    0.303
    36  -1.3432   6.8226   3.2414   2.6211   0.0742   0.4952   0.3836   0.0239   0.0000  -0.0178   0.0930    0.296
    37  -1.8554   6.4651   3.5491   2.5511   0.0685   0.5089   0.3942   0.0184   0.0000  -0.0162   0.0938    0.291
    38  -2.4386   6.0582   3.7368   2.4546   0.0615   0.5227   0.4049   0.0150   0.0000  -0.0152   0.0952    0.288
    39  -3.0862   5.6062   3.8005   2.3297   0.0515   0.5363   0.4154   0.0109   0.0000  -0.0150   0.0972    0.286
    40  -3.7613   5.1351   3.4440   2.1867   0.0408   0.5497   0.4258   0.0079   0.0000  -0.0152   0.0994    0.286
    41  -4.4532   4.6522   3.3149   2.0412   0.0299   0.5666   0.4389   0.0040   0.0000  -0.0150   0.1019    0.284
    42  -5.1831   4.1429   3.0930   1.8675   0.0147   0.5824   0.4511  -0.0020   0.0000  -0.0154   0.1047    0.284
    43  -6.0123   3.7903   3.4706   1.7035   0.0053   0.5494   0.4498  -0.0037   0.0000  -0.0143   0.1130    0.282
    44  -6.9353   3.6075   3.3775   1.5805   0.0071   0.5356   0.4385  -0.0029   0.0000  -0.0148   0.1110    0.284
    45  -7.8737   3.4215   3.2389   1.4729   0.0074   0.5262   0.4308  -0.0027   0.0000  -0.0156   0.1100    0.286
    46  -8.8172   3.2345   3.0619   1.3747   0.0075   0.5195   0.4254  -0.0027   0.0000  -0.0167   0.1098    0.289
    47  -9.7556   3.0486   2.8543   1.2828   0.0076   0.5144   0.4211  -0.0028   0.0000  -0.0181   0.1100    0.293
    48 -10.6786   2.8657   2.6239   1.1960   0.0078   0.5102   0.4177  -0.0028   0.0000  -0.0196   0.1106    0.297
    49 -11.5760   2.6879   2.3787   1.1138   0.0083   0.5066   0.4147  -0.0030   0.0000  -0.0211   0.1113    0.301
    50 -12.4328   2.5181   2.1010   1.0372   0.0095   0.5035   0.4123  -0.0030   0.0000  -0.0218   0.1114    0.303
    51 -13.2400   2.3582   1.8520   0.9649   0.0119   0.5002   0.4095  -0.0027   0.0000  -0.0216   0.1106    0.303
    52 -13.9941   2.2087   1.6074   0.8932   0.0149   0.4944   0.4047  -0.0025   0.0000  -0.0209   0.1089    0.302
    53 -14.6868   2.0715   1.3716   0.8193   0.0187   0.4835   0.3958  -0.0024   0.0000  -0.0195   0.1056    0.299
    54 -15.3105   1.9479   1.1479   0.7396   0.0234   0.4641   0.3800  -0.0022   0.0000  -0.0174   0.1002    0.296
    55 -15.8583   1.8393   0.9381   0.6497   0.0285   0.4318   0.3535  -0.0017   0.0000  -0.0150   0.0922    0.293
    56 -16.3244   1.7470   0.7427   0.5467   0.0337   0.3825   0.3131  -0.0005   0.0000  -0.0147   0.0829    0.297
    57 -16.6722   1.4928   0.4131   0.4347   0.0385   0.9805   0.2916  -0.0064   0.0000  -0.0130   0.0408    0.295
    58 -16.9098   1.1466   0.2292   0.3203   0.0443   0.9414   0.2799  -0.0132   0.0000   0.0002   0.0332    0.249
    59 -17.0696   0.9138   0.1104   0.1968   0.0484   0.7267   0.2161  -0.0180   0.0000   0.0129   0.0197    0.190
    60 -17.1499   0.7967   0.0322   0.0664   0.0506   0.2820   0.0839  -0.0124   0.0000   0.0093   0.0056    0.139

  Surface # 3     horizontal_stabilizer                   
     # Chordwise = 10   # Spanwise = 30     First strip = 61
     Surface area =   20.744604       Ave. chord =    2.848572
     CLsurf  =   0.00098     Clsurf  =  -0.00025
     CYsurf  =  -0.00015     Cmsurf  =  -0.00551
     CDsurf  =   0.00002     Cnsurf  =   0.00010
     CDisurf =   0.00002     CDvsurf =   0.00000

  Forces referred to Ssurf, Cave about hinge axis thru LE
     CLsurf  =   0.00600     CDsurf  =   0.00014
     Deflect =

 Strip Forces referred to Strip Area, Chord
    j      Yle    Chord     Area     c cl      ai      cl_norm  cl       cd       cdv    cm_c/4    cm_LE  C.P.x/c
    61   0.0047   4.2713   0.0803  -0.0368   0.0462  -0.0112  -0.0086  -0.0000   0.0000  -0.0007   0.0013    0.174
    62   0.0418   4.2566   0.2392  -0.0372   0.0460  -0.0113  -0.0087  -0.0003   0.0000  -0.0007   0.0013    0.173
    63   0.1156   4.2274   0.3930  -0.0372   0.0458  -0.0114  -0.0088  -0.0003   0.0000  -0.0007   0.0013    0.169
    64   0.2254   4.1839   0.5386  -0.0371   0.0454  -0.0115  -0.0089  -0.0003   0.0000  -0.0008   0.0012    0.162
    65   0.3698   4.1268   0.6730  -0.0369   0.0447  -0.0116  -0.0089  -0.0003   0.0000  -0.0009   0.0012    0.153
    66   0.5474   4.0565   0.7936  -0.0364   0.0439  -0.0116  -0.0090  -0.0003   0.0000  -0.0010   0.0011    0.143
    67   0.7617   3.9717   0.9441  -0.0355   0.0427  -0.0116  -0.0089  -0.0003   0.0000  -0.0011   0.0010    0.131
    68   1.0116   3.8728   1.0344  -0.0340   0.0413  -0.0114  -0.0088  -0.0003   0.0000  -0.0012   0.0009    0.116
    69   1.2891   3.7630   1.1046  -0.0316   0.0398  -0.0109  -0.0084  -0.0003   0.0000  -0.0013   0.0007    0.098
    70   1.5912   3.6435   1.1542  -0.0281   0.0382  -0.0100  -0.0077  -0.0003   0.0000  -0.0014   0.0005    0.073
    71   1.9146   3.5155   1.1831  -0.0232   0.0366  -0.0085  -0.0066  -0.0003   0.0000  -0.0014   0.0002    0.032
    72   2.2558   3.3805   1.1921  -0.0167   0.0351  -0.0064  -0.0049  -0.0002   0.0000  -0.0015  -0.0002   -0.048
    73   2.6109   3.2400   1.1821  -0.0087   0.0336  -0.0035  -0.0027  -0.0001   0.0000  -0.0015  -0.0007   -0.300
    74   2.9762   3.0955   1.1548   0.0008   0.0323   0.0003   0.0003   0.0000   0.0000  -0.0014  -0.0013
    75   3.3476   2.9485   1.1122   0.0114   0.0311   0.0050   0.0039   0.0001   0.0000  -0.0013  -0.0019    0.593
    76   3.7210   2.8008   1.0564   0.0226   0.0301   0.0104   0.0081   0.0003   0.0000  -0.0012  -0.0027    0.396
    77   4.0924   2.6538   0.9900   0.0338   0.0293   0.0165   0.0127   0.0004   0.0000  -0.0010  -0.0035    0.327
    78   4.4577   2.5093   0.9155   0.0445   0.0287   0.0230   0.0177   0.0006   0.0000  -0.0007  -0.0044    0.291
    79   4.8128   2.3687   0.8353   0.0541   0.0283   0.0296   0.0228   0.0007   0.0000  -0.0004  -0.0052    0.268
    80   5.1540   2.2338   0.7518   0.0621   0.0281   0.0360   0.0278   0.0008   0.0000  -0.0000  -0.0060    0.252
    81   5.4774   2.1058   0.6671   0.0679   0.0281   0.0418   0.0323   0.0009   0.0000   0.0004  -0.0065    0.238
    82   5.7795   1.9862   0.5830   0.0715   0.0282   0.0466   0.0360   0.0010   0.0000   0.0009  -0.0069    0.225
    83   6.0570   1.8764   0.5012   0.0724   0.0285   0.0500   0.0386   0.0010   0.0000   0.0015  -0.0070    0.211
    84   6.3069   1.7776   0.4225   0.0708   0.0288   0.0516   0.0398   0.0010   0.0000   0.0021  -0.0067    0.197
    85   6.5264   1.6907   0.3478   0.0667   0.0291   0.0511   0.0394   0.0010   0.0000   0.0027  -0.0061    0.180
    86   6.7314   1.6096   0.3326   0.0599   0.0294   0.0483   0.0372   0.0009   0.0000   0.0033  -0.0052    0.162
    87   6.9144   1.5372   0.2507   0.0499   0.0297   0.0421   0.0324   0.0007   0.0000   0.0036  -0.0039    0.140
    88   7.0535   1.4822   0.1746   0.0374   0.0299   0.0327   0.0252   0.0005   0.0000   0.0033  -0.0026    0.119
    89   7.1471   1.4451   0.1029   0.0232   0.0301   0.0208   0.0160   0.0003   0.0000   0.0024  -0.0014    0.101
    90   7.1941   1.4265   0.0340   0.0078   0.0302   0.0071   0.0055   0.0000   0.0000   0.0009  -0.0004    0.091

  Surface # 4     horizontal_stabilizer (YDUP)            
     # Chordwise = 10   # Spanwise = 30     First strip = 91
     Surface area =   20.744604       Ave. chord =    2.848572
     CLsurf  =   0.00098     Clsurf  =   0.00025
     CYsurf  =   0.00015     Cmsurf  =  -0.00551
     CDsurf  =   0.00002     Cnsurf  =  -0.00010
     CDisurf =   0.00002     CDvsurf =   0.00000

  Forces referred to Ssurf, Cave about hinge axis thru LE
     CLsurf  =   0.00600     CDsurf  =   0.00014
     Deflect =

 Strip Forces referred to Strip Area, Chord
    j      Yle    Chord     Area     c cl      ai      cl_norm  cl       cd       cdv    cm_c/4    cm_LE  C.P.x/c
    91  -0.0047   4.2713   0.0803  -0.0368   0.0462  -0.0112  -0.0086  -0.0000   0.0000  -0.0007  -0.0013    0.174
    92  -0.0418   4.2566   0.2392  -0.0372   0.0460  -0.0113  -0.0087  -0.0003   0.0000  -0.0007  -0.0013    0.173
    93  -0.1156   4.2274   0.3930  -0.0372   0.0458  -0.0114  -0.0088  -0.0003   0.0000  -0.0007  -0.0013    0.169
    94  -0.2254   4.1839   0.5386  -0.0371   0.0454  -0.0115  -0.0089  -0.0003   0.0000  -0.0008  -0.0012    0.162
    95  -0.3698   4.1268   0.6730  -0.0369   0.0447  -0.0116  -0.0089  -0.0003   0.0000  -0.0009  -0.0012    0.153
    96  -0.5474   4.0565   0.7936  -0.0364   0.0439  -0.0116  -0.0090  -0.0003   0.0000  -0.0010  -0.0011    0.143
    97  -0.7617   3.9717   0.9441  -0.0355   0.0427  -0.0116  -0.0089  -0.0003   0.0000  -0.0011  -0.0010    0.131
    98  -1.0116   3.8728   1.0344  -0.0340   0.0413  -0.0114  -0.0088  -0.0003   0.0000  -0.0012  -0.0009    0.116
    99  -1.2891   3.7630   1.1046  -0.0316   0.0398  -0.0109  -0.0084  -0.0003   0.0000  -0.0013  -0.0007    0.098
   100  -1.5912   3.6435   1.1542  -0.0281   0.0382  -0.0100  -0.0077  -0.0003   0.0000  -0.0014  -0.0005    0.073
   101  -1.9146   3.5155   1.1831  -0.0232   0.0366  -0.0085  -0.0066  -0.0003   0.0000  -0.0014  -0.0002    0.032
   102  -2.2558   3.3805   1.1921  -0.0167   0.0351  -0.0064  -0.0049  -0.0002   0.0000  -0.0015   0.0002   -0.048
   103  -2.6109   3.2400   1.1821  -0.0087   0.0336  -0.0035  -0.0027  -0.0001   0.0000  -0.0015   0.0007   -0.300
   104  -2.9762   3.0955   1.1548   0.0008   0.0323   0.0003   0.0003   0.0000   0.0000  -0.0014   0.0013
   105  -3.3476   2.9485   1.1122   0.0114   0.0311   0.0050   0.0039   0.0001   0.0000  -0.0013   0.0019    0.593
   106  -3.7210   2.8008   1.0564   0.0226   0.0301   0.0104   0.0081   0.0003   0.0000  -0.0012   0.0027    0.396
   107  -4.0924   2.6538   0.9900   0.0338   0.0293   0.0165   0.0127   0.0004   0.0000  -0.0010   0.0035    0.327
   108  -4.4577   2.5093   0.9155   0.0445   0.0287   0.0230   0.0177   0.0006   0.0000  -0.0007   0.0044    0.291
   109  -4.8128   2.3687   0.8353   0.0541   0.0283   0.0296   0.0228   0.0007   0.0000  -0.0004   0.0052    0.268
   110  -5.1540   2.2338   0.7518   0.0621   0.0281   0.0360   0.0278   0.0008   0.0000  -0.0000   0.0060    0.252
   111  -5.4774   2.1058   0.6671   0.0679   0.0281   0.0418   0.0323   0.0009   0.0000   0.0004   0.0065    0.238
   112  -5.7795   1.9862   0.5830   0.0715   0.0282   0.0466   0.0360   0.0010   0.0000   0.0009   0.0069    0.225
   113  -6.0570   1.8764   0.5012   0.0724   0.0285   0.0500   0.0386   0.0010   0.0000   0.0015   0.0070    0.211
   114  -6.3069   1.7776   0.4225   0.0708   0.0288   0.0516   0.0398   0.0010   0.0000   0.0021   0.0067    0.197
   115  -6.5264   1.6907   0.3478   0.0667   0.0291   0.0511   0.0394   0.0010   0.0000   0.0027   0.0061    0.180
   116  -6.7314   1.6096   0.3326   0.0599   0.0294   0.0483   0.0372   0.0009   0.0000   0.0033   0.0052    0.162
   117  -6.9144   1.5372   0.2507   0.0499   0.0297   0.0421   0.0324   0.0007   0.0000   0.0036   0.0039    0.140
   118  -7.0535   1.4822   0.1746   0.0374   0.0299   0.0327   0.0252   0.0005   0.0000   0.0033   0.0026    0.119
   119  -7.1471   1.4451   0.1029   0.0232   0.0301   0.0208   0.0160   0.0003   0.0000   0.0024   0.0014    0.101
   120  -7.1941   1.4265   0.0340   0.0078   0.0302   0.0071   0.0055   0.0000   0.0000   0.0009   0.0004    0.091

  Surface # 5     vertical_stabilizer                     
     # Chordwise = 10   # Spanwise = 30     First strip =121
     Surface area =   34.910358       Ave. chord =    4.190919
     CLsurf  =   0.00000     Clsurf  =   0.00000
     CYsurf  =   0.00000     Cmsurf  =  -0.00000
     CDsurf  =  -0.00000     Cnsurf  =  -0.00000
     CDisurf =  -0.00000     CDvsurf =   0.00000

  Forces referred to Ssurf, Cave about hinge axis thru LE
     CLsurf  =  -0.00000     CDsurf  =  -0.00000
     Deflect =

 Strip Forces referred to Strip Area, Chord
    j      Yle    Chord     Area     c cl      ai      cl_norm  cl       cd       cdv    cm_c/4    cm_LE  C.P.x/c
   121   0.0000  10.0347   0.6931  -0.0000   0.0000  -0.0000  -0.0000   0.0000   0.0000  -0.0000   0.0000    0.232
   122   0.0000   9.8296   1.1101  -0.0000  -0.0000  -0.0000  -0.0000  -0.0000   0.0000  -0.0000   0.0000    0.231
   123   0.0000   9.5266   1.4857  -0.0000  -0.0000  -0.0000  -0.0000   0.0000   0.0000  -0.0000   0.0000    0.234
   124   0.0000   9.1281   1.8040  -0.0000   0.0000  -0.0000  -0.0000   0.0000   0.0000  -0.0000   0.0000    0.226
   125   0.0000   8.6377   2.0517  -0.0000   0.0000  -0.0000  -0.0000   0.0000   0.0000  -0.0000   0.0000    0.234
   126   0.0000   8.0598   2.2181  -0.0000  -0.0000  -0.0000  -0.0000  -0.0000   0.0000  -0.0000   0.0000    0.213
   127   0.0000   7.4000   2.2957  -0.0000   0.0000  -0.0000  -0.0000  -0.0000   0.0000  -0.0000   0.0000    0.224
   128   0.0000   6.6646   2.2808  -0.0000  -0.0000  -0.0000  -0.0000   0.0000   0.0000  -0.0000   0.0000    0.233
   129   0.0000   5.8609   2.1733  -0.0000  -0.0000  -0.0000  -0.0000   0.0000   0.0000  -0.0000   0.0000    0.235
   130   0.0000   4.9969   1.9773  -0.0000   0.0000  -0.0000  -0.0000  -0.0000   0.0000  -0.0000   0.0000    0.224
   131   0.0000   4.4389   1.6667  -0.0000  -0.0000  -0.0000  -0.0000  -0.0000   0.0000  -0.0000   0.0000    0.199
   132   0.0000   4.2198   1.6478  -0.0000  -0.0000  -0.0000  -0.0000  -0.0000   0.0000  -0.0000   0.0000    0.197
   133   0.0000   3.9932   1.6033  -0.0000   0.0000  -0.0000  -0.0000  -0.0000   0.0000  -0.0000   0.0000    0.198
   134   0.0000   3.7615   1.5362  -0.0000  -0.0000  -0.0000  -0.0000  -0.0000   0.0000  -0.0000   0.0000    0.209
   135   0.0000   3.5271   1.4499  -0.0000   0.0000  -0.0000  -0.0000  -0.0000   0.0000  -0.0000   0.0000    0.216
   136   0.0000   3.2923   1.3482  -0.0000   0.0000  -0.0000  -0.0000  -0.0000   0.0000  -0.0000   0.0000    0.228
   137   0.0000   3.0597   1.2352  -0.0000   0.0000  -0.0000  -0.0000  -0.0000   0.0000  -0.0000   0.0000    0.229
   138   0.0000   2.8315   1.1147  -0.0000  -0.0000  -0.0000  -0.0000  -0.0000   0.0000  -0.0000   0.0000    0.232
   139   0.0000   2.6103   0.9908  -0.0000   0.0000  -0.0000  -0.0000  -0.0000   0.0000  -0.0000   0.0000    0.232
   140   0.0000   2.3983   0.8670  -0.0000   0.0000  -0.0000  -0.0000  -0.0000   0.0000  -0.0000   0.0000    0.232
   141   0.0000   2.1977   0.7464  -0.0000   0.0000  -0.0000  -0.0000  -0.0000   0.0000  -0.0000   0.0000    0.227
   142   0.0000   2.0106   0.6318  -0.0000   0.0000  -0.0000  -0.0000  -0.0000   0.0000  -0.0000   0.0000    0.223
   143   0.0000   1.8390   0.5251  -0.0000   0.0000  -0.0000  -0.0000  -0.0000   0.0000  -0.0000   0.0000    0.216
   144   0.0000   1.6847   0.4276  -0.0000   0.0000  -0.0000  -0.0000  -0.0000   0.0000  -0.0000   0.0000    0.206
   145   0.0000   1.5493   0.3400  -0.0000  -0.0000  -0.0000  -0.0000  -0.0000   0.0000  -0.0000   0.0000    0.193
   146   0.0000   1.4342   0.2622  -0.0000  -0.0000  -0.0000  -0.0000  -0.0000   0.0000  -0.0000   0.0000    0.176
   147   0.0000   1.3407   0.1933  -0.0000  -0.0000  -0.0000  -0.0000  -0.0000   0.0000  -0.0000   0.0000    0.161
   148   0.0000   1.2696   0.1322  -0.0000   0.0000  -0.0000  -0.0000  -0.0000   0.0000  -0.0000   0.0000    0.136
   149   0.0000   1.2218   0.0769  -0.0000   0.0000  -0.0000  -0.0000  -0.0000   0.0000  -0.0000   0.0000    0.124
   150   0.0000   1.1978   0.0252  -0.0000   0.0000  -0.0000  -0.0000  -0.0000   0.0000  -0.0000   0.0000    0.107

  Surface # 6     fuselage_horizontal                     
     # Chordwise = 10   # Spanwise = 10     First strip =151
     Surface area =  123.841202       Ave. chord =   33.112617
     CLsurf  =  -0.00062     Clsurf  =   0.00000
     CYsurf  =   0.00000     Cmsurf  =   0.01499
     CDsurf  =  -0.00010     Cnsurf  =  -0.00000
     CDisurf =  -0.00010     CDvsurf =   0.00000

  Forces referred to Ssurf, Cave about hinge axis thru LE
     CLsurf  =  -0.00063     CDsurf  =  -0.00010
     Deflect =

 Strip Forces referred to Strip Area, Chord
    j      Yle    Chord     Area     c cl      ai      cl_norm  cl       cd       cdv    cm_c/4    cm_LE  C.P.x/c
   151  -1.6830  26.5957   9.9468  -0.0298   0.0482  -0.0136  -0.0011  -0.0007   0.0000   0.0018   0.0003    1.935
   152  -1.3090  31.2096  11.6724  -0.0287   0.0566  -0.0035  -0.0009  -0.0002   0.0000   0.0020   0.0006
   153  -0.9350  34.0626  12.7394  -0.0213   0.0641  -0.0015  -0.0006  -0.0000   0.0000   0.0020   0.0007
   154  -0.5610  36.1619  13.5246  -0.0144   0.0691  -0.0007  -0.0004   0.0001   0.0000   0.0020   0.0009
   155  -0.1870  37.5332  14.0374  -0.0103   0.0719  -0.0003  -0.0003   0.0002   0.0000   0.0020   0.0014
   156   0.1870  37.5332  14.0374  -0.0103   0.0719  -0.0003  -0.0003   0.0002   0.0000   0.0020   0.0014
   157   0.5610  36.1619  13.5246  -0.0144   0.0691  -0.0007  -0.0004   0.0001   0.0000   0.0020   0.0009
   158   0.9350  34.0626  12.7394  -0.0213   0.0641  -0.0015  -0.0006  -0.0000   0.0000   0.0020   0.0007
   159   1.3090  31.2096  11.6724  -0.0287   0.0566  -0.0035  -0.0009  -0.0002   0.0000   0.0020   0.0006
   160   1.6830  26.5957   9.9468  -0.0298   0.0482  -0.0136  -0.0011  -0.0007   0.0000   0.0018   0.0003    1.935

  Surface # 7     fuselage_vertical                       
     # Chordwise = 10   # Spanwise = 10     First strip =161
     Surface area =  123.841202       Ave. chord =   33.112617
     CLsurf  =   0.00000     Clsurf  =   0.00000
     CYsurf  =   0.00000     Cmsurf  =   0.00000
     CDsurf  =   0.00000     Cnsurf  =  -0.00000
     CDisurf =   0.00000     CDvsurf =   0.00000

  Forces referred to Ssurf, Cave about hinge axis thru LE
     CLsurf  =  -0.00000     CDsurf  =   0.00000
     Deflect =

 Strip Forces referred to Strip Area, Chord
    j      Yle    Chord     Area     c cl      ai      cl_norm  cl       cd       cdv    cm_c/4    cm_LE  C.P.x/c
   161   0.0000  26.5957   9.9468  -0.0000  -0.0000  -0.0000  -0.0000   0.0000   0.0000   0.0000   0.0000
   162   0.0000  31.2096  11.6724  -0.0000  -0.0000  -0.0000  -0.0000  -0.0000   0.0000   0.0000   0.0000    0.509
   163   0.0000  34.0626  12.7394  -0.0000  -0.0000  -0.0000  -0.0000  -0.0000   0.0000   0.0000   0.0000    0.488
   164   0.0000  36.1619  13.5246  -0.0000   0.0000  -0.0000  -0.0000   0.0000   0.0000   0.0000   0.0000    0.491
   165   0.0000  37.5332  14.0374  -0.0000   0.0000  -0.0000  -0.0000   0.0000   0.0000   0.0000   0.0000    0.509
   166   0.0000  37.5332  14.0374  -0.0000  -0.0000  -0.0000  -0.0000   0.0000   0.0000   0.0000   0.0000    0.547
   167   0.0000  36.1619  13.5246  -0.0000   0.0000  -0.0000  -0.0000   0.0000   0.0000   0.0000   0.0000    0.546
   168   0.0000  34.0626  12.7394  -0.0000   0.0000  -0.0000  -0.0000   0.0000   0.0000   0.0000   0.0000    0.547
   169   0.0000  31.2096  11.6724  -0.0000   0.0000  -0.0000  -0.0000   0.0000   0.0000   0.0000   0.0000    0.552
   170   0.0000  26.5957   9.9468  -0.0000  -0.0000  -0.0000  -0.0000  -0.0000   0.0000   0.0000   0.0000    0.571
 ---------------------------------------------------------------
