 ---------------------------------------------------------------
 Surface and Strip Forces by surface

  Forces referred to Sref, Cref, Bref about Xref, Yref, Zref
 Standard axis orientation,  X fwd, Z down         

  Surface # 1     main_wing                               
     # Chordwise = 10   # Spanwise = 30     First strip =  1
     Surface area =   63.968842       Ave. chord =    3.715026
     CLsurf  =   0.25437     Clsurf  =  -0.04887
     CYsurf  =  -0.01795     Cmsurf  =  -0.23308
     CDsurf  =   0.00595     Cnsurf  =   0.00023
     CDisurf =   0.00595     CDvsurf =   0.00000

  Forces referred to Ssurf, Cave about hinge axis thru LE
     CLsurf  =   0.49775     CDsurf  =   0.01162
     Deflect =

 Strip Forces referred to Strip Area, Chord
    j      Yle    Chord     Area     c cl      ai      cl_norm  cl       cd       cdv    cm_c/4    cm_LE  C.P.x/c
     1   0.0114   7.7520   0.3539   3.4397   0.0921   0.5557   0.4305   0.3868   0.0000  -0.0405  -0.1236    0.344
     2   0.1025   7.6885   1.0491   3.1523   0.0915   0.5267   0.4080   0.0656   0.0000  -0.0384  -0.1151    0.344
     3   0.2837   7.5620   1.7073   3.1260   0.0903   0.5320   0.4121   0.0437   0.0000  -0.0373  -0.1149    0.341
     4   0.5530   7.3741   2.3052   3.1085   0.0879   0.5428   0.4205   0.0380   0.0000  -0.0353  -0.1149    0.334
     5   0.9075   7.1267   2.8223   3.0812   0.0839   0.5569   0.4314   0.0352   0.0000  -0.0329  -0.1152    0.326
     6   1.3432   6.8226   3.2414   3.0362   0.0786   0.5734   0.4442   0.0322   0.0000  -0.0305  -0.1158    0.319
     7   1.8554   6.4651   3.5491   2.9663   0.0729   0.5914   0.4581   0.0272   0.0000  -0.0284  -0.1169    0.312
     8   2.4386   6.0582   3.7368   2.8682   0.0663   0.6105   0.4729   0.0224   0.0000  -0.0270  -0.1188    0.307
     9   3.0862   5.6062   3.8005   2.7412   0.0566   0.6309   0.4887   0.0163   0.0000  -0.0264  -0.1214    0.304
    10   3.7613   5.1351   3.4440   2.6056   0.0461   0.6550   0.5073   0.0108   0.0000  -0.0257  -0.1246    0.301
    11   4.4532   4.6522   3.3149   2.4307   0.0350   0.6746   0.5225   0.0072   0.0000  -0.0251  -0.1273    0.298
    12   5.1831   4.1429   3.0930   2.2580   0.0196   0.7041   0.5454  -0.0002   0.0000  -0.0250  -0.1318    0.296
    13   6.0123   3.7903   3.4706   2.0894   0.0097   0.6738   0.5517  -0.0027   0.0000  -0.0218  -0.1425    0.290
    14   6.9353   3.6075   3.3775   1.9580   0.0122   0.6634   0.5432  -0.0025   0.0000  -0.0213  -0.1402    0.289
    15   7.8737   3.4215   3.2389   1.8408   0.0131   0.6576   0.5384  -0.0027   0.0000  -0.0217  -0.1394    0.290
    16   8.8172   3.2345   3.0619   1.7315   0.0135   0.6544   0.5358  -0.0032   0.0000  -0.0226  -0.1396    0.292
    17   9.7556   3.0486   2.8543   1.6274   0.0138   0.6526   0.5343  -0.0036   0.0000  -0.0240  -0.1405    0.295
    18  10.6786   2.8657   2.6239   1.5277   0.0143   0.6517   0.5336  -0.0040   0.0000  -0.0256  -0.1417    0.298
    19  11.5760   2.6879   2.3787   1.4309   0.0150   0.6508   0.5328  -0.0046   0.0000  -0.0270  -0.1428    0.301
    20  12.4328   2.5181   2.1010   1.3382   0.0166   0.6497   0.5319  -0.0049   0.0000  -0.0274  -0.1430    0.301
    21  13.2400   2.3582   1.8520   1.2479   0.0195   0.6469   0.5297  -0.0048   0.0000  -0.0265  -0.1417    0.300
    22  13.9941   2.2087   1.6074   1.1555   0.0231   0.6396   0.5237  -0.0049   0.0000  -0.0246  -0.1386    0.297
    23  14.6868   2.0715   1.3716   1.0573   0.0273   0.6240   0.5109  -0.0050   0.0000  -0.0215  -0.1331    0.292
    24  15.3105   1.9479   1.1479   0.9495   0.0320   0.5960   0.4879  -0.0052   0.0000  -0.0174  -0.1243    0.286
    25  15.8583   1.8393   0.9381   0.8283   0.0369   0.5506   0.4508  -0.0050   0.0000  -0.0137  -0.1128    0.280
    26  16.3244   1.7470   0.7427   0.6915   0.0418   0.4839   0.3962  -0.0034   0.0000  -0.0137  -0.1006    0.285
    27  16.6722   1.4928   0.4131   0.5455   0.0461   1.2311   0.3661  -0.0140   0.0000  -0.0119  -0.0491    0.282
    28  16.9098   1.1466   0.2292   0.3984   0.0504   1.1721   0.3486  -0.0248   0.0000   0.0061  -0.0386    0.232
    29  17.0696   0.9138   0.1104   0.2430   0.0531   0.8987   0.2672  -0.0328   0.0000   0.0215  -0.0217    0.170
    30  17.1499   0.7967   0.0322   0.0817   0.0545   0.3477   0.1034  -0.0225   0.0000   0.0137  -0.0058    0.117

  Surface # 2     main_wing (YDUP)                        
     # Chordwise = 10   # Spanwise = 30     First strip = 31
     Surface area =   63.968842       Ave. chord =    3.715026
     CLsurf  =   0.25437     Clsurf  =   0.04887
     CYsurf  =   0.01795     Cmsurf  =  -0.23308
     CDsurf  =   0.00595     Cnsurf  =  -0.00023
     CDisurf =   0.00595     CDvsurf =   0.00000

  Forces referred to Ssurf, Cave about hinge axis thru LE
     CLsurf  =   0.49775     CDsurf  =   0.01162
     Deflect =

 Strip Forces referred to Strip Area, Chord
    j      Yle    Chord     Area     c cl      ai      cl_norm  cl       cd       cdv    cm_c/4    cm_LE  C.P.x/c
    31  -0.0114   7.7520   0.3539   3.4397   0.0921   0.5557   0.4305   0.3868   0.0000  -0.0405   0.1236    0.344
    32  -0.1025   7.6885   1.0491   3.1523   0.0915   0.5267   0.4080   0.0656   0.0000  -0.0384   0.1151    0.344
    33  -0.2837   7.5620   1.7073   3.1260   0.0903   0.5320   0.4121   0.0437   0.0000  -0.0373   0.1149    0.341
    34  -0.5530   7.3741   2.3052   3.1085   0.0879   0.5428   0.4205   0.0380   0.0000  -0.0353   0.1149    0.334
    35  -0.9075   7.1267   2.8223   3.0812   0.0839   0.5569   0.4314   0.0352   0.0000  -0.0329   0.1152    0.326
    36  -1.3432   6.8226   3.2414   3.0362   0.0786   0.5734   0.4442   0.0322   0.0000  -0.0305   0.1158    0.319
    37  -1.8554   6.4651   3.5491   2.9663   0.0729   0.5914   0.4581   0.0272   0.0000  -0.0284   0.1169    0.312
    38  -2.4386   6.0582   3.7368   2.8682   0.0663   0.6105   0.4729   0.0224   0.0000  -0.0270   0.1188    0.307
    39  -3.0862   5.6062   3.8005   2.7412   0.0566   0.6309   0.4887   0.0163   0.0000  -0.0264   0.1214    0.304
    40  -3.7613   5.1351   3.4440   2.6056   0.0461   0.6550   0.5073   0.0108   0.0000  -0.0257   0.1246    0.301
    41  -4.4532   4.6522   3.3149   2.4307   0.0350   0.6746   0.5225   0.0072   0.0000  -0.0251   0.1273    0.298
    42  -5.1831   4.1429   3.0930   2.2580   0.0196   0.7041   0.5454  -0.0002   0.0000  -0.0250   0.1318    0.296
    43  -6.0123   3.7903   3.4706   2.0894   0.0097   0.6738   0.5517  -0.0027   0.0000  -0.0218   0.1425    0.290
    44  -6.9353   3.6075   3.3775   1.9580   0.0122   0.6634   0.5432  -0.0025   0.0000  -0.0213   0.1402    0.289
    45  -7.8737   3.4215   3.2389   1.8408   0.0131   0.6576   0.5384  -0.0027   0.0000  -0.0217   0.1394    0.290
    46  -8.8172   3.2345   3.0619   1.7315   0.0135   0.6544   0.5358  -0.0032   0.0000  -0.0226   0.1396    0.292
    47  -9.7556   3.0486   2.8543   1.6274   0.0138   0.6526   0.5343  -0.0036   0.0000  -0.0240   0.1405    0.295
    48 -10.6786   2.8657   2.6239   1.5277   0.0143   0.6517   0.5336  -0.0040   0.0000  -0.0256   0.1417    0.298
    49 -11.5760   2.6879   2.3787   1.4309   0.0150   0.6508   0.5328  -0.0046   0.0000  -0.0270   0.1428    0.301
    50 -12.4328   2.5181   2.1010   1.3382   0.0166   0.6497   0.5319  -0.0049   0.0000  -0.0274   0.1430    0.301
    51 -13.2400   2.3582   1.8520   1.2479   0.0195   0.6469   0.5297  -0.0048   0.0000  -0.0265   0.1417    0.300
    52 -13.9941   2.2087   1.6074   1.1555   0.0231   0.6396   0.5237  -0.0049   0.0000  -0.0246   0.1386    0.297
    53 -14.6868   2.0715   1.3716   1.0573   0.0273   0.6240   0.5109  -0.0050   0.0000  -0.0215   0.1331    0.292
    54 -15.3105   1.9479   1.1479   0.9495   0.0320   0.5960   0.4879  -0.0052   0.0000  -0.0174   0.1243    0.286
    55 -15.8583   1.8393   0.9381   0.8283   0.0369   0.5506   0.4508  -0.0050   0.0000  -0.0137   0.1128    0.280
    56 -16.3244   1.7470   0.7427   0.6915   0.0418   0.4839   0.3962  -0.0034   0.0000  -0.0137   0.1006    0.285
    57 -16.6722   1.4928   0.4131   0.5455   0.0461   1.2311   0.3661  -0.0140   0.0000  -0.0119   0.0491    0.282
    58 -16.9098   1.1466   0.2292   0.3984   0.0504   1.1721   0.3486  -0.0248   0.0000   0.0061   0.0386    0.232
    59 -17.0696   0.9138   0.1104   0.2430   0.0531   0.8987   0.2672  -0.0328   0.0000   0.0215   0.0217    0.170
    60 -17.1499   0.7967   0.0322   0.0817   0.0545   0.3477   0.1034  -0.0225   0.0000   0.0137   0.0058    0.117

  Surface # 3     horizontal_stabilizer                   
     # Chordwise = 10   # Spanwise = 30     First strip = 61
     Surface area =   20.744604       Ave. chord =    2.848572
     CLsurf  =  -0.00222     Clsurf  =   0.00008
     CYsurf  =   0.00037     Cmsurf  =   0.01001
     CDsurf  =  -0.00009     Cnsurf  =  -0.00020
     CDisurf =  -0.00009     CDvsurf =   0.00000

  Forces referred to Ssurf, Cave about hinge axis thru LE
     CLsurf  =  -0.01354     CDsurf  =  -0.00053
     Deflect =

 Strip Forces referred to Strip Area, Chord
    j      Yle    Chord     Area     c cl      ai      cl_norm  cl       cd       cdv    cm_c/4    cm_LE  C.P.x/c
    61   0.0047   4.2713   0.0803  -0.0982   0.0504  -0.0299  -0.0231   0.0012   0.0000   0.0006   0.0054    0.278
    62   0.0418   4.2566   0.2392  -0.1011   0.0502  -0.0308  -0.0237  -0.0007   0.0000   0.0006   0.0056    0.276
    63   0.1156   4.2274   0.3930  -0.1014   0.0498  -0.0311  -0.0240  -0.0008   0.0000   0.0005   0.0056    0.272
    64   0.2254   4.1839   0.5386  -0.1014   0.0493  -0.0314  -0.0242  -0.0009   0.0000   0.0004   0.0055    0.266
    65   0.3698   4.1268   0.6730  -0.1013   0.0485  -0.0318  -0.0245  -0.0009   0.0000   0.0002   0.0054    0.258
    66   0.5474   4.0565   0.7936  -0.1011   0.0475  -0.0323  -0.0249  -0.0009   0.0000  -0.0000   0.0053    0.248
    67   0.7617   3.9717   0.9441  -0.1006   0.0461  -0.0328  -0.0253  -0.0009   0.0000  -0.0003   0.0051    0.237
    68   1.0116   3.8728   1.0344  -0.0995   0.0445  -0.0333  -0.0257  -0.0010   0.0000  -0.0006   0.0050    0.226
    69   1.2891   3.7630   1.1046  -0.0975   0.0428  -0.0336  -0.0259  -0.0010   0.0000  -0.0009   0.0048    0.215
    70   1.5912   3.6435   1.1542  -0.0944   0.0410  -0.0336  -0.0259  -0.0010   0.0000  -0.0012   0.0045    0.205
    71   1.9146   3.5155   1.1831  -0.0897   0.0392  -0.0331  -0.0255  -0.0010   0.0000  -0.0014   0.0043    0.195
    72   2.2558   3.3805   1.1921  -0.0832   0.0375  -0.0319  -0.0246  -0.0010   0.0000  -0.0016   0.0039    0.185
    73   2.6109   3.2400   1.1821  -0.0749   0.0359  -0.0299  -0.0231  -0.0009   0.0000  -0.0017   0.0035    0.174
    74   2.9762   3.0955   1.1548  -0.0647   0.0345  -0.0271  -0.0209  -0.0008   0.0000  -0.0018   0.0029    0.163
    75   3.3476   2.9485   1.1122  -0.0530   0.0332  -0.0233  -0.0180  -0.0007   0.0000  -0.0018   0.0023    0.148
    76   3.7210   2.8008   1.0564  -0.0402   0.0321  -0.0186  -0.0143  -0.0006   0.0000  -0.0018   0.0016    0.127
    77   4.0924   2.6538   0.9900  -0.0269   0.0313  -0.0131  -0.0101  -0.0004   0.0000  -0.0016   0.0008    0.091
    78   4.4577   2.5093   0.9155  -0.0136   0.0306  -0.0070  -0.0054  -0.0002   0.0000  -0.0014  -0.0000   -0.005
    79   4.8128   2.3687   0.8353  -0.0012   0.0302  -0.0006  -0.0005  -0.0000   0.0000  -0.0011  -0.0008
    80   5.1540   2.2338   0.7518   0.0100   0.0300   0.0058   0.0045   0.0002   0.0000  -0.0007  -0.0015    0.405
    81   5.4774   2.1058   0.6671   0.0194   0.0300   0.0119   0.0092   0.0003   0.0000  -0.0002  -0.0022    0.275
    82   5.7795   1.9862   0.5830   0.0266   0.0300   0.0174   0.0134   0.0004   0.0000   0.0003  -0.0026    0.228
    83   6.0570   1.8764   0.5012   0.0315   0.0302   0.0218   0.0168   0.0005   0.0000   0.0009  -0.0028    0.198
    84   6.3069   1.7776   0.4225   0.0341   0.0303   0.0248   0.0192   0.0006   0.0000   0.0015  -0.0029    0.174
    85   6.5264   1.6907   0.3478   0.0344   0.0305   0.0263   0.0203   0.0006   0.0000   0.0020  -0.0027    0.152
    86   6.7314   1.6096   0.3326   0.0325   0.0307   0.0262   0.0202   0.0006   0.0000   0.0024  -0.0023    0.129
    87   6.9144   1.5372   0.2507   0.0281   0.0308   0.0237   0.0182   0.0005   0.0000   0.0026  -0.0017    0.106
    88   7.0535   1.4822   0.1746   0.0216   0.0309   0.0189   0.0145   0.0004   0.0000   0.0024  -0.0011    0.085
    89   7.1471   1.4451   0.1029   0.0136   0.0310   0.0122   0.0094   0.0002   0.0000   0.0017  -0.0006    0.069
    90   7.1941   1.4265   0.0340   0.0046   0.0311   0.0042   0.0032   0.0000   0.0000   0.0006  -0.0002    0.060

  Surface # 4     horizontal_stabilizer (YDUP)            
     # Chordwise = 10   # Spanwise = 30     First strip = 91
     Surface area =   20.744604       Ave. chord =    2.848572
     CLsurf  =  -0.00222     Clsurf  =  -0.00008
     CYsurf  =  -0.00037     Cmsurf  =   0.01001
     CDsurf  =  -0.00009     Cnsurf  =   0.00020
     CDisurf =  -0.00009     CDvsurf =   0.00000

  Forces referred to Ssurf, Cave about hinge axis thru LE
     CLsurf  =  -0.01354     CDsurf  =  -0.00053
     Deflect =

 Strip Forces referred to Strip Area, Chord
    j      Yle    Chord     Area     c cl      ai      cl_norm  cl       cd       cdv    cm_c/4    cm_LE  C.P.x/c
    91  -0.0047   4.2713   0.0803  -0.0982   0.0504  -0.0299  -0.0231   0.0012   0.0000   0.0006  -0.0054    0.278
    92  -0.0418   4.2566   0.2392  -0.1011   0.0502  -0.0308  -0.0237  -0.0007   0.0000   0.0006  -0.0056    0.276
    93  -0.1156   4.2274   0.3930  -0.1014   0.0498  -0.0311  -0.0240  -0.0008   0.0000   0.0005  -0.0056    0.272
    94  -0.2254   4.1839   0.5386  -0.1014   0.0493  -0.0314  -0.0242  -0.0009   0.0000   0.0004  -0.0055    0.266
    95  -0.3698   4.1268   0.6730  -0.1013   0.0485  -0.0318  -0.0245  -0.0009   0.0000   0.0002  -0.0054    0.258
    96  -0.5474   4.0565   0.7936  -0.1011   0.0475  -0.0323  -0.0249  -0.0009   0.0000  -0.0000  -0.0053    0.248
    97  -0.7617   3.9717   0.9441  -0.1006   0.0461  -0.0328  -0.0253  -0.0009   0.0000  -0.0003  -0.0051    0.237
    98  -1.0116   3.8728   1.0344  -0.0995   0.0445  -0.0333  -0.0257  -0.0010   0.0000  -0.0006  -0.0050    0.226
    99  -1.2891   3.7630   1.1046  -0.0975   0.0428  -0.0336  -0.0259  -0.0010   0.0000  -0.0009  -0.0048    0.215
   100  -1.5912   3.6435   1.1542  -0.0944   0.0410  -0.0336  -0.0259  -0.0010   0.0000  -0.0012  -0.0045    0.205
   101  -1.9146   3.5155   1.1831  -0.0897   0.0392  -0.0331  -0.0255  -0.0010   0.0000  -0.0014  -0.0043    0.195
   102  -2.2558   3.3805   1.1921  -0.0832   0.0375  -0.0319  -0.0246  -0.0010   0.0000  -0.0016  -0.0039    0.185
   103  -2.6109   3.2400   1.1821  -0.0748   0.0359  -0.0299  -0.0231  -0.0009   0.0000  -0.0017  -0.0035    0.174
   104  -2.9762   3.0955   1.1548  -0.0647   0.0345  -0.0271  -0.0209  -0.0008   0.0000  -0.0018  -0.0029    0.163
   105  -3.3476   2.9485   1.1122  -0.0530   0.0332  -0.0233  -0.0180  -0.0007   0.0000  -0.0018  -0.0023    0.148
   106  -3.7210   2.8008   1.0564  -0.0402   0.0321  -0.0186  -0.0143  -0.0006   0.0000  -0.0018  -0.0016    0.127
   107  -4.0924   2.6538   0.9900  -0.0268   0.0313  -0.0131  -0.0101  -0.0004   0.0000  -0.0016  -0.0008    0.091
   108  -4.4577   2.5093   0.9155  -0.0136   0.0306  -0.0070  -0.0054  -0.0002   0.0000  -0.0014   0.0000   -0.005
   109  -4.8128   2.3687   0.8353  -0.0012   0.0302  -0.0006  -0.0005  -0.0000   0.0000  -0.0011   0.0008
   110  -5.1540   2.2338   0.7518   0.0100   0.0300   0.0058   0.0045   0.0002   0.0000  -0.0007   0.0015    0.405
   111  -5.4774   2.1058   0.6671   0.0194   0.0300   0.0119   0.0092   0.0003   0.0000  -0.0002   0.0022    0.275
   112  -5.7795   1.9862   0.5830   0.0266   0.0300   0.0174   0.0134   0.0004   0.0000   0.0003   0.0026    0.228
   113  -6.0570   1.8764   0.5012   0.0315   0.0302   0.0218   0.0168   0.0005   0.0000   0.0009   0.0028    0.198
   114  -6.3069   1.7776   0.4225   0.0341   0.0303   0.0248   0.0192   0.0006   0.0000   0.0015   0.0029    0.174
   115  -6.5264   1.6907   0.3478   0.0344   0.0305   0.0263   0.0203   0.0006   0.0000   0.0020   0.0027    0.152
   116  -6.7314   1.6096   0.3326   0.0325   0.0307   0.0262   0.0202   0.0006   0.0000   0.0024   0.0023    0.129
   117  -6.9144   1.5372   0.2507   0.0281   0.0308   0.0237   0.0182   0.0005   0.0000   0.0026   0.0017    0.106
   118  -7.0535   1.4822   0.1746   0.0216   0.0309   0.0189   0.0145   0.0004   0.0000   0.0024   0.0011    0.085
   119  -7.1471   1.4451   0.1029   0.0136   0.0310   0.0122   0.0094   0.0002   0.0000   0.0017   0.0006    0.069
   120  -7.1941   1.4265   0.0340   0.0046   0.0311   0.0042   0.0032   0.0000   0.0000   0.0006   0.0002    0.060

  Surface # 5     vertical_stabilizer                     
     # Chordwise = 10   # Spanwise = 30     First strip =121
     Surface area =   34.910358       Ave. chord =    4.190919
     CLsurf  =   0.00000     Clsurf  =   0.00000
     CYsurf  =   0.00000     Cmsurf  =  -0.00000
     CDsurf  =  -0.00000     Cnsurf  =  -0.00000
     CDisurf =  -0.00000     CDvsurf =   0.00000

  Forces referred to Ssurf, Cave about hinge axis thru LE
     CLsurf  =  -0.00000     CDsurf  =  -0.00000
     Deflect =

 Strip Forces referred to Strip Area, Chord
    j      Yle    Chord     Area     c cl      ai      cl_norm  cl       cd       cdv    cm_c/4    cm_LE  C.P.x/c
   121   0.0000  10.0347   0.6931  -0.0000  -0.0000  -0.0000  -0.0000   0.0000   0.0000  -0.0000   0.0000    0.130
   122   0.0000   9.8296   1.1101  -0.0000  -0.0000  -0.0000  -0.0000   0.0000   0.0000  -0.0000   0.0000    0.116
   123   0.0000   9.5266   1.4857  -0.0000  -0.0000  -0.0000  -0.0000  -0.0000   0.0000  -0.0000   0.0000    0.102
   124   0.0000   9.1281   1.8040  -0.0000   0.0000  -0.0000  -0.0000  -0.0000   0.0000  -0.0000   0.0000    0.094
   125   0.0000   8.6377   2.0517  -0.0000   0.0000  -0.0000  -0.0000  -0.0000   0.0000  -0.0000   0.0000    0.078
   126   0.0000   8.0598   2.2181  -0.0000   0.0000  -0.0000  -0.0000  -0.0000   0.0000  -0.0000   0.0000    0.074
   127   0.0000   7.4000   2.2957  -0.0000   0.0000  -0.0000  -0.0000  -0.0000   0.0000  -0.0000   0.0000    0.095
   128   0.0000   6.6646   2.2808  -0.0000   0.0000  -0.0000  -0.0000  -0.0000   0.0000  -0.0000   0.0000    0.121
   129   0.0000   5.8609   2.1733  -0.0000  -0.0000  -0.0000  -0.0000  -0.0000   0.0000  -0.0000   0.0000    0.139
   130   0.0000   4.9969   1.9773  -0.0000  -0.0000  -0.0000  -0.0000  -0.0000   0.0000  -0.0000   0.0000    0.131
   131   0.0000   4.4389   1.6667  -0.0000  -0.0000  -0.0000  -0.0000  -0.0000   0.0000  -0.0000   0.0000    0.111
   132   0.0000   4.2198   1.6478  -0.0000  -0.0000  -0.0000  -0.0000  -0.0000   0.0000  -0.0000   0.0000    0.121
   133   0.0000   3.9932   1.6033  -0.0000  -0.0000  -0.0000  -0.0000  -0.0000   0.0000  -0.0000   0.0000    0.146
   134   0.0000   3.7615   1.5362  -0.0000   0.0000  -0.0000  -0.0000  -0.0000   0.0000  -0.0000   0.0000    0.166
   135   0.0000   3.5271   1.4499  -0.0000   0.0000  -0.0000  -0.0000  -0.0000   0.0000  -0.0000   0.0000    0.190
   136   0.0000   3.2923   1.3482  -0.0000   0.0000  -0.0000  -0.0000  -0.0000   0.0000  -0.0000   0.0000    0.196
   137   0.0000   3.0597   1.2352  -0.0000   0.0000  -0.0000  -0.0000  -0.0000   0.0000  -0.0000   0.0000    0.201
   138   0.0000   2.8315   1.1147  -0.0000  -0.0000  -0.0000  -0.0000  -0.0000   0.0000  -0.0000   0.0000    0.207
   139   0.0000   2.6103   0.9908  -0.0000   0.0000  -0.0000  -0.0000  -0.0000   0.0000  -0.0000   0.0000    0.210
   140   0.0000   2.3983   0.8670  -0.0000   0.0000  -0.0000  -0.0000  -0.0000   0.0000  -0.0000   0.0000    0.208
   141   0.0000   2.1977   0.7464  -0.0000  -0.0000  -0.0000  -0.0000  -0.0000   0.0000  -0.0000   0.0000    0.208
   142   0.0000   2.0106   0.6318  -0.0000   0.0000  -0.0000  -0.0000  -0.0000   0.0000  -0.0000   0.0000    0.199
   143   0.0000   1.8390   0.5251  -0.0000  -0.0000  -0.0000  -0.0000  -0.0000   0.0000  -0.0000   0.0000    0.194
   144   0.0000   1.6847   0.4276  -0.0000  -0.0000  -0.0000  -0.0000  -0.0000   0.0000  -0.0000   0.0000    0.183
   145   0.0000   1.5493   0.3400  -0.0000   0.0000  -0.0000  -0.0000  -0.0000   0.0000  -0.0000   0.0000    0.166
   146   0.0000   1.4342   0.2622  -0.0000  -0.0000  -0.0000  -0.0000  -0.0000   0.0000  -0.0000   0.0000    0.144
   147   0.0000   1.3407   0.1933  -0.0000   0.0000  -0.0000  -0.0000  -0.0000   0.0000  -0.0000   0.0000    0.127
   148   0.0000   1.2696   0.1322  -0.0000  -0.0000  -0.0000  -0.0000  -0.0000   0.0000  -0.0000   0.0000    0.102
   149   0.0000   1.2218   0.0769  -0.0000  -0.0000  -0.0000  -0.0000  -0.0000   0.0000  -0.0000   0.0000    0.083
   150   0.0000   1.1978   0.0252  -0.0000   0.0000  -0.0000  -0.0000  -0.0000   0.0000  -0.0000   0.0000    0.075

  Surface # 6     fuselage_horizontal                     
     # Chordwise = 10   # Spanwise = 10     First strip =151
     Surface area =  123.841202       Ave. chord =   33.112617
     CLsurf  =  -0.00071     Clsurf  =  -0.00000
     CYsurf  =   0.00000     Cmsurf  =   0.01262
     CDsurf  =  -0.00008     Cnsurf  =  -0.00000
     CDisurf =  -0.00008     CDvsurf =   0.00000

  Forces referred to Ssurf, Cave about hinge axis thru LE
     CLsurf  =  -0.00072     CDsurf  =  -0.00008
     Deflect =

 Strip Forces referred to Strip Area, Chord
    j      Yle    Chord     Area     c cl      ai      cl_norm  cl       cd       cdv    cm_c/4    cm_LE  C.P.x/c
   151  -1.6830  26.5957   9.9468  -0.0357   0.0503  -0.0163  -0.0013  -0.0008   0.0000   0.0017   0.0003    1.514
   152  -1.3090  31.2096  11.6724  -0.0350   0.0583  -0.0043  -0.0011  -0.0003   0.0000   0.0018   0.0005    1.891
   153  -0.9350  34.0626  12.7394  -0.0240   0.0683  -0.0017  -0.0007  -0.0000   0.0000   0.0017   0.0006
   154  -0.5610  36.1619  13.5246  -0.0146   0.0743  -0.0007  -0.0004   0.0002   0.0000   0.0017   0.0008
   155  -0.1870  37.5332  14.0374  -0.0095   0.0774  -0.0003  -0.0003   0.0003   0.0000   0.0016   0.0012
   156   0.1870  37.5332  14.0374  -0.0095   0.0774  -0.0003  -0.0003   0.0003   0.0000   0.0016   0.0012
   157   0.5610  36.1619  13.5246  -0.0146   0.0743  -0.0007  -0.0004   0.0002   0.0000   0.0017   0.0008
   158   0.9350  34.0626  12.7394  -0.0240   0.0683  -0.0017  -0.0007  -0.0000   0.0000   0.0017   0.0006
   159   1.3090  31.2096  11.6724  -0.0350   0.0583  -0.0043  -0.0011  -0.0003   0.0000   0.0018   0.0005    1.891
   160   1.6830  26.5957   9.9468  -0.0357   0.0503  -0.0163  -0.0013  -0.0008   0.0000   0.0017   0.0003    1.514

  Surface # 7     fuselage_vertical                       
     # Chordwise = 10   # Spanwise = 10     First strip =161
     Surface area =  123.841202       Ave. chord =   33.112617
     CLsurf  =   0.00000     Clsurf  =   0.00000
     CYsurf  =   0.00000     Cmsurf  =  -0.00000
     CDsurf  =   0.00000     Cnsurf  =  -0.00000
     CDisurf =   0.00000     CDvsurf =   0.00000

  Forces referred to Ssurf, Cave about hinge axis thru LE
     CLsurf  =  -0.00000     CDsurf  =   0.00000
     Deflect =

 Strip Forces referred to Strip Area, Chord
    j      Yle    Chord     Area     c cl      ai      cl_norm  cl       cd       cdv    cm_c/4    cm_LE  C.P.x/c
   161   0.0000  26.5957   9.9468  -0.0000  -0.0000  -0.0000  -0.0000   0.0000   0.0000   0.0000   0.0000
   162   0.0000  31.2096  11.6724  -0.0000  -0.0000  -0.0000  -0.0000  -0.0000   0.0000   0.0000   0.0000    0.579
   163   0.0000  34.0626  12.7394  -0.0000  -0.0000  -0.0000  -0.0000  -0.0000   0.0000   0.0000   0.0000    0.555
   164   0.0000  36.1619  13.5246  -0.0000   0.0000  -0.0000  -0.0000  -0.0000   0.0000   0.0000   0.0000    0.550
   165   0.0000  37.5332  14.0374  -0.0000   0.0000  -0.0000  -0.0000   0.0000   0.0000   0.0000   0.0000    0.556
   166   0.0000  37.5332  14.0374  -0.0000   0.0000  -0.0000  -0.0000  -0.0000   0.0000   0.0000   0.0000    0.579
   167   0.0000  36.1619  13.5246  -0.0000   0.0000  -0.0000  -0.0000   0.0000   0.0000   0.0000   0.0000    0.587
   168   0.0000  34.0626  12.7394  -0.0000   0.0000  -0.0000  -0.0000   0.0000   0.0000   0.0000   0.0000    0.562
   169   0.0000  31.2096  11.6724  -0.0000   0.0000  -0.0000  -0.0000  -0.0000   0.0000   0.0000   0.0000    0.540
   170   0.0000  26.5957   9.9468  -0.0000  -0.0000  -0.0000  -0.0000   0.0000   0.0000   0.0000   0.0000    0.574
 ---------------------------------------------------------------
