 ---------------------------------------------------------------
 Surface and Strip Forces by surface

  Forces referred to Sref, Cref, Bref about Xref, Yref, Zref
 Standard axis orientation,  X fwd, Z down         

  Surface # 1     main_wing                               
     # Chordwise = 10   # Spanwise = 30     First strip =  1
     Surface area =   63.968842       Ave. chord =    3.715026
     CLsurf  =   0.29626     Clsurf  =  -0.05685
     CYsurf  =  -0.01748     Cmsurf  =  -0.26228
     CDsurf  =   0.00779     Cnsurf  =  -0.00309
     CDisurf =   0.00779     CDvsurf =   0.00000

  Forces referred to Ssurf, Cave about hinge axis thru LE
     CLsurf  =   0.57924     CDsurf  =   0.01520
     Deflect =

 Strip Forces referred to Strip Area, Chord
    j      Yle    Chord     Area     c cl      ai      cl_norm  cl       cd       cdv    cm_c/4    cm_LE  C.P.x/c
     1   0.0114   7.7520   0.3539   3.9051   0.1375   0.6095   0.4719   0.3861   0.0000  -0.0267  -0.1251    0.307
     2   0.1025   7.6885   1.0491   3.6437   0.1371   0.6056   0.4688   0.0787   0.0000  -0.0267  -0.1190    0.307
     3   0.2837   7.5620   1.7073   3.6197   0.1359   0.6140   0.4753   0.0594   0.0000  -0.0248  -0.1185    0.302
     4   0.5530   7.3741   2.3052   3.6006   0.1332   0.6273   0.4857   0.0513   0.0000  -0.0220  -0.1181    0.295
     5   0.9075   7.1267   2.8223   3.5704   0.1281   0.6443   0.4988   0.0472   0.0000  -0.0189  -0.1183    0.288
     6   1.3432   6.8226   3.2414   3.5171   0.1183   0.6640   0.5140   0.0397   0.0000  -0.0162  -0.1190    0.282
     7   1.8554   6.4651   3.5491   3.4352   0.1006   0.6856   0.5308   0.0297   0.0000  -0.0142  -0.1206    0.277
     8   2.4386   6.0582   3.7368   3.3239   0.0824   0.7084   0.5484   0.0266   0.0000  -0.0129  -0.1231    0.273
     9   3.0862   5.6062   3.8005   3.1804   0.0702   0.7332   0.5676   0.0211   0.0000  -0.0124  -0.1266    0.272
    10   3.7613   5.1351   3.4440   3.0110   0.0588   0.7584   0.5871   0.0175   0.0000  -0.0125  -0.1306    0.271
    11   4.4532   4.6522   3.3149   2.8333   0.0461   0.7889   0.6107   0.0078   0.0000  -0.0128  -0.1355    0.271
    12   5.1831   4.1429   3.0930   2.6293   0.0274   0.8230   0.6371   0.0001   0.0000  -0.0123  -0.1404    0.269
    13   6.0123   3.7903   3.4706   2.4313   0.0152   0.7895   0.6442  -0.0037   0.0000  -0.0101  -0.1533    0.266
    14   6.9353   3.6075   3.3775   2.2774   0.0148   0.7769   0.6339  -0.0025   0.0000  -0.0107  -0.1515    0.267
    15   7.8737   3.4215   3.2389   2.1402   0.0127   0.7697   0.6281  -0.0023   0.0000  -0.0114  -0.1509    0.268
    16   8.8172   3.2345   3.0619   2.0122   0.0112   0.7655   0.6247  -0.0025   0.0000  -0.0123  -0.1509    0.270
    17   9.7556   3.0486   2.8543   1.8892   0.0108   0.7626   0.6223  -0.0027   0.0000  -0.0134  -0.1514    0.272
    18  10.6786   2.8657   2.6239   1.7707   0.0112   0.7604   0.6205  -0.0030   0.0000  -0.0146  -0.1520    0.274
    19  11.5760   2.6879   2.3787   1.6563   0.0121   0.7584   0.6189  -0.0035   0.0000  -0.0158  -0.1527    0.276
    20  12.4328   2.5181   2.1010   1.5471   0.0141   0.7562   0.6171  -0.0036   0.0000  -0.0164  -0.1528    0.277
    21  13.2400   2.3582   1.8520   1.4420   0.0174   0.7526   0.6141  -0.0032   0.0000  -0.0161  -0.1519    0.276
    22  13.9941   2.2087   1.6074   1.3374   0.0218   0.7452   0.6081  -0.0030   0.0000  -0.0153  -0.1498    0.275
    23  14.6868   2.0715   1.3716   1.2295   0.0277   0.7304   0.5960  -0.0026   0.0000  -0.0138  -0.1458    0.273
    24  15.3105   1.9479   1.1479   1.1134   0.0352   0.7034   0.5740  -0.0020   0.0000  -0.0115  -0.1389    0.270
    25  15.8583   1.8393   0.9381   0.9823   0.0439   0.6571   0.5362  -0.0008   0.0000  -0.0089  -0.1281    0.267
    26  16.3244   1.7470   0.7427   0.8300   0.0526   0.5841   0.4767   0.0029   0.0000  -0.0096  -0.1154    0.270
    27  16.6722   1.4928   0.4131   0.6626   0.0611   1.5022   0.4466  -0.0111   0.0000  -0.0103  -0.0591    0.273
    28  16.9098   1.1466   0.2292   0.4910   0.0723   1.4542   0.4323  -0.0271   0.0000   0.0071  -0.0492    0.233
    29  17.0696   0.9138   0.1104   0.3033   0.0813   1.1326   0.3367  -0.0389   0.0000   0.0243  -0.0296    0.178
    30  17.1499   0.7967   0.0322   0.1027   0.0862   0.4439   0.1319  -0.0285   0.0000   0.0165  -0.0082    0.125

  Surface # 2     main_wing (YDUP)                        
     # Chordwise = 10   # Spanwise = 30     First strip = 31
     Surface area =   63.968842       Ave. chord =    3.715026
     CLsurf  =   0.29626     Clsurf  =   0.05685
     CYsurf  =   0.01748     Cmsurf  =  -0.26228
     CDsurf  =   0.00779     Cnsurf  =   0.00309
     CDisurf =   0.00779     CDvsurf =   0.00000

  Forces referred to Ssurf, Cave about hinge axis thru LE
     CLsurf  =   0.57924     CDsurf  =   0.01520
     Deflect =

 Strip Forces referred to Strip Area, Chord
    j      Yle    Chord     Area     c cl      ai      cl_norm  cl       cd       cdv    cm_c/4    cm_LE  C.P.x/c
    31  -0.0114   7.7520   0.3539   3.9051   0.1374   0.6095   0.4719   0.3861   0.0000  -0.0267   0.1251    0.307
    32  -0.1025   7.6885   1.0491   3.6437   0.1371   0.6056   0.4688   0.0787   0.0000  -0.0267   0.1190    0.307
    33  -0.2837   7.5620   1.7073   3.6197   0.1359   0.6140   0.4753   0.0594   0.0000  -0.0248   0.1185    0.302
    34  -0.5530   7.3741   2.3052   3.6006   0.1332   0.6273   0.4857   0.0513   0.0000  -0.0220   0.1181    0.295
    35  -0.9075   7.1267   2.8223   3.5704   0.1281   0.6443   0.4988   0.0472   0.0000  -0.0189   0.1183    0.288
    36  -1.3432   6.8226   3.2414   3.5171   0.1183   0.6640   0.5140   0.0397   0.0000  -0.0162   0.1190    0.282
    37  -1.8554   6.4651   3.5491   3.4352   0.1006   0.6856   0.5308   0.0297   0.0000  -0.0142   0.1206    0.277
    38  -2.4386   6.0582   3.7368   3.3239   0.0824   0.7084   0.5484   0.0266   0.0000  -0.0129   0.1231    0.273
    39  -3.0862   5.6062   3.8005   3.1804   0.0702   0.7332   0.5676   0.0211   0.0000  -0.0124   0.1266    0.272
    40  -3.7613   5.1351   3.4440   3.0110   0.0588   0.7584   0.5871   0.0175   0.0000  -0.0125   0.1306    0.271
    41  -4.4532   4.6522   3.3149   2.8333   0.0461   0.7889   0.6107   0.0078   0.0000  -0.0128   0.1355    0.271
    42  -5.1831   4.1429   3.0930   2.6293   0.0274   0.8230   0.6371   0.0001   0.0000  -0.0123   0.1404    0.269
    43  -6.0123   3.7903   3.4706   2.4313   0.0152   0.7895   0.6442  -0.0037   0.0000  -0.0101   0.1533    0.266
    44  -6.9353   3.6075   3.3775   2.2774   0.0148   0.7769   0.6339  -0.0025   0.0000  -0.0107   0.1515    0.267
    45  -7.8737   3.4215   3.2389   2.1402   0.0127   0.7697   0.6281  -0.0023   0.0000  -0.0114   0.1509    0.268
    46  -8.8172   3.2345   3.0619   2.0122   0.0112   0.7655   0.6247  -0.0025   0.0000  -0.0123   0.1509    0.270
    47  -9.7556   3.0486   2.8543   1.8892   0.0108   0.7626   0.6223  -0.0027   0.0000  -0.0134   0.1514    0.272
    48 -10.6786   2.8657   2.6239   1.7707   0.0112   0.7604   0.6205  -0.0030   0.0000  -0.0146   0.1520    0.274
    49 -11.5760   2.6879   2.3787   1.6563   0.0121   0.7584   0.6189  -0.0035   0.0000  -0.0158   0.1527    0.276
    50 -12.4328   2.5181   2.1010   1.5471   0.0141   0.7562   0.6171  -0.0036   0.0000  -0.0164   0.1528    0.277
    51 -13.2400   2.3582   1.8520   1.4420   0.0174   0.7526   0.6141  -0.0032   0.0000  -0.0161   0.1519    0.276
    52 -13.9941   2.2087   1.6074   1.3374   0.0218   0.7452   0.6081  -0.0030   0.0000  -0.0153   0.1498    0.275
    53 -14.6868   2.0715   1.3716   1.2295   0.0277   0.7304   0.5960  -0.0026   0.0000  -0.0138   0.1458    0.273
    54 -15.3105   1.9479   1.1479   1.1134   0.0352   0.7034   0.5740  -0.0020   0.0000  -0.0115   0.1388    0.270
    55 -15.8583   1.8393   0.9381   0.9823   0.0439   0.6571   0.5362  -0.0008   0.0000  -0.0089   0.1281    0.267
    56 -16.3244   1.7470   0.7427   0.8300   0.0526   0.5841   0.4767   0.0029   0.0000  -0.0096   0.1154    0.270
    57 -16.6722   1.4928   0.4131   0.6626   0.0611   1.5022   0.4466  -0.0111   0.0000  -0.0103   0.0591    0.273
    58 -16.9098   1.1466   0.2292   0.4910   0.0723   1.4541   0.4323  -0.0271   0.0000   0.0071   0.0492    0.233
    59 -17.0696   0.9138   0.1104   0.3033   0.0813   1.1326   0.3367  -0.0389   0.0000   0.0243   0.0296    0.178
    60 -17.1499   0.7967   0.0322   0.1027   0.0862   0.4439   0.1319  -0.0285   0.0000   0.0165   0.0082    0.125

  Surface # 3     horizontal_stabilizer                   
     # Chordwise = 10   # Spanwise = 30     First strip = 61
     Surface area =   20.744604       Ave. chord =    2.848572
     CLsurf  =   0.02596     Clsurf  =  -0.00278
     CYsurf  =  -0.00412     Cmsurf  =  -0.12696
     CDsurf  =   0.00148     Cnsurf  =   0.00234
     CDisurf =   0.00148     CDvsurf =   0.00000

  Forces referred to Ssurf, Cave about hinge axis thru LE
     CLsurf  =   0.15818     CDsurf  =   0.00894
     Deflect =

 Strip Forces referred to Strip Area, Chord
    j      Yle    Chord     Area     c cl      ai      cl_norm  cl       cd       cdv    cm_c/4    cm_LE  C.P.x/c
    61   0.0047   4.2713   0.0803   0.5452   0.0899   0.1630   0.1249   0.0374   0.0000  -0.0072  -0.0336    0.308
    62   0.0418   4.2566   0.2392   0.5039   0.0901   0.1539   0.1179   0.0109   0.0000  -0.0071  -0.0316    0.310
    63   0.1156   4.2274   0.3930   0.5009   0.0901   0.1542   0.1181   0.0092   0.0000  -0.0068  -0.0313    0.307
    64   0.2254   4.1839   0.5386   0.5002   0.0896   0.1557   0.1192   0.0088   0.0000  -0.0062  -0.0310    0.302
    65   0.3698   4.1268   0.6730   0.5003   0.0887   0.1579   0.1209   0.0087   0.0000  -0.0054  -0.0307    0.295
    66   0.5474   4.0565   0.7936   0.5002   0.0872   0.1606   0.1230   0.0087   0.0000  -0.0046  -0.0305    0.288
    67   0.7617   3.9717   0.9441   0.5001   0.0849   0.1640   0.1256   0.0087   0.0000  -0.0039  -0.0305    0.281
    68   1.0116   3.8728   1.0344   0.4993   0.0817   0.1680   0.1287   0.0086   0.0000  -0.0032  -0.0305    0.275
    69   1.2891   3.7630   1.1046   0.4988   0.0777   0.1727   0.1323   0.0087   0.0000  -0.0026  -0.0309    0.270
    70   1.5912   3.6435   1.1542   0.4980   0.0734   0.1781   0.1364   0.0087   0.0000  -0.0022  -0.0314    0.266
    71   1.9146   3.5155   1.1831   0.4972   0.0690   0.1843   0.1412   0.0089   0.0000  -0.0018  -0.0320    0.262
    72   2.2558   3.3805   1.1921   0.4963   0.0650   0.1914   0.1466   0.0090   0.0000  -0.0014  -0.0329    0.260
    73   2.6109   3.2400   1.1821   0.4955   0.0617   0.1994   0.1527   0.0092   0.0000  -0.0011  -0.0340    0.257
    74   2.9762   3.0955   1.1548   0.4945   0.0591   0.2083   0.1595   0.0093   0.0000  -0.0008  -0.0352    0.255
    75   3.3476   2.9485   1.1122   0.4929   0.0572   0.2180   0.1670   0.0095   0.0000  -0.0005  -0.0365    0.253
    76   3.7210   2.8008   1.0564   0.4901   0.0558   0.2282   0.1748   0.0096   0.0000  -0.0001  -0.0379    0.251
    77   4.0924   2.6538   0.9900   0.4858   0.0548   0.2388   0.1829   0.0096   0.0000   0.0003  -0.0393    0.248
    78   4.4577   2.5093   0.9155   0.4794   0.0543   0.2492   0.1909   0.0097   0.0000   0.0008  -0.0406    0.246
    79   4.8128   2.3687   0.8353   0.4700   0.0541   0.2589   0.1983   0.0096   0.0000   0.0014  -0.0417    0.243
    80   5.1540   2.2338   0.7518   0.4573   0.0545   0.2672   0.2047   0.0095   0.0000   0.0022  -0.0424    0.239
    81   5.4774   2.1058   0.6671   0.4407   0.0553   0.2732   0.2092   0.0093   0.0000   0.0032  -0.0426    0.235
    82   5.7795   1.9862   0.5830   0.4196   0.0567   0.2759   0.2113   0.0088   0.0000   0.0044  -0.0420    0.229
    83   6.0570   1.8764   0.5012   0.3940   0.0584   0.2742   0.2100   0.0084   0.0000   0.0059  -0.0405    0.222
    84   6.3069   1.7776   0.4225   0.3632   0.0604   0.2668   0.2044   0.0078   0.0000   0.0076  -0.0378    0.213
    85   6.5264   1.6907   0.3478   0.3270   0.0626   0.2527   0.1935   0.0069   0.0000   0.0095  -0.0338    0.201
    86   6.7314   1.6096   0.3326   0.2833   0.0648   0.2300   0.1762   0.0058   0.0000   0.0114  -0.0285    0.185
    87   6.9144   1.5372   0.2507   0.2293   0.0669   0.1950   0.1494   0.0045   0.0000   0.0125  -0.0218    0.166
    88   7.0535   1.4822   0.1746   0.1688   0.0687   0.1489   0.1141   0.0029   0.0000   0.0119  -0.0147    0.146
    89   7.1471   1.4451   0.1029   0.1034   0.0699   0.0936   0.0717   0.0014   0.0000   0.0088  -0.0081    0.127
    90   7.1941   1.4265   0.0340   0.0348   0.0705   0.0320   0.0245  -0.0002   0.0000   0.0033  -0.0025    0.117

  Surface # 4     horizontal_stabilizer (YDUP)            
     # Chordwise = 10   # Spanwise = 30     First strip = 91
     Surface area =   20.744604       Ave. chord =    2.848572
     CLsurf  =   0.02596     Clsurf  =   0.00278
     CYsurf  =   0.00412     Cmsurf  =  -0.12696
     CDsurf  =   0.00148     Cnsurf  =  -0.00234
     CDisurf =   0.00148     CDvsurf =   0.00000

  Forces referred to Ssurf, Cave about hinge axis thru LE
     CLsurf  =   0.15818     CDsurf  =   0.00894
     Deflect =

 Strip Forces referred to Strip Area, Chord
    j      Yle    Chord     Area     c cl      ai      cl_norm  cl       cd       cdv    cm_c/4    cm_LE  C.P.x/c
    91  -0.0047   4.2713   0.0803   0.5452   0.0899   0.1630   0.1249   0.0374   0.0000  -0.0072   0.0336    0.308
    92  -0.0418   4.2566   0.2392   0.5039   0.0901   0.1539   0.1179   0.0109   0.0000  -0.0071   0.0316    0.310
    93  -0.1156   4.2274   0.3930   0.5009   0.0901   0.1542   0.1181   0.0092   0.0000  -0.0068   0.0313    0.307
    94  -0.2254   4.1839   0.5386   0.5002   0.0896   0.1557   0.1192   0.0088   0.0000  -0.0062   0.0310    0.302
    95  -0.3698   4.1268   0.6730   0.5003   0.0887   0.1579   0.1209   0.0087   0.0000  -0.0054   0.0307    0.295
    96  -0.5474   4.0565   0.7936   0.5002   0.0872   0.1606   0.1230   0.0087   0.0000  -0.0046   0.0305    0.288
    97  -0.7617   3.9717   0.9441   0.5001   0.0849   0.1640   0.1256   0.0087   0.0000  -0.0039   0.0305    0.281
    98  -1.0116   3.8728   1.0344   0.4993   0.0817   0.1680   0.1287   0.0086   0.0000  -0.0032   0.0305    0.275
    99  -1.2891   3.7630   1.1046   0.4988   0.0777   0.1727   0.1323   0.0087   0.0000  -0.0026   0.0309    0.270
   100  -1.5912   3.6435   1.1542   0.4980   0.0734   0.1781   0.1364   0.0087   0.0000  -0.0022   0.0314    0.266
   101  -1.9146   3.5155   1.1831   0.4972   0.0690   0.1843   0.1412   0.0089   0.0000  -0.0018   0.0320    0.262
   102  -2.2558   3.3805   1.1921   0.4963   0.0650   0.1914   0.1466   0.0090   0.0000  -0.0014   0.0329    0.260
   103  -2.6109   3.2400   1.1821   0.4955   0.0617   0.1994   0.1527   0.0092   0.0000  -0.0011   0.0340    0.257
   104  -2.9762   3.0955   1.1548   0.4945   0.0591   0.2083   0.1595   0.0093   0.0000  -0.0008   0.0352    0.255
   105  -3.3476   2.9485   1.1122   0.4929   0.0572   0.2180   0.1670   0.0095   0.0000  -0.0005   0.0365    0.253
   106  -3.7210   2.8008   1.0564   0.4901   0.0558   0.2282   0.1748   0.0096   0.0000  -0.0001   0.0379    0.251
   107  -4.0924   2.6538   0.9900   0.4858   0.0548   0.2388   0.1829   0.0096   0.0000   0.0003   0.0393    0.248
   108  -4.4577   2.5093   0.9155   0.4794   0.0543   0.2492   0.1909   0.0097   0.0000   0.0008   0.0406    0.246
   109  -4.8128   2.3687   0.8353   0.4700   0.0541   0.2589   0.1983   0.0096   0.0000   0.0014   0.0417    0.243
   110  -5.1540   2.2338   0.7518   0.4573   0.0545   0.2672   0.2047   0.0095   0.0000   0.0022   0.0424    0.239
   111  -5.4774   2.1058   0.6671   0.4407   0.0553   0.2732   0.2092   0.0093   0.0000   0.0032   0.0426    0.235
   112  -5.7795   1.9862   0.5830   0.4196   0.0567   0.2759   0.2113   0.0088   0.0000   0.0044   0.0420    0.229
   113  -6.0570   1.8764   0.5012   0.3940   0.0584   0.2742   0.2100   0.0084   0.0000   0.0059   0.0405    0.222
   114  -6.3069   1.7776   0.4225   0.3632   0.0604   0.2668   0.2044   0.0078   0.0000   0.0076   0.0378    0.213
   115  -6.5264   1.6907   0.3478   0.3270   0.0626   0.2527   0.1935   0.0069   0.0000   0.0095   0.0338    0.201
   116  -6.7314   1.6096   0.3326   0.2833   0.0648   0.2300   0.1762   0.0058   0.0000   0.0114   0.0285    0.185
   117  -6.9144   1.5372   0.2507   0.2293   0.0669   0.1950   0.1494   0.0045   0.0000   0.0125   0.0218    0.166
   118  -7.0535   1.4822   0.1746   0.1688   0.0687   0.1489   0.1141   0.0029   0.0000   0.0119   0.0147    0.146
   119  -7.1471   1.4451   0.1029   0.1034   0.0699   0.0936   0.0717   0.0014   0.0000   0.0088   0.0081    0.127
   120  -7.1941   1.4265   0.0340   0.0348   0.0705   0.0320   0.0245  -0.0002   0.0000   0.0033   0.0025    0.117

  Surface # 5     vertical_stabilizer                     
     # Chordwise = 10   # Spanwise = 30     First strip =121
     Surface area =   34.910358       Ave. chord =    4.190919
     CLsurf  =   0.00000     Clsurf  =   0.00000
     CYsurf  =   0.00000     Cmsurf  =  -0.00000
     CDsurf  =  -0.00000     Cnsurf  =  -0.00000
     CDisurf =  -0.00000     CDvsurf =   0.00000

  Forces referred to Ssurf, Cave about hinge axis thru LE
     CLsurf  =  -0.00000     CDsurf  =  -0.00000
     Deflect =

 Strip Forces referred to Strip Area, Chord
    j      Yle    Chord     Area     c cl      ai      cl_norm  cl       cd       cdv    cm_c/4    cm_LE  C.P.x/c
   121   0.0000  10.0347   0.6931  -0.0000  -0.0000  -0.0000  -0.0000   0.0000   0.0000   0.0000   0.0000    0.305
   122   0.0000   9.8296   1.1101  -0.0000  -0.0000  -0.0000  -0.0000   0.0000   0.0000   0.0000   0.0000    0.304
   123   0.0000   9.5266   1.4857  -0.0000  -0.0000  -0.0000  -0.0000   0.0000   0.0000   0.0000   0.0000    0.304
   124   0.0000   9.1281   1.8040  -0.0000   0.0000  -0.0000  -0.0000   0.0000   0.0000   0.0000   0.0000    0.313
   125   0.0000   8.6377   2.0517  -0.0000   0.0000  -0.0000  -0.0000   0.0000   0.0000   0.0000   0.0000    0.311
   126   0.0000   8.0598   2.2181  -0.0000   0.0000  -0.0000  -0.0000  -0.0000   0.0000   0.0000   0.0000    0.314
   127   0.0000   7.4000   2.2957  -0.0000   0.0000  -0.0000  -0.0000   0.0000   0.0000   0.0000   0.0000    0.323
   128   0.0000   6.6646   2.2808  -0.0000   0.0000  -0.0000  -0.0000   0.0000   0.0000   0.0000   0.0000    0.316
   129   0.0000   5.8609   2.1733  -0.0000   0.0000  -0.0000  -0.0000   0.0000   0.0000   0.0000   0.0000    0.299
   130   0.0000   4.9969   1.9773  -0.0000   0.0000  -0.0000  -0.0000  -0.0000   0.0000   0.0000   0.0000    0.268
   131   0.0000   4.4389   1.6667  -0.0000   0.0000  -0.0000  -0.0000  -0.0000   0.0000  -0.0000   0.0000    0.241
   132   0.0000   4.2198   1.6478  -0.0000   0.0000  -0.0000  -0.0000  -0.0000   0.0000  -0.0000   0.0000    0.242
   133   0.0000   3.9932   1.6033  -0.0000   0.0000  -0.0000  -0.0000  -0.0000   0.0000  -0.0000   0.0000    0.244
   134   0.0000   3.7615   1.5362  -0.0000   0.0000  -0.0000  -0.0000  -0.0000   0.0000  -0.0000   0.0000    0.232
   135   0.0000   3.5271   1.4499  -0.0000   0.0000  -0.0000  -0.0000  -0.0000   0.0000  -0.0000   0.0000    0.236
   136   0.0000   3.2923   1.3482  -0.0000   0.0000  -0.0000  -0.0000  -0.0000   0.0000  -0.0000   0.0000    0.239
   137   0.0000   3.0597   1.2352  -0.0000   0.0000  -0.0000  -0.0000  -0.0000   0.0000  -0.0000   0.0000    0.232
   138   0.0000   2.8315   1.1147  -0.0000   0.0000  -0.0000  -0.0000  -0.0000   0.0000  -0.0000   0.0000    0.234
   139   0.0000   2.6103   0.9908  -0.0000   0.0000  -0.0000  -0.0000  -0.0000   0.0000  -0.0000   0.0000    0.234
   140   0.0000   2.3983   0.8670  -0.0000   0.0000  -0.0000  -0.0000  -0.0000   0.0000  -0.0000   0.0000    0.233
   141   0.0000   2.1977   0.7464  -0.0000   0.0000  -0.0000  -0.0000  -0.0000   0.0000  -0.0000   0.0000    0.231
   142   0.0000   2.0106   0.6318  -0.0000   0.0000  -0.0000  -0.0000  -0.0000   0.0000  -0.0000   0.0000    0.227
   143   0.0000   1.8390   0.5251  -0.0000   0.0000  -0.0000  -0.0000  -0.0000   0.0000  -0.0000   0.0000    0.228
   144   0.0000   1.6847   0.4276  -0.0000   0.0000  -0.0000  -0.0000  -0.0000   0.0000  -0.0000   0.0000    0.217
   145   0.0000   1.5493   0.3400  -0.0000   0.0000  -0.0000  -0.0000  -0.0000   0.0000  -0.0000   0.0000    0.204
   146   0.0000   1.4342   0.2622  -0.0000   0.0000  -0.0000  -0.0000  -0.0000   0.0000  -0.0000   0.0000    0.187
   147   0.0000   1.3407   0.1933  -0.0000   0.0000  -0.0000  -0.0000  -0.0000   0.0000  -0.0000   0.0000    0.169
   148   0.0000   1.2696   0.1322  -0.0000   0.0000  -0.0000  -0.0000  -0.0000   0.0000  -0.0000   0.0000    0.148
   149   0.0000   1.2218   0.0769  -0.0000   0.0000  -0.0000  -0.0000  -0.0000   0.0000  -0.0000   0.0000    0.130
   150   0.0000   1.1978   0.0252  -0.0000   0.0000  -0.0000  -0.0000  -0.0000   0.0000  -0.0000   0.0000    0.116

  Surface # 6     fuselage_horizontal                     
     # Chordwise = 10   # Spanwise = 10     First strip =151
     Surface area =  123.841202       Ave. chord =   33.112617
     CLsurf  =   0.00638     Clsurf  =   0.00000
     CYsurf  =   0.00000     Cmsurf  =   0.04705
     CDsurf  =  -0.00023     Cnsurf  =  -0.00000
     CDisurf =  -0.00023     CDvsurf =   0.00000

  Forces referred to Ssurf, Cave about hinge axis thru LE
     CLsurf  =   0.00643     CDsurf  =  -0.00023
     Deflect =

 Strip Forces referred to Strip Area, Chord
    j      Yle    Chord     Area     c cl      ai      cl_norm  cl       cd       cdv    cm_c/4    cm_LE  C.P.x/c
   151  -1.6830  26.5957   9.9468   0.1397   0.1257   0.0630   0.0054  -0.0019   0.0000   0.0037   0.0003   -0.429
   152  -1.3090  31.2096  11.6724   0.2030   0.1368   0.0251   0.0066  -0.0007   0.0000   0.0045   0.0007   -0.428
   153  -0.9350  34.0626  12.7394   0.2265   0.1307   0.0162   0.0067  -0.0002   0.0000   0.0052   0.0012   -0.523
   154  -0.5610  36.1619  13.5246   0.2400   0.1294   0.0111   0.0066   0.0002   0.0000   0.0055   0.0017   -0.577
   155  -0.1870  37.5332  14.0374   0.2476   0.1305   0.0076   0.0066   0.0008   0.0000   0.0056   0.0027   -0.599
   156   0.1870  37.5332  14.0374   0.2476   0.1305   0.0076   0.0066   0.0008   0.0000   0.0056   0.0027   -0.599
   157   0.5610  36.1619  13.5246   0.2400   0.1294   0.0111   0.0066   0.0002   0.0000   0.0055   0.0017   -0.577
   158   0.9350  34.0626  12.7394   0.2265   0.1307   0.0162   0.0067  -0.0002   0.0000   0.0052   0.0012   -0.523
   159   1.3090  31.2096  11.6724   0.2030   0.1368   0.0251   0.0066  -0.0007   0.0000   0.0045   0.0007   -0.428
   160   1.6830  26.5957   9.9468   0.1397   0.1257   0.0630   0.0054  -0.0019   0.0000   0.0037   0.0003   -0.429

  Surface # 7     fuselage_vertical                       
     # Chordwise = 10   # Spanwise = 10     First strip =161
     Surface area =  123.841202       Ave. chord =   33.112617
     CLsurf  =   0.00000     Clsurf  =  -0.00000
     CYsurf  =   0.00000     Cmsurf  =  -0.00000
     CDsurf  =   0.00000     Cnsurf  =  -0.00000
     CDisurf =   0.00000     CDvsurf =   0.00000

  Forces referred to Ssurf, Cave about hinge axis thru LE
     CLsurf  =  -0.00000     CDsurf  =   0.00000
     Deflect =

 Strip Forces referred to Strip Area, Chord
    j      Yle    Chord     Area     c cl      ai      cl_norm  cl       cd       cdv    cm_c/4    cm_LE  C.P.x/c
   161   0.0000  26.5957   9.9468  -0.0000  -0.0000  -0.0000  -0.0000   0.0000   0.0000   0.0000   0.0000
   162   0.0000  31.2096  11.6724  -0.0000  -0.0000  -0.0000  -0.0000  -0.0000   0.0000  -0.0000  -0.0000    0.026
   163   0.0000  34.0626  12.7394  -0.0000  -0.0000  -0.0000  -0.0000  -0.0000   0.0000  -0.0000  -0.0000    0.174
   164   0.0000  36.1619  13.5246  -0.0000   0.0000  -0.0000  -0.0000   0.0000   0.0000   0.0000   0.0000    0.253
   165   0.0000  37.5332  14.0374  -0.0000  -0.0000  -0.0000  -0.0000  -0.0000   0.0000   0.0000   0.0000    0.336
   166   0.0000  37.5332  14.0374  -0.0000   0.0000  -0.0000  -0.0000   0.0000   0.0000   0.0000   0.0000    0.510
   167   0.0000  36.1619  13.5246  -0.0000  -0.0000  -0.0000  -0.0000  -0.0000   0.0000   0.0000   0.0000    0.561
   168   0.0000  34.0626  12.7394  -0.0000   0.0000  -0.0000  -0.0000   0.0000   0.0000   0.0000   0.0000    0.596
   169   0.0000  31.2096  11.6724  -0.0000   0.0000  -0.0000  -0.0000  -0.0000   0.0000   0.0000   0.0000    0.627
   170   0.0000  26.5957   9.9468  -0.0000  -0.0000  -0.0000  -0.0000   0.0000   0.0000   0.0000   0.0000    0.697
 ---------------------------------------------------------------
