 ---------------------------------------------------------------
 Surface and Strip Forces by surface

  Forces referred to Sref, Cref, Bref about Xref, Yref, Zref
 Standard axis orientation,  X fwd, Z down         

  Surface # 1     main_wing                               
     # Chordwise = 10   # Spanwise = 30     First strip =  1
     Surface area =   63.968842       Ave. chord =    3.715026
     CLsurf  =   0.09424     Clsurf  =  -0.01520
     CYsurf  =  -0.00639     Cmsurf  =  -0.07480
     CDsurf  =   0.00123     Cnsurf  =   0.00071
     CDisurf =   0.00123     CDvsurf =   0.00000

  Forces referred to Ssurf, Cave about hinge axis thru LE
     CLsurf  =   0.18437     CDsurf  =   0.00241
     Deflect =

 Strip Forces referred to Strip Area, Chord
    j      Yle    Chord     Area     c cl      ai      cl_norm  cl       cd       cdv    cm_c/4    cm_LE  C.P.x/c
     1   0.0114   7.7520   0.3539   1.6236   0.0480   0.2700   0.2094   0.0748   0.0000  -0.0119  -0.0524    0.307
     2   0.1025   7.6885   1.0491   1.5735   0.0474   0.2639   0.2047   0.0167   0.0000  -0.0118  -0.0513    0.308
     3   0.2837   7.5620   1.7073   1.5660   0.0461   0.2670   0.2071   0.0128   0.0000  -0.0111  -0.0512    0.304
     4   0.5530   7.3741   2.3052   1.5539   0.0437   0.2717   0.2107   0.0110   0.0000  -0.0100  -0.0511    0.298
     5   0.9075   7.1267   2.8223   1.5303   0.0406   0.2768   0.2147   0.0097   0.0000  -0.0089  -0.0510    0.292
     6   1.3432   6.8226   3.2414   1.4900   0.0383   0.2816   0.2184   0.0081   0.0000  -0.0081  -0.0511    0.287
     7   1.8554   6.4651   3.5491   1.4289   0.0402   0.2850   0.2210   0.0059   0.0000  -0.0076  -0.0512    0.284
     8   2.4386   6.0582   3.7368   1.3448   0.0403   0.2862   0.2220   0.0046   0.0000  -0.0076  -0.0514    0.284
     9   3.0862   5.6062   3.8005   1.2378   0.0316   0.2847   0.2208   0.0026   0.0000  -0.0081  -0.0516    0.287
    10   3.7613   5.1351   3.4440   1.1138   0.0213   0.2797   0.2169   0.0012   0.0000  -0.0089  -0.0514    0.291
    11   4.4532   4.6522   3.3149   0.9901   0.0117   0.2744   0.2128  -0.0004   0.0000  -0.0094  -0.0510    0.294
    12   5.1831   4.1429   3.0930   0.8551  -0.0008   0.2661   0.2064  -0.0019   0.0000  -0.0104  -0.0505    0.300
    13   6.0123   3.7903   3.4706   0.7345  -0.0076   0.2360   0.1938  -0.0023   0.0000  -0.0110  -0.0528    0.307
    14   6.9353   3.6075   3.3775   0.6470  -0.0048   0.2184   0.1793  -0.0018   0.0000  -0.0118  -0.0503    0.316
    15   7.8737   3.4215   3.2389   0.5760  -0.0029   0.2050   0.1683  -0.0014   0.0000  -0.0127  -0.0487    0.325
    16   8.8172   3.2345   3.0619   0.5160  -0.0018   0.1943   0.1595  -0.0012   0.0000  -0.0137  -0.0476    0.336
    17   9.7556   3.0486   2.8543   0.4640  -0.0013   0.1854   0.1522  -0.0011   0.0000  -0.0149  -0.0471    0.348
    18  10.6786   2.8657   2.6239   0.4187  -0.0011   0.1779   0.1461  -0.0010   0.0000  -0.0163  -0.0469    0.362
    19  11.5760   2.6879   2.3787   0.3792  -0.0011   0.1718   0.1411  -0.0009   0.0000  -0.0177  -0.0471    0.376
    20  12.4328   2.5181   2.1010   0.3462  -0.0006   0.1675   0.1375  -0.0008   0.0000  -0.0186  -0.0471    0.385
    21  13.2400   2.3582   1.8520   0.3187   0.0006   0.1646   0.1352  -0.0007   0.0000  -0.0188  -0.0468    0.389
    22  13.9941   2.2087   1.6074   0.2941   0.0020   0.1622   0.1331  -0.0006   0.0000  -0.0189  -0.0463    0.392
    23  14.6868   2.0715   1.3716   0.2706   0.0038   0.1591   0.1307  -0.0004   0.0000  -0.0187  -0.0457    0.393
    24  15.3105   1.9479   1.1479   0.2467   0.0062   0.1542   0.1266  -0.0003   0.0000  -0.0183  -0.0444    0.395
    25  15.8583   1.8393   0.9381   0.2200   0.0089   0.1457   0.1196  -0.0002   0.0000  -0.0175  -0.0422    0.397
    26  16.3244   1.7470   0.7427   0.1884   0.0119   0.1313   0.1078  -0.0001   0.0000  -0.0165  -0.0386    0.403
    27  16.6722   1.4928   0.4131   0.1520   0.0144   0.3398   0.1018  -0.0005   0.0000  -0.0137  -0.0183    0.385
    28  16.9098   1.1466   0.2292   0.1137   0.0177   0.3310   0.0992  -0.0012   0.0000  -0.0091  -0.0159    0.342
    29  17.0696   0.9138   0.1104   0.0709   0.0207   0.2588   0.0775  -0.0017   0.0000  -0.0032  -0.0106    0.291
    30  17.1499   0.7967   0.0322   0.0241   0.0225   0.1011   0.0303  -0.0012   0.0000  -0.0001  -0.0036    0.253

  Surface # 2     main_wing (YDUP)                        
     # Chordwise = 10   # Spanwise = 30     First strip = 31
     Surface area =   63.968842       Ave. chord =    3.715026
     CLsurf  =   0.09424     Clsurf  =   0.01520
     CYsurf  =   0.00639     Cmsurf  =  -0.07480
     CDsurf  =   0.00123     Cnsurf  =  -0.00071
     CDisurf =   0.00123     CDvsurf =   0.00000

  Forces referred to Ssurf, Cave about hinge axis thru LE
     CLsurf  =   0.18437     CDsurf  =   0.00241
     Deflect =

 Strip Forces referred to Strip Area, Chord
    j      Yle    Chord     Area     c cl      ai      cl_norm  cl       cd       cdv    cm_c/4    cm_LE  C.P.x/c
    31  -0.0114   7.7520   0.3539   1.6236   0.0480   0.2700   0.2094   0.0748   0.0000  -0.0119   0.0524    0.307
    32  -0.1025   7.6885   1.0491   1.5735   0.0474   0.2639   0.2047   0.0167   0.0000  -0.0118   0.0513    0.308
    33  -0.2837   7.5620   1.7073   1.5660   0.0461   0.2670   0.2071   0.0128   0.0000  -0.0111   0.0512    0.304
    34  -0.5530   7.3741   2.3052   1.5539   0.0437   0.2717   0.2107   0.0110   0.0000  -0.0100   0.0511    0.298
    35  -0.9075   7.1267   2.8223   1.5303   0.0406   0.2768   0.2147   0.0097   0.0000  -0.0089   0.0510    0.292
    36  -1.3432   6.8226   3.2414   1.4900   0.0383   0.2816   0.2184   0.0081   0.0000  -0.0081   0.0511    0.287
    37  -1.8554   6.4651   3.5491   1.4289   0.0402   0.2850   0.2210   0.0059   0.0000  -0.0076   0.0512    0.284
    38  -2.4386   6.0582   3.7368   1.3448   0.0403   0.2862   0.2220   0.0046   0.0000  -0.0076   0.0514    0.284
    39  -3.0862   5.6062   3.8005   1.2378   0.0316   0.2847   0.2208   0.0026   0.0000  -0.0081   0.0516    0.287
    40  -3.7613   5.1351   3.4440   1.1138   0.0213   0.2797   0.2169   0.0012   0.0000  -0.0089   0.0514    0.291
    41  -4.4532   4.6522   3.3149   0.9901   0.0117   0.2744   0.2128  -0.0004   0.0000  -0.0094   0.0510    0.294
    42  -5.1831   4.1429   3.0930   0.8551  -0.0008   0.2661   0.2064  -0.0019   0.0000  -0.0104   0.0505    0.300
    43  -6.0123   3.7903   3.4706   0.7345  -0.0076   0.2360   0.1938  -0.0023   0.0000  -0.0110   0.0528    0.307
    44  -6.9353   3.6075   3.3775   0.6470  -0.0048   0.2184   0.1793  -0.0018   0.0000  -0.0118   0.0503    0.316
    45  -7.8737   3.4215   3.2389   0.5760  -0.0029   0.2050   0.1683  -0.0014   0.0000  -0.0127   0.0487    0.325
    46  -8.8172   3.2345   3.0619   0.5160  -0.0018   0.1943   0.1595  -0.0012   0.0000  -0.0137   0.0476    0.336
    47  -9.7556   3.0486   2.8543   0.4640  -0.0013   0.1854   0.1522  -0.0011   0.0000  -0.0149   0.0471    0.348
    48 -10.6786   2.8657   2.6239   0.4187  -0.0011   0.1779   0.1461  -0.0010   0.0000  -0.0163   0.0469    0.362
    49 -11.5760   2.6879   2.3787   0.3792  -0.0011   0.1718   0.1411  -0.0009   0.0000  -0.0177   0.0471    0.376
    50 -12.4328   2.5181   2.1010   0.3462  -0.0006   0.1675   0.1375  -0.0008   0.0000  -0.0186   0.0471    0.385
    51 -13.2400   2.3582   1.8520   0.3187   0.0006   0.1646   0.1352  -0.0007   0.0000  -0.0188   0.0468    0.389
    52 -13.9941   2.2087   1.6074   0.2941   0.0020   0.1622   0.1331  -0.0006   0.0000  -0.0189   0.0463    0.392
    53 -14.6868   2.0715   1.3716   0.2706   0.0038   0.1591   0.1307  -0.0004   0.0000  -0.0187   0.0457    0.393
    54 -15.3105   1.9479   1.1479   0.2467   0.0062   0.1542   0.1266  -0.0003   0.0000  -0.0183   0.0444    0.395
    55 -15.8583   1.8393   0.9381   0.2200   0.0089   0.1457   0.1196  -0.0002   0.0000  -0.0175   0.0422    0.397
    56 -16.3244   1.7470   0.7427   0.1884   0.0119   0.1313   0.1078  -0.0001   0.0000  -0.0165   0.0386    0.403
    57 -16.6722   1.4928   0.4131   0.1520   0.0144   0.3398   0.1018  -0.0005   0.0000  -0.0137   0.0183    0.385
    58 -16.9098   1.1466   0.2292   0.1137   0.0177   0.3310   0.0992  -0.0012   0.0000  -0.0091   0.0159    0.342
    59 -17.0696   0.9138   0.1104   0.0709   0.0207   0.2588   0.0775  -0.0017   0.0000  -0.0032   0.0106    0.291
    60 -17.1499   0.7967   0.0322   0.0241   0.0225   0.1011   0.0303  -0.0012   0.0000  -0.0001   0.0036    0.253

  Surface # 3     horizontal_stabilizer                   
     # Chordwise = 10   # Spanwise = 30     First strip = 61
     Surface area =   20.744604       Ave. chord =    2.848572
     CLsurf  =  -0.01275     Clsurf  =   0.00116
     CYsurf  =   0.00205     Cmsurf  =   0.06091
     CDsurf  =  -0.00018     Cnsurf  =  -0.00123
     CDisurf =  -0.00018     CDvsurf =   0.00000

  Forces referred to Ssurf, Cave about hinge axis thru LE
     CLsurf  =  -0.07772     CDsurf  =  -0.00111
     Deflect =

 Strip Forces referred to Strip Area, Chord
    j      Yle    Chord     Area     c cl      ai      cl_norm  cl       cd       cdv    cm_c/4    cm_LE  C.P.x/c
    61   0.0047   4.2713   0.0803  -0.3113   0.0112  -0.0940  -0.0729   0.0125   0.0000   0.0034   0.0183    0.297
    62   0.0418   4.2566   0.2392  -0.3306   0.0110  -0.1002  -0.0777   0.0003   0.0000   0.0032   0.0191    0.292
    63   0.1156   4.2274   0.3930  -0.3321   0.0107  -0.1013  -0.0786  -0.0005   0.0000   0.0030   0.0191    0.288
    64   0.2254   4.1839   0.5386  -0.3324   0.0104  -0.1025  -0.0795  -0.0008   0.0000   0.0025   0.0189    0.282
    65   0.3698   4.1268   0.6730  -0.3322   0.0101  -0.1038  -0.0805  -0.0009   0.0000   0.0020   0.0187    0.275
    66   0.5474   4.0565   0.7936  -0.3314   0.0098  -0.1054  -0.0817  -0.0010   0.0000   0.0015   0.0185    0.268
    67   0.7617   3.9717   0.9441  -0.3297   0.0097  -0.1071  -0.0830  -0.0011   0.0000   0.0009   0.0183    0.261
    68   1.0116   3.8728   1.0344  -0.3269   0.0097  -0.1089  -0.0844  -0.0013   0.0000   0.0005   0.0182    0.255
    69   1.2891   3.7630   1.1046  -0.3222   0.0100  -0.1105  -0.0856  -0.0014   0.0000   0.0001   0.0181    0.251
    70   1.5912   3.6435   1.1542  -0.3157   0.0105  -0.1118  -0.0867  -0.0014   0.0000  -0.0003   0.0180    0.247
    71   1.9146   3.5155   1.1831  -0.3071   0.0110  -0.1127  -0.0874  -0.0015   0.0000  -0.0005   0.0180    0.244
    72   2.2558   3.3805   1.1921  -0.2962   0.0112  -0.1130  -0.0876  -0.0015   0.0000  -0.0007   0.0179    0.242
    73   2.6109   3.2400   1.1821  -0.2829   0.0111  -0.1126  -0.0873  -0.0015   0.0000  -0.0008   0.0177    0.240
    74   2.9762   3.0955   1.1548  -0.2676   0.0106  -0.1115  -0.0864  -0.0015   0.0000  -0.0009   0.0175    0.240
    75   3.3476   2.9485   1.1122  -0.2506   0.0100  -0.1096  -0.0850  -0.0015   0.0000  -0.0009   0.0171    0.239
    76   3.7210   2.8008   1.0564  -0.2324   0.0092  -0.1070  -0.0830  -0.0014   0.0000  -0.0009   0.0167    0.239
    77   4.0924   2.6538   0.9900  -0.2134   0.0084  -0.1037  -0.0804  -0.0013   0.0000  -0.0009   0.0162    0.239
    78   4.4577   2.5093   0.9155  -0.1943   0.0077  -0.0999  -0.0774  -0.0012   0.0000  -0.0009   0.0156    0.238
    79   4.8128   2.3687   0.8353  -0.1755   0.0071  -0.0955  -0.0741  -0.0011   0.0000  -0.0009   0.0149    0.238
    80   5.1540   2.2338   0.7518  -0.1573   0.0064  -0.0908  -0.0704  -0.0010   0.0000  -0.0009   0.0141    0.237
    81   5.4774   2.1058   0.6671  -0.1400   0.0058  -0.0858  -0.0665  -0.0009   0.0000  -0.0010   0.0132    0.235
    82   5.7795   1.9862   0.5830  -0.1238   0.0052  -0.0804  -0.0623  -0.0008   0.0000  -0.0011   0.0122    0.232
    83   6.0570   1.8764   0.5012  -0.1084   0.0046  -0.0745  -0.0578  -0.0007   0.0000  -0.0013   0.0111    0.227
    84   6.3069   1.7776   0.4225  -0.0940   0.0040  -0.0682  -0.0529  -0.0006   0.0000  -0.0016   0.0098    0.220
    85   6.5264   1.6907   0.3478  -0.0802   0.0034  -0.0612  -0.0474  -0.0006   0.0000  -0.0019   0.0084    0.211
    86   6.7314   1.6096   0.3326  -0.0661   0.0028  -0.0530  -0.0411  -0.0005   0.0000  -0.0021   0.0069    0.198
    87   6.9144   1.5372   0.2507  -0.0514   0.0023  -0.0431  -0.0334  -0.0004   0.0000  -0.0023   0.0051    0.181
    88   7.0535   1.4822   0.1746  -0.0367   0.0018  -0.0319  -0.0247  -0.0003   0.0000  -0.0022   0.0034    0.162
    89   7.1471   1.4451   0.1029  -0.0220   0.0016  -0.0196  -0.0152  -0.0002   0.0000  -0.0016   0.0019    0.145
    90   7.1941   1.4265   0.0340  -0.0073   0.0014  -0.0066  -0.0051  -0.0001   0.0000  -0.0006   0.0006    0.136

  Surface # 4     horizontal_stabilizer (YDUP)            
     # Chordwise = 10   # Spanwise = 30     First strip = 91
     Surface area =   20.744604       Ave. chord =    2.848572
     CLsurf  =  -0.01275     Clsurf  =  -0.00116
     CYsurf  =  -0.00205     Cmsurf  =   0.06091
     CDsurf  =  -0.00018     Cnsurf  =   0.00123
     CDisurf =  -0.00018     CDvsurf =   0.00000

  Forces referred to Ssurf, Cave about hinge axis thru LE
     CLsurf  =  -0.07772     CDsurf  =  -0.00111
     Deflect =

 Strip Forces referred to Strip Area, Chord
    j      Yle    Chord     Area     c cl      ai      cl_norm  cl       cd       cdv    cm_c/4    cm_LE  C.P.x/c
    91  -0.0047   4.2713   0.0803  -0.3113   0.0112  -0.0940  -0.0729   0.0125   0.0000   0.0034  -0.0183    0.297
    92  -0.0418   4.2566   0.2392  -0.3306   0.0110  -0.1002  -0.0777   0.0003   0.0000   0.0032  -0.0191    0.292
    93  -0.1156   4.2274   0.3930  -0.3321   0.0107  -0.1013  -0.0786  -0.0005   0.0000   0.0030  -0.0191    0.288
    94  -0.2254   4.1839   0.5386  -0.3324   0.0104  -0.1025  -0.0795  -0.0008   0.0000   0.0025  -0.0189    0.282
    95  -0.3698   4.1268   0.6730  -0.3322   0.0101  -0.1038  -0.0805  -0.0009   0.0000   0.0020  -0.0187    0.275
    96  -0.5474   4.0565   0.7936  -0.3314   0.0098  -0.1054  -0.0817  -0.0010   0.0000   0.0015  -0.0185    0.268
    97  -0.7617   3.9717   0.9441  -0.3297   0.0097  -0.1071  -0.0830  -0.0011   0.0000   0.0009  -0.0183    0.261
    98  -1.0116   3.8728   1.0344  -0.3269   0.0097  -0.1089  -0.0844  -0.0013   0.0000   0.0005  -0.0182    0.255
    99  -1.2891   3.7630   1.1046  -0.3222   0.0100  -0.1105  -0.0856  -0.0014   0.0000   0.0001  -0.0181    0.251
   100  -1.5912   3.6435   1.1542  -0.3157   0.0105  -0.1118  -0.0867  -0.0014   0.0000  -0.0003  -0.0180    0.247
   101  -1.9146   3.5155   1.1831  -0.3071   0.0110  -0.1127  -0.0874  -0.0015   0.0000  -0.0005  -0.0180    0.244
   102  -2.2558   3.3805   1.1921  -0.2962   0.0112  -0.1130  -0.0876  -0.0015   0.0000  -0.0007  -0.0179    0.242
   103  -2.6109   3.2400   1.1821  -0.2829   0.0111  -0.1126  -0.0873  -0.0015   0.0000  -0.0008  -0.0177    0.240
   104  -2.9762   3.0955   1.1548  -0.2676   0.0106  -0.1115  -0.0864  -0.0015   0.0000  -0.0009  -0.0175    0.240
   105  -3.3476   2.9485   1.1122  -0.2506   0.0100  -0.1096  -0.0850  -0.0015   0.0000  -0.0009  -0.0171    0.239
   106  -3.7210   2.8008   1.0564  -0.2324   0.0092  -0.1070  -0.0830  -0.0014   0.0000  -0.0009  -0.0167    0.239
   107  -4.0924   2.6538   0.9900  -0.2134   0.0084  -0.1037  -0.0804  -0.0013   0.0000  -0.0009  -0.0162    0.239
   108  -4.4577   2.5093   0.9155  -0.1943   0.0077  -0.0999  -0.0774  -0.0012   0.0000  -0.0009  -0.0156    0.238
   109  -4.8128   2.3687   0.8353  -0.1755   0.0071  -0.0955  -0.0741  -0.0011   0.0000  -0.0009  -0.0149    0.238
   110  -5.1540   2.2338   0.7518  -0.1573   0.0064  -0.0908  -0.0704  -0.0010   0.0000  -0.0009  -0.0141    0.237
   111  -5.4774   2.1058   0.6671  -0.1400   0.0058  -0.0858  -0.0665  -0.0009   0.0000  -0.0010  -0.0132    0.235
   112  -5.7795   1.9862   0.5830  -0.1238   0.0052  -0.0804  -0.0623  -0.0008   0.0000  -0.0011  -0.0122    0.232
   113  -6.0570   1.8764   0.5012  -0.1084   0.0046  -0.0745  -0.0578  -0.0007   0.0000  -0.0013  -0.0111    0.227
   114  -6.3069   1.7776   0.4225  -0.0940   0.0040  -0.0682  -0.0529  -0.0006   0.0000  -0.0016  -0.0098    0.220
   115  -6.5264   1.6907   0.3478  -0.0802   0.0034  -0.0612  -0.0474  -0.0006   0.0000  -0.0019  -0.0084    0.211
   116  -6.7314   1.6096   0.3326  -0.0661   0.0028  -0.0530  -0.0411  -0.0005   0.0000  -0.0021  -0.0069    0.198
   117  -6.9144   1.5372   0.2507  -0.0514   0.0023  -0.0431  -0.0334  -0.0004   0.0000  -0.0023  -0.0051    0.181
   118  -7.0535   1.4822   0.1746  -0.0367   0.0018  -0.0319  -0.0247  -0.0003   0.0000  -0.0022  -0.0034    0.162
   119  -7.1471   1.4451   0.1029  -0.0220   0.0016  -0.0196  -0.0152  -0.0002   0.0000  -0.0016  -0.0019    0.145
   120  -7.1941   1.4265   0.0340  -0.0073   0.0014  -0.0066  -0.0051  -0.0001   0.0000  -0.0006  -0.0006    0.136

  Surface # 5     vertical_stabilizer                     
     # Chordwise = 10   # Spanwise = 30     First strip =121
     Surface area =   34.910358       Ave. chord =    4.190919
     CLsurf  =   0.00000     Clsurf  =   0.00000
     CYsurf  =   0.00000     Cmsurf  =  -0.00000
     CDsurf  =  -0.00000     Cnsurf  =  -0.00000
     CDisurf =  -0.00000     CDvsurf =   0.00000

  Forces referred to Ssurf, Cave about hinge axis thru LE
     CLsurf  =  -0.00000     CDsurf  =  -0.00000
     Deflect =

 Strip Forces referred to Strip Area, Chord
    j      Yle    Chord     Area     c cl      ai      cl_norm  cl       cd       cdv    cm_c/4    cm_LE  C.P.x/c
   121   0.0000  10.0347   0.6931  -0.0000  -0.0000  -0.0000  -0.0000   0.0000   0.0000  -0.0000  -0.0000   -0.332
   122   0.0000   9.8296   1.1101  -0.0000  -0.0000  -0.0000  -0.0000  -0.0000   0.0000  -0.0000  -0.0000   -0.337
   123   0.0000   9.5266   1.4857  -0.0000  -0.0000  -0.0000  -0.0000   0.0000   0.0000  -0.0000  -0.0000   -0.483
   124   0.0000   9.1281   1.8040  -0.0000   0.0000  -0.0000  -0.0000  -0.0000   0.0000  -0.0000  -0.0000   -0.734
   125   0.0000   8.6377   2.0517  -0.0000   0.0000  -0.0000  -0.0000   0.0000   0.0000  -0.0000  -0.0000   -0.909
   126   0.0000   8.0598   2.2181  -0.0000  -0.0000  -0.0000  -0.0000  -0.0000   0.0000  -0.0000  -0.0000
   127   0.0000   7.4000   2.2957  -0.0000  -0.0000  -0.0000  -0.0000  -0.0000   0.0000  -0.0000  -0.0000   -0.846
   128   0.0000   6.6646   2.2808  -0.0000  -0.0000  -0.0000  -0.0000  -0.0000   0.0000  -0.0000  -0.0000   -0.808
   129   0.0000   5.8609   2.1733  -0.0000   0.0000  -0.0000  -0.0000  -0.0000   0.0000  -0.0000  -0.0000   -0.682
   130   0.0000   4.9969   1.9773  -0.0000   0.0000  -0.0000  -0.0000  -0.0000   0.0000  -0.0000  -0.0000   -0.413
   131   0.0000   4.4389   1.6667  -0.0000  -0.0000  -0.0000  -0.0000  -0.0000   0.0000  -0.0000  -0.0000   -0.336
   132   0.0000   4.2198   1.6478  -0.0000  -0.0000  -0.0000  -0.0000  -0.0000   0.0000  -0.0000  -0.0000   -0.185
   133   0.0000   3.9932   1.6033  -0.0000  -0.0000  -0.0000  -0.0000  -0.0000   0.0000  -0.0000  -0.0000   -0.079
   134   0.0000   3.7615   1.5362  -0.0000  -0.0000  -0.0000  -0.0000  -0.0000   0.0000  -0.0000  -0.0000   -0.041
   135   0.0000   3.5271   1.4499  -0.0000  -0.0000  -0.0000  -0.0000  -0.0000   0.0000  -0.0000   0.0000    0.008
   136   0.0000   3.2923   1.3482  -0.0000  -0.0000  -0.0000  -0.0000  -0.0000   0.0000  -0.0000   0.0000    0.078
   137   0.0000   3.0597   1.2352  -0.0000  -0.0000  -0.0000  -0.0000  -0.0000   0.0000  -0.0000   0.0000    0.098
   138   0.0000   2.8315   1.1147  -0.0000  -0.0000  -0.0000  -0.0000  -0.0000   0.0000  -0.0000   0.0000    0.129
   139   0.0000   2.6103   0.9908  -0.0000  -0.0000  -0.0000  -0.0000  -0.0000   0.0000  -0.0000   0.0000    0.147
   140   0.0000   2.3983   0.8670  -0.0000  -0.0000  -0.0000  -0.0000   0.0000   0.0000  -0.0000   0.0000    0.155
   141   0.0000   2.1977   0.7464  -0.0000   0.0000  -0.0000  -0.0000  -0.0000   0.0000  -0.0000   0.0000    0.185
   142   0.0000   2.0106   0.6318  -0.0000  -0.0000  -0.0000  -0.0000  -0.0000   0.0000  -0.0000   0.0000    0.196
   143   0.0000   1.8390   0.5251  -0.0000  -0.0000  -0.0000  -0.0000  -0.0000   0.0000  -0.0000   0.0000    0.202
   144   0.0000   1.6847   0.4276  -0.0000   0.0000  -0.0000  -0.0000  -0.0000   0.0000  -0.0000   0.0000    0.186
   145   0.0000   1.5493   0.3400  -0.0000   0.0000  -0.0000  -0.0000  -0.0000   0.0000  -0.0000   0.0000    0.185
   146   0.0000   1.4342   0.2622  -0.0000  -0.0000  -0.0000  -0.0000  -0.0000   0.0000  -0.0000   0.0000    0.173
   147   0.0000   1.3407   0.1933  -0.0000   0.0000  -0.0000  -0.0000  -0.0000   0.0000  -0.0000   0.0000    0.161
   148   0.0000   1.2696   0.1322  -0.0000  -0.0000  -0.0000  -0.0000  -0.0000   0.0000  -0.0000   0.0000    0.129
   149   0.0000   1.2218   0.0769  -0.0000  -0.0000  -0.0000  -0.0000  -0.0000   0.0000  -0.0000   0.0000    0.126
   150   0.0000   1.1978   0.0252  -0.0000   0.0000  -0.0000  -0.0000  -0.0000   0.0000  -0.0000   0.0000    0.103

  Surface # 6     fuselage_horizontal                     
     # Chordwise = 10   # Spanwise = 10     First strip =151
     Surface area =  123.841202       Ave. chord =   33.112617
     CLsurf  =  -0.00510     Clsurf  =   0.00000
     CYsurf  =  -0.00000     Cmsurf  =  -0.00355
     CDsurf  =   0.00002     Cnsurf  =   0.00000
     CDisurf =   0.00002     CDvsurf =   0.00000

  Forces referred to Ssurf, Cave about hinge axis thru LE
     CLsurf  =  -0.00514     CDsurf  =   0.00002
     Deflect =

 Strip Forces referred to Strip Area, Chord
    j      Yle    Chord     Area     c cl      ai      cl_norm  cl       cd       cdv    cm_c/4    cm_LE  C.P.x/c
   151  -1.6830  26.5957   9.9468  -0.1337  -0.0066  -0.0634  -0.0050  -0.0001   0.0000   0.0008   0.0003    0.414
   152  -1.3090  31.2096  11.6724  -0.1743  -0.0001  -0.0218  -0.0056   0.0000   0.0000   0.0007   0.0005    0.376
   153  -0.9350  34.0626  12.7394  -0.1815   0.0138  -0.0130  -0.0053   0.0000   0.0000   0.0003   0.0006    0.313
   154  -0.5610  36.1619  13.5246  -0.1812   0.0217  -0.0084  -0.0050   0.0001   0.0000   0.0001   0.0006    0.268
   155  -0.1870  37.5332  14.0374  -0.1802   0.0253  -0.0056  -0.0048   0.0001   0.0000  -0.0000   0.0008    0.245
   156   0.1870  37.5332  14.0374  -0.1802   0.0253  -0.0056  -0.0048   0.0001   0.0000  -0.0000   0.0008    0.245
   157   0.5610  36.1619  13.5246  -0.1812   0.0217  -0.0084  -0.0050   0.0001   0.0000   0.0001   0.0006    0.268
   158   0.9350  34.0626  12.7394  -0.1815   0.0138  -0.0130  -0.0053   0.0000   0.0000   0.0003   0.0006    0.313
   159   1.3090  31.2096  11.6724  -0.1743  -0.0001  -0.0218  -0.0056   0.0000   0.0000   0.0007   0.0005    0.376
   160   1.6830  26.5957   9.9468  -0.1337  -0.0066  -0.0634  -0.0050  -0.0001   0.0000   0.0008   0.0003    0.414

  Surface # 7     fuselage_vertical                       
     # Chordwise = 10   # Spanwise = 10     First strip =161
     Surface area =  123.841202       Ave. chord =   33.112617
     CLsurf  =  -0.00000     Clsurf  =   0.00000
     CYsurf  =   0.00000     Cmsurf  =   0.00000
     CDsurf  =   0.00000     Cnsurf  =  -0.00000
     CDisurf =   0.00000     CDvsurf =   0.00000

  Forces referred to Ssurf, Cave about hinge axis thru LE
     CLsurf  =  -0.00000     CDsurf  =   0.00000
     Deflect =

 Strip Forces referred to Strip Area, Chord
    j      Yle    Chord     Area     c cl      ai      cl_norm  cl       cd       cdv    cm_c/4    cm_LE  C.P.x/c
   161   0.0000  26.5957   9.9468  -0.0000  -0.0000  -0.0000  -0.0000  -0.0000   0.0000   0.0000   0.0000    1.071
   162   0.0000  31.2096  11.6724  -0.0000  -0.0000  -0.0000  -0.0000  -0.0000   0.0000   0.0000   0.0000    0.665
   163   0.0000  34.0626  12.7394  -0.0000  -0.0000  -0.0000  -0.0000   0.0000   0.0000   0.0000   0.0000    0.642
   164   0.0000  36.1619  13.5246  -0.0000   0.0000  -0.0000  -0.0000   0.0000   0.0000   0.0000   0.0000    0.633
   165   0.0000  37.5332  14.0374  -0.0000   0.0000  -0.0000  -0.0000   0.0000   0.0000   0.0000   0.0000    0.621
   166   0.0000  37.5332  14.0374  -0.0000  -0.0000  -0.0000  -0.0000   0.0000   0.0000   0.0000   0.0000    0.591
   167   0.0000  36.1619  13.5246  -0.0000   0.0000  -0.0000  -0.0000   0.0000   0.0000   0.0000   0.0000    0.571
   168   0.0000  34.0626  12.7394  -0.0000   0.0000  -0.0000  -0.0000  -0.0000   0.0000   0.0000   0.0000    0.539
   169   0.0000  31.2096  11.6724  -0.0000  -0.0000  -0.0000  -0.0000   0.0000   0.0000   0.0000   0.0000    0.495
   170   0.0000  26.5957   9.9468  -0.0000  -0.0000  -0.0000  -0.0000  -0.0000   0.0000   0.0000   0.0000    0.475
 ---------------------------------------------------------------
