 ---------------------------------------------------------------
 Surface and Strip Forces by surface

  Forces referred to Sref, Cref, Bref about Xref, Yref, Zref
 Standard axis orientation,  X fwd, Z down         

  Surface # 1     main_wing                               
     # Chordwise = 10   # Spanwise = 30     First strip =  1
     Surface area =   63.968842       Ave. chord =    3.715026
     CLsurf  =   0.35316     Clsurf  =  -0.06908
     CYsurf  =  -0.02181     Cmsurf  =  -0.32067
     CDsurf  =   0.01085     Cnsurf  =  -0.00379
     CDisurf =   0.01085     CDvsurf =   0.00000

  Forces referred to Ssurf, Cave about hinge axis thru LE
     CLsurf  =   0.69063     CDsurf  =   0.02117
     Deflect =

 Strip Forces referred to Strip Area, Chord
    j      Yle    Chord     Area     c cl      ai      cl_norm  cl       cd       cdv    cm_c/4    cm_LE  C.P.x/c
     1   0.0114   7.7520   0.3539   4.5787   0.1438   0.7003   0.5421   0.5794   0.0000  -0.0397  -0.1534    0.323
     2   0.1025   7.6885   1.0491   4.1701   0.1435   0.6914   0.5352   0.1054   0.0000  -0.0387  -0.1428    0.322
     3   0.2837   7.5620   1.7073   4.1346   0.1423   0.7005   0.5423   0.0750   0.0000  -0.0368  -0.1422    0.318
     4   0.5530   7.3741   2.3052   4.1134   0.1398   0.7158   0.5542   0.0662   0.0000  -0.0336  -0.1419    0.311
     5   0.9075   7.1267   2.8223   4.0813   0.1348   0.7358   0.5696   0.0600   0.0000  -0.0300  -0.1420    0.303
     6   1.3432   6.8226   3.2414   4.0296   0.1252   0.7597   0.5881   0.0544   0.0000  -0.0266  -0.1429    0.295
     7   1.8554   6.4651   3.5491   3.9475   0.1079   0.7868   0.6091   0.0430   0.0000  -0.0237  -0.1447    0.289
     8   2.4386   6.0582   3.7368   3.8351   0.0900   0.8167   0.6322   0.0369   0.0000  -0.0216  -0.1476    0.284
     9   3.0862   5.6062   3.8005   3.6884   0.0781   0.8498   0.6578   0.0294   0.0000  -0.0206  -0.1518    0.281
    10   3.7613   5.1351   3.4440   3.5187   0.0668   0.8858   0.6857   0.0241   0.0000  -0.0200  -0.1570    0.279
    11   4.4532   4.6522   3.3149   3.3544   0.0540   0.9332   0.7224   0.0162   0.0000  -0.0187  -0.1633    0.276
    12   5.1831   4.1429   3.0930   3.1328   0.0350   0.9803   0.7589   0.0024   0.0000  -0.0182  -0.1701    0.274
    13   6.0123   3.7903   3.4706   2.9132   0.0222   0.9457   0.7717  -0.0017   0.0000  -0.0143  -0.1856    0.268
    14   6.9353   3.6075   3.3775   2.7482   0.0220   0.9372   0.7648  -0.0011   0.0000  -0.0143  -0.1841    0.269
    15   7.8737   3.4215   3.2389   2.5983   0.0199   0.9343   0.7624  -0.0015   0.0000  -0.0148  -0.1840    0.269
    16   8.8172   3.2345   3.0619   2.4560   0.0183   0.9343   0.7624  -0.0023   0.0000  -0.0157  -0.1848    0.271
    17   9.7556   3.0486   2.8543   2.3170   0.0180   0.9353   0.7632  -0.0033   0.0000  -0.0169  -0.1860    0.272
    18  10.6786   2.8657   2.6239   2.1807   0.0185   0.9365   0.7642  -0.0041   0.0000  -0.0182  -0.1873    0.274
    19  11.5760   2.6879   2.3787   2.0470   0.0197   0.9374   0.7649  -0.0050   0.0000  -0.0194  -0.1885    0.275
    20  12.4328   2.5181   2.1010   1.9169   0.0220   0.9370   0.7646  -0.0056   0.0000  -0.0197  -0.1887    0.276
    21  13.2400   2.3582   1.8520   1.7890   0.0259   0.9339   0.7620  -0.0056   0.0000  -0.0188  -0.1874    0.275
    22  13.9941   2.2087   1.6074   1.6588   0.0311   0.9245   0.7544  -0.0058   0.0000  -0.0171  -0.1842    0.273
    23  14.6868   2.0715   1.3716   1.5215   0.0377   0.9042   0.7378  -0.0059   0.0000  -0.0143  -0.1779    0.269
    24  15.3105   1.9479   1.1479   1.3716   0.0455   0.8668   0.7073  -0.0058   0.0000  -0.0103  -0.1676    0.265
    25  15.8583   1.8393   0.9381   1.2022   0.0539   0.8045   0.6565  -0.0048   0.0000  -0.0065  -0.1528    0.260
    26  16.3244   1.7470   0.7427   1.0087   0.0624   0.7103   0.5796  -0.0003   0.0000  -0.0080  -0.1370    0.264
    27  16.6722   1.4928   0.4131   0.8000   0.0707   1.8167   0.5400  -0.0235   0.0000  -0.0092  -0.0699    0.267
    28  16.9098   1.1466   0.2292   0.5882   0.0803   1.7463   0.5191  -0.0470   0.0000   0.0141  -0.0564    0.223
    29  17.0696   0.9138   0.1104   0.3608   0.0871   1.3526   0.4021  -0.0649   0.0000   0.0346  -0.0325    0.164
    30  17.1499   0.7967   0.0322   0.1217   0.0906   0.5298   0.1575  -0.0474   0.0000   0.0218  -0.0087    0.111

  Surface # 2     main_wing (YDUP)                        
     # Chordwise = 10   # Spanwise = 30     First strip = 31
     Surface area =   63.968842       Ave. chord =    3.715026
     CLsurf  =   0.35316     Clsurf  =   0.06908
     CYsurf  =   0.02181     Cmsurf  =  -0.32067
     CDsurf  =   0.01085     Cnsurf  =   0.00379
     CDisurf =   0.01085     CDvsurf =   0.00000

  Forces referred to Ssurf, Cave about hinge axis thru LE
     CLsurf  =   0.69063     CDsurf  =   0.02117
     Deflect =

 Strip Forces referred to Strip Area, Chord
    j      Yle    Chord     Area     c cl      ai      cl_norm  cl       cd       cdv    cm_c/4    cm_LE  C.P.x/c
    31  -0.0114   7.7520   0.3539   4.5787   0.1438   0.7003   0.5421   0.5794   0.0000  -0.0397   0.1534    0.323
    32  -0.1025   7.6885   1.0491   4.1701   0.1435   0.6914   0.5352   0.1054   0.0000  -0.0387   0.1428    0.322
    33  -0.2837   7.5620   1.7073   4.1346   0.1423   0.7005   0.5423   0.0750   0.0000  -0.0368   0.1422    0.318
    34  -0.5530   7.3741   2.3052   4.1134   0.1398   0.7158   0.5542   0.0662   0.0000  -0.0336   0.1419    0.311
    35  -0.9075   7.1267   2.8223   4.0813   0.1348   0.7358   0.5696   0.0600   0.0000  -0.0300   0.1420    0.303
    36  -1.3432   6.8226   3.2414   4.0296   0.1252   0.7597   0.5881   0.0544   0.0000  -0.0266   0.1429    0.295
    37  -1.8554   6.4651   3.5491   3.9475   0.1079   0.7868   0.6091   0.0430   0.0000  -0.0237   0.1447    0.289
    38  -2.4386   6.0582   3.7368   3.8351   0.0900   0.8167   0.6322   0.0369   0.0000  -0.0216   0.1476    0.284
    39  -3.0862   5.6062   3.8005   3.6884   0.0781   0.8498   0.6578   0.0294   0.0000  -0.0206   0.1518    0.281
    40  -3.7613   5.1351   3.4440   3.5187   0.0668   0.8858   0.6857   0.0241   0.0000  -0.0200   0.1570    0.279
    41  -4.4532   4.6522   3.3149   3.3544   0.0540   0.9332   0.7224   0.0162   0.0000  -0.0187   0.1633    0.276
    42  -5.1831   4.1429   3.0930   3.1328   0.0350   0.9803   0.7589   0.0024   0.0000  -0.0182   0.1701    0.274
    43  -6.0123   3.7903   3.4706   2.9132   0.0222   0.9457   0.7717  -0.0017   0.0000  -0.0143   0.1856    0.268
    44  -6.9353   3.6075   3.3775   2.7482   0.0220   0.9372   0.7648  -0.0011   0.0000  -0.0143   0.1841    0.269
    45  -7.8737   3.4215   3.2389   2.5983   0.0199   0.9343   0.7624  -0.0015   0.0000  -0.0148   0.1840    0.269
    46  -8.8172   3.2345   3.0619   2.4560   0.0183   0.9343   0.7624  -0.0023   0.0000  -0.0157   0.1848    0.271
    47  -9.7556   3.0486   2.8543   2.3169   0.0180   0.9353   0.7632  -0.0033   0.0000  -0.0169   0.1860    0.272
    48 -10.6786   2.8657   2.6239   2.1807   0.0185   0.9365   0.7642  -0.0041   0.0000  -0.0182   0.1873    0.274
    49 -11.5760   2.6879   2.3787   2.0470   0.0197   0.9374   0.7649  -0.0050   0.0000  -0.0194   0.1885    0.275
    50 -12.4328   2.5181   2.1010   1.9169   0.0220   0.9370   0.7646  -0.0056   0.0000  -0.0197   0.1887    0.276
    51 -13.2400   2.3582   1.8520   1.7890   0.0259   0.9339   0.7620  -0.0056   0.0000  -0.0188   0.1874    0.275
    52 -13.9941   2.2087   1.6074   1.6588   0.0311   0.9245   0.7544  -0.0058   0.0000  -0.0171   0.1842    0.273
    53 -14.6868   2.0715   1.3716   1.5215   0.0377   0.9042   0.7378  -0.0059   0.0000  -0.0143   0.1779    0.269
    54 -15.3105   1.9479   1.1479   1.3716   0.0455   0.8668   0.7073  -0.0058   0.0000  -0.0103   0.1676    0.265
    55 -15.8583   1.8393   0.9381   1.2022   0.0539   0.8045   0.6565  -0.0048   0.0000  -0.0065   0.1528    0.260
    56 -16.3244   1.7470   0.7427   1.0087   0.0624   0.7103   0.5796  -0.0003   0.0000  -0.0080   0.1370    0.264
    57 -16.6722   1.4928   0.4131   0.8000   0.0707   1.8167   0.5400  -0.0235   0.0000  -0.0092   0.0699    0.267
    58 -16.9098   1.1466   0.2292   0.5882   0.0803   1.7463   0.5191  -0.0470   0.0000   0.0141   0.0564    0.223
    59 -17.0696   0.9138   0.1104   0.3608   0.0871   1.3526   0.4021  -0.0649   0.0000   0.0346   0.0325    0.164
    60 -17.1499   0.7967   0.0322   0.1217   0.0906   0.5298   0.1575  -0.0474   0.0000   0.0218   0.0087    0.111

  Surface # 3     horizontal_stabilizer                   
     # Chordwise = 10   # Spanwise = 30     First strip = 61
     Surface area =   20.744604       Ave. chord =    2.848572
     CLsurf  =   0.02649     Clsurf  =  -0.00284
     CYsurf  =  -0.00428     Cmsurf  =  -0.12962
     CDsurf  =   0.00165     Cnsurf  =   0.00245
     CDisurf =   0.00165     CDvsurf =   0.00000

  Forces referred to Ssurf, Cave about hinge axis thru LE
     CLsurf  =   0.16148     CDsurf  =   0.00991
     Deflect =

 Strip Forces referred to Strip Area, Chord
    j      Yle    Chord     Area     c cl      ai      cl_norm  cl       cd       cdv    cm_c/4    cm_LE  C.P.x/c
    61   0.0047   4.2713   0.0803   0.5697   0.0967   0.1696   0.1299   0.0456   0.0000  -0.0094  -0.0367    0.322
    62   0.0418   4.2566   0.2392   0.5173   0.0969   0.1579   0.1209   0.0122   0.0000  -0.0090  -0.0338    0.325
    63   0.1156   4.2274   0.3930   0.5134   0.0968   0.1580   0.1210   0.0100   0.0000  -0.0087  -0.0336    0.322
    64   0.2254   4.1839   0.5386   0.5124   0.0964   0.1594   0.1221   0.0095   0.0000  -0.0081  -0.0333    0.316
    65   0.3698   4.1268   0.6730   0.5123   0.0954   0.1616   0.1238   0.0094   0.0000  -0.0073  -0.0330    0.309
    66   0.5474   4.0565   0.7936   0.5119   0.0937   0.1643   0.1258   0.0094   0.0000  -0.0065  -0.0327    0.301
    67   0.7617   3.9717   0.9441   0.5114   0.0913   0.1677   0.1284   0.0094   0.0000  -0.0056  -0.0325    0.294
    68   1.0116   3.8728   1.0344   0.5103   0.0880   0.1716   0.1314   0.0094   0.0000  -0.0048  -0.0325    0.287
    69   1.2891   3.7630   1.1046   0.5092   0.0840   0.1763   0.1350   0.0095   0.0000  -0.0041  -0.0327    0.280
    70   1.5912   3.6435   1.1542   0.5080   0.0795   0.1816   0.1391   0.0096   0.0000  -0.0035  -0.0331    0.275
    71   1.9146   3.5155   1.1831   0.5068   0.0751   0.1878   0.1438   0.0097   0.0000  -0.0030  -0.0337    0.271
    72   2.2558   3.3805   1.1921   0.5056   0.0711   0.1949   0.1493   0.0099   0.0000  -0.0025  -0.0344    0.267
    73   2.6109   3.2400   1.1821   0.5048   0.0678   0.2030   0.1555   0.0101   0.0000  -0.0021  -0.0354    0.263
    74   2.9762   3.0955   1.1548   0.5039   0.0653   0.2121   0.1625   0.0103   0.0000  -0.0016  -0.0365    0.260
    75   3.3476   2.9485   1.1122   0.5025   0.0634   0.2221   0.1702   0.0105   0.0000  -0.0011  -0.0378    0.257
    76   3.7210   2.8008   1.0564   0.5003   0.0621   0.2328   0.1784   0.0107   0.0000  -0.0006  -0.0391    0.253
    77   4.0924   2.6538   0.9900   0.4965   0.0613   0.2440   0.1869   0.0108   0.0000   0.0001  -0.0404    0.250
    78   4.4577   2.5093   0.9155   0.4905   0.0609   0.2549   0.1953   0.0109   0.0000   0.0008  -0.0416    0.246
    79   4.8128   2.3687   0.8353   0.4816   0.0610   0.2652   0.2031   0.0110   0.0000   0.0018  -0.0425    0.241
    80   5.1540   2.2338   0.7518   0.4689   0.0615   0.2739   0.2098   0.0108   0.0000   0.0029  -0.0429    0.236
    81   5.4774   2.1058   0.6671   0.4520   0.0624   0.2801   0.2145   0.0106   0.0000   0.0044  -0.0428    0.230
    82   5.7795   1.9862   0.5830   0.4301   0.0637   0.2826   0.2165   0.0101   0.0000   0.0061  -0.0417    0.222
    83   6.0570   1.8764   0.5012   0.4030   0.0652   0.2804   0.2148   0.0095   0.0000   0.0082  -0.0396    0.212
    84   6.3069   1.7776   0.4225   0.3704   0.0668   0.2721   0.2084   0.0086   0.0000   0.0104  -0.0363    0.200
    85   6.5264   1.6907   0.3478   0.3324   0.0683   0.2568   0.1967   0.0075   0.0000   0.0126  -0.0319    0.186
    86   6.7314   1.6096   0.3326   0.2868   0.0698   0.2328   0.1783   0.0062   0.0000   0.0145  -0.0264    0.169
    87   6.9144   1.5372   0.2507   0.2312   0.0712   0.1966   0.1506   0.0046   0.0000   0.0153  -0.0197    0.149
    88   7.0535   1.4822   0.1746   0.1696   0.0723   0.1497   0.1146   0.0027   0.0000   0.0139  -0.0131    0.128
    89   7.1471   1.4451   0.1029   0.1035   0.0731   0.0938   0.0718   0.0010   0.0000   0.0100  -0.0071    0.111
    90   7.1941   1.4265   0.0340   0.0348   0.0735   0.0321   0.0246  -0.0007   0.0000   0.0036  -0.0022    0.102

  Surface # 4     horizontal_stabilizer (YDUP)            
     # Chordwise = 10   # Spanwise = 30     First strip = 91
     Surface area =   20.744604       Ave. chord =    2.848572
     CLsurf  =   0.02649     Clsurf  =   0.00284
     CYsurf  =   0.00428     Cmsurf  =  -0.12962
     CDsurf  =   0.00165     Cnsurf  =  -0.00245
     CDisurf =   0.00165     CDvsurf =   0.00000

  Forces referred to Ssurf, Cave about hinge axis thru LE
     CLsurf  =   0.16148     CDsurf  =   0.00991
     Deflect =

 Strip Forces referred to Strip Area, Chord
    j      Yle    Chord     Area     c cl      ai      cl_norm  cl       cd       cdv    cm_c/4    cm_LE  C.P.x/c
    91  -0.0047   4.2713   0.0803   0.5697   0.0967   0.1696   0.1299   0.0456   0.0000  -0.0094   0.0367    0.322
    92  -0.0418   4.2566   0.2392   0.5173   0.0969   0.1579   0.1209   0.0122   0.0000  -0.0090   0.0338    0.325
    93  -0.1156   4.2274   0.3930   0.5134   0.0968   0.1580   0.1210   0.0100   0.0000  -0.0087   0.0336    0.322
    94  -0.2254   4.1839   0.5386   0.5124   0.0964   0.1594   0.1221   0.0095   0.0000  -0.0081   0.0333    0.316
    95  -0.3698   4.1268   0.6730   0.5123   0.0954   0.1616   0.1238   0.0094   0.0000  -0.0073   0.0330    0.309
    96  -0.5474   4.0565   0.7936   0.5119   0.0937   0.1643   0.1258   0.0094   0.0000  -0.0065   0.0327    0.301
    97  -0.7617   3.9717   0.9441   0.5114   0.0913   0.1677   0.1284   0.0094   0.0000  -0.0056   0.0325    0.294
    98  -1.0116   3.8728   1.0344   0.5103   0.0880   0.1716   0.1314   0.0094   0.0000  -0.0048   0.0325    0.287
    99  -1.2891   3.7630   1.1046   0.5092   0.0840   0.1763   0.1350   0.0095   0.0000  -0.0041   0.0327    0.280
   100  -1.5912   3.6435   1.1542   0.5080   0.0795   0.1816   0.1391   0.0096   0.0000  -0.0035   0.0331    0.275
   101  -1.9146   3.5155   1.1831   0.5068   0.0751   0.1878   0.1438   0.0097   0.0000  -0.0030   0.0337    0.271
   102  -2.2558   3.3805   1.1921   0.5056   0.0711   0.1949   0.1493   0.0099   0.0000  -0.0025   0.0344    0.267
   103  -2.6109   3.2400   1.1821   0.5048   0.0678   0.2030   0.1555   0.0101   0.0000  -0.0021   0.0354    0.263
   104  -2.9762   3.0955   1.1548   0.5039   0.0653   0.2121   0.1625   0.0103   0.0000  -0.0016   0.0365    0.260
   105  -3.3476   2.9485   1.1122   0.5025   0.0634   0.2221   0.1702   0.0105   0.0000  -0.0011   0.0378    0.257
   106  -3.7210   2.8008   1.0564   0.5003   0.0621   0.2328   0.1784   0.0107   0.0000  -0.0006   0.0391    0.253
   107  -4.0924   2.6538   0.9900   0.4965   0.0613   0.2440   0.1869   0.0108   0.0000   0.0001   0.0404    0.250
   108  -4.4577   2.5093   0.9155   0.4905   0.0609   0.2549   0.1953   0.0109   0.0000   0.0008   0.0416    0.246
   109  -4.8128   2.3687   0.8353   0.4816   0.0610   0.2652   0.2031   0.0110   0.0000   0.0018   0.0425    0.241
   110  -5.1540   2.2338   0.7518   0.4689   0.0615   0.2739   0.2098   0.0108   0.0000   0.0029   0.0429    0.236
   111  -5.4774   2.1058   0.6671   0.4520   0.0624   0.2801   0.2145   0.0106   0.0000   0.0044   0.0428    0.230
   112  -5.7795   1.9862   0.5830   0.4301   0.0637   0.2826   0.2165   0.0101   0.0000   0.0061   0.0417    0.222
   113  -6.0570   1.8764   0.5012   0.4030   0.0652   0.2804   0.2148   0.0095   0.0000   0.0082   0.0396    0.212
   114  -6.3069   1.7776   0.4225   0.3704   0.0668   0.2721   0.2084   0.0086   0.0000   0.0104   0.0363    0.200
   115  -6.5264   1.6907   0.3478   0.3324   0.0683   0.2568   0.1967   0.0075   0.0000   0.0126   0.0319    0.186
   116  -6.7314   1.6096   0.3326   0.2868   0.0698   0.2328   0.1783   0.0062   0.0000   0.0145   0.0264    0.169
   117  -6.9144   1.5372   0.2507   0.2312   0.0712   0.1966   0.1506   0.0046   0.0000   0.0153   0.0197    0.149
   118  -7.0535   1.4822   0.1746   0.1696   0.0723   0.1497   0.1146   0.0027   0.0000   0.0139   0.0131    0.128
   119  -7.1471   1.4451   0.1029   0.1035   0.0731   0.0938   0.0718   0.0010   0.0000   0.0100   0.0071    0.111
   120  -7.1941   1.4265   0.0340   0.0348   0.0735   0.0321   0.0246  -0.0007   0.0000   0.0036   0.0022    0.102

  Surface # 5     vertical_stabilizer                     
     # Chordwise = 10   # Spanwise = 30     First strip =121
     Surface area =   34.910358       Ave. chord =    4.190919
     CLsurf  =   0.00000     Clsurf  =   0.00000
     CYsurf  =   0.00000     Cmsurf  =  -0.00000
     CDsurf  =  -0.00000     Cnsurf  =  -0.00000
     CDisurf =  -0.00000     CDvsurf =   0.00000

  Forces referred to Ssurf, Cave about hinge axis thru LE
     CLsurf  =  -0.00000     CDsurf  =  -0.00000
     Deflect =

 Strip Forces referred to Strip Area, Chord
    j      Yle    Chord     Area     c cl      ai      cl_norm  cl       cd       cdv    cm_c/4    cm_LE  C.P.x/c
   121   0.0000  10.0347   0.6931  -0.0000   0.0000  -0.0000  -0.0000   0.0000   0.0000   0.0000   0.0000    0.416
   122   0.0000   9.8296   1.1101  -0.0000   0.0000  -0.0000  -0.0000   0.0000   0.0000   0.0000   0.0000    0.422
   123   0.0000   9.5266   1.4857  -0.0000  -0.0000  -0.0000  -0.0000   0.0000   0.0000   0.0000   0.0000    0.432
   124   0.0000   9.1281   1.8040  -0.0000   0.0000  -0.0000  -0.0000   0.0000   0.0000   0.0000   0.0000    0.439
   125   0.0000   8.6377   2.0517  -0.0000   0.0000  -0.0000  -0.0000   0.0000   0.0000   0.0000   0.0000    0.443
   126   0.0000   8.0598   2.2181  -0.0000   0.0000  -0.0000  -0.0000   0.0000   0.0000   0.0000   0.0000    0.435
   127   0.0000   7.4000   2.2957  -0.0000   0.0000  -0.0000  -0.0000   0.0000   0.0000   0.0000   0.0000    0.427
   128   0.0000   6.6646   2.2808  -0.0000   0.0000  -0.0000  -0.0000   0.0000   0.0000   0.0000   0.0000    0.413
   129   0.0000   5.8609   2.1733  -0.0000   0.0000  -0.0000  -0.0000   0.0000   0.0000   0.0000   0.0000    0.386
   130   0.0000   4.9969   1.9773  -0.0000   0.0000  -0.0000  -0.0000   0.0000   0.0000   0.0000   0.0000    0.342
   131   0.0000   4.4389   1.6667  -0.0000   0.0000  -0.0000  -0.0000  -0.0000   0.0000   0.0000   0.0000    0.300
   132   0.0000   4.2198   1.6478  -0.0000   0.0000  -0.0000  -0.0000  -0.0000   0.0000   0.0000   0.0000    0.286
   133   0.0000   3.9932   1.6033  -0.0000   0.0000  -0.0000  -0.0000  -0.0000   0.0000   0.0000   0.0000    0.273
   134   0.0000   3.7615   1.5362  -0.0000   0.0000  -0.0000  -0.0000  -0.0000   0.0000   0.0000   0.0000    0.266
   135   0.0000   3.5271   1.4499  -0.0000   0.0000  -0.0000  -0.0000  -0.0000   0.0000   0.0000   0.0000    0.261
   136   0.0000   3.2923   1.3482  -0.0000   0.0000  -0.0000  -0.0000  -0.0000   0.0000   0.0000   0.0000    0.260
   137   0.0000   3.0597   1.2352  -0.0000   0.0000  -0.0000  -0.0000  -0.0000   0.0000   0.0000   0.0000    0.254
   138   0.0000   2.8315   1.1147  -0.0000   0.0000  -0.0000  -0.0000  -0.0000   0.0000   0.0000   0.0000    0.251
   139   0.0000   2.6103   0.9908  -0.0000   0.0000  -0.0000  -0.0000  -0.0000   0.0000  -0.0000   0.0000    0.246
   140   0.0000   2.3983   0.8670  -0.0000   0.0000  -0.0000  -0.0000  -0.0000   0.0000  -0.0000   0.0000    0.240
   141   0.0000   2.1977   0.7464  -0.0000   0.0000  -0.0000  -0.0000  -0.0000   0.0000  -0.0000   0.0000    0.233
   142   0.0000   2.0106   0.6318  -0.0000   0.0000  -0.0000  -0.0000  -0.0000   0.0000  -0.0000   0.0000    0.227
   143   0.0000   1.8390   0.5251  -0.0000   0.0000  -0.0000  -0.0000  -0.0000   0.0000  -0.0000   0.0000    0.218
   144   0.0000   1.6847   0.4276  -0.0000   0.0000  -0.0000  -0.0000  -0.0000   0.0000  -0.0000   0.0000    0.207
   145   0.0000   1.5493   0.3400  -0.0000   0.0000  -0.0000  -0.0000  -0.0000   0.0000  -0.0000   0.0000    0.192
   146   0.0000   1.4342   0.2622  -0.0000   0.0000  -0.0000  -0.0000  -0.0000   0.0000  -0.0000   0.0000    0.174
   147   0.0000   1.3407   0.1933  -0.0000   0.0000  -0.0000  -0.0000  -0.0000   0.0000  -0.0000   0.0000    0.157
   148   0.0000   1.2696   0.1322  -0.0000   0.0000  -0.0000  -0.0000  -0.0000   0.0000  -0.0000   0.0000    0.134
   149   0.0000   1.2218   0.0769  -0.0000   0.0000  -0.0000  -0.0000  -0.0000   0.0000  -0.0000   0.0000    0.121
   150   0.0000   1.1978   0.0252  -0.0000   0.0000  -0.0000  -0.0000  -0.0000   0.0000  -0.0000   0.0000    0.105

  Surface # 6     fuselage_horizontal                     
     # Chordwise = 10   # Spanwise = 10     First strip =151
     Surface area =  123.841202       Ave. chord =   33.112617
     CLsurf  =   0.00604     Clsurf  =   0.00000
     CYsurf  =   0.00000     Cmsurf  =   0.04467
     CDsurf  =  -0.00018     Cnsurf  =  -0.00000
     CDisurf =  -0.00018     CDvsurf =   0.00000

  Forces referred to Ssurf, Cave about hinge axis thru LE
     CLsurf  =   0.00609     CDsurf  =  -0.00018
     Deflect =

 Strip Forces referred to Strip Area, Chord
    j      Yle    Chord     Area     c cl      ai      cl_norm  cl       cd       cdv    cm_c/4    cm_LE  C.P.x/c
   151  -1.6830  26.5957   9.9468   0.1310   0.1312   0.0594   0.0051  -0.0021   0.0000   0.0034   0.0003   -0.419
   152  -1.3090  31.2096  11.6724   0.1931   0.1436   0.0239   0.0063  -0.0007   0.0000   0.0042   0.0007   -0.417
   153  -0.9350  34.0626  12.7394   0.2143   0.1365   0.0153   0.0063  -0.0001   0.0000   0.0049   0.0011   -0.528
   154  -0.5610  36.1619  13.5246   0.2277   0.1357   0.0105   0.0063   0.0003   0.0000   0.0052   0.0016   -0.585
   155  -0.1870  37.5332  14.0374   0.2357   0.1373   0.0072   0.0062   0.0010   0.0000   0.0053   0.0026   -0.606
   156   0.1870  37.5332  14.0374   0.2357   0.1373   0.0072   0.0062   0.0010   0.0000   0.0053   0.0026   -0.606
   157   0.5610  36.1619  13.5246   0.2277   0.1357   0.0105   0.0063   0.0003   0.0000   0.0052   0.0016   -0.585
   158   0.9350  34.0626  12.7394   0.2143   0.1365   0.0153   0.0063  -0.0001   0.0000   0.0049   0.0011   -0.528
   159   1.3090  31.2096  11.6724   0.1931   0.1436   0.0239   0.0063  -0.0007   0.0000   0.0042   0.0007   -0.417
   160   1.6830  26.5957   9.9468   0.1310   0.1312   0.0594   0.0051  -0.0021   0.0000   0.0034   0.0003   -0.419

  Surface # 7     fuselage_vertical                       
     # Chordwise = 10   # Spanwise = 10     First strip =161
     Surface area =  123.841202       Ave. chord =   33.112617
     CLsurf  =   0.00000     Clsurf  =  -0.00000
     CYsurf  =   0.00000     Cmsurf  =   0.00000
     CDsurf  =   0.00000     Cnsurf  =  -0.00000
     CDisurf =   0.00000     CDvsurf =   0.00000

  Forces referred to Ssurf, Cave about hinge axis thru LE
     CLsurf  =  -0.00000     CDsurf  =   0.00000
     Deflect =

 Strip Forces referred to Strip Area, Chord
    j      Yle    Chord     Area     c cl      ai      cl_norm  cl       cd       cdv    cm_c/4    cm_LE  C.P.x/c
   161   0.0000  26.5957   9.9468   0.0000  -0.0000   0.0000   0.0000   0.0000   0.0000   0.0000   0.0000
   162   0.0000  31.2096  11.6724  -0.0000  -0.0000  -0.0000  -0.0000   0.0000   0.0000  -0.0000  -0.0000   -0.540
   163   0.0000  34.0626  12.7394  -0.0000  -0.0000  -0.0000  -0.0000  -0.0000   0.0000  -0.0000  -0.0000   -0.285
   164   0.0000  36.1619  13.5246  -0.0000   0.0000  -0.0000  -0.0000   0.0000   0.0000  -0.0000  -0.0000   -0.130
   165   0.0000  37.5332  14.0374  -0.0000   0.0000  -0.0000  -0.0000   0.0000   0.0000  -0.0000  -0.0000    0.046
   166   0.0000  37.5332  14.0374  -0.0000  -0.0000  -0.0000  -0.0000  -0.0000   0.0000   0.0000   0.0000    0.324
   167   0.0000  36.1619  13.5246  -0.0000  -0.0000  -0.0000  -0.0000   0.0000   0.0000   0.0000   0.0000    0.435
   168   0.0000  34.0626  12.7394  -0.0000  -0.0000  -0.0000  -0.0000   0.0000   0.0000   0.0000   0.0000    0.522
   169   0.0000  31.2096  11.6724  -0.0000   0.0000  -0.0000  -0.0000   0.0000   0.0000   0.0000   0.0000    0.600
   170   0.0000  26.5957   9.9468  -0.0000   0.0000  -0.0000  -0.0000  -0.0000   0.0000   0.0000   0.0000    0.672
 ---------------------------------------------------------------
