 ---------------------------------------------------------------
 Surface and Strip Forces by surface

  Forces referred to Sref, Cref, Bref about Xref, Yref, Zref
 Standard axis orientation,  X fwd, Z down         

  Surface # 1     main_wing                               
     # Chordwise = 10   # Spanwise = 20     First strip =  1
     Surface area =   63.790974       Ave. chord =    3.717419
     CLsurf  =  -2.02267     Clsurf  =   0.44525
     CYsurf  =   0.08399     Cmsurf  =   0.33952
     CDsurf  =   0.10106     Cnsurf  =   0.16653
     CDisurf =   0.10106     CDvsurf =   0.00000

  Forces referred to Ssurf, Cave about hinge axis thru LE
     CLsurf  =  -3.95928     CDsurf  =   0.19780
     Deflect =

 Strip Forces referred to Strip Area, Chord
    j      Yle    Chord     Area     c cl      ai      cl_norm  cl       cd       cdv    cm_c/4    cm_LE  C.P.x/c
     1   0.0271   7.7411   0.8376 -16.1024  -0.5034   3.8000   3.7997 -33.5288   0.0000   1.2218   1.7134   -0.072
     2   0.2428   7.5905   2.4436 -17.3077  -0.3836  -1.8716  -1.8715  -2.5175   0.0000   1.2722   1.8122    0.930
     3   0.6690   7.2932   3.8488 -16.9683  -0.2066  -2.2967  -2.2965  -0.3742   0.0000   1.2433   1.7952    0.791
     4   1.2950   6.8563   4.9402 -16.0742   0.0010  -2.4037  -2.4035   0.1296   0.0000   1.0902   1.6489    0.704
     5   2.1056   6.2906   5.6339 -14.8741   0.2000  -2.4685  -2.4683   0.3818   0.0000   0.7668   1.3357    0.561
     6   3.0065   5.6619   5.0672 -14.5563   0.2496  -2.6951  -2.6948   0.4777   0.0000   0.4369   1.0621    0.412
     7   3.9586   4.9974   5.0150 -15.1062   0.0601  -3.1929  -3.1927   0.6989   0.0000   0.2282   0.9678    0.321
     8   5.0073   4.2656   4.6382 -16.2139  -0.1786  -4.0517  -4.0513   1.0869   0.0000   0.0810   1.0145    0.270
     9   6.1989   3.7534   4.8429 -17.1573  -0.3790  -4.8852  -4.8849   1.3791   0.0000  -0.0150   1.1260    0.247
    10   7.5095   3.4937   4.6216 -17.3016  -0.4379  -5.2457  -5.2454   1.2290   0.0000  -0.0244   1.2118    0.245
    11   8.8364   3.2307   4.2738 -16.8748  -0.4350  -5.5021  -5.5017   1.1228   0.0000  -0.0209   1.2828    0.246
    12  10.1470   2.9710   3.8335 -16.0690  -0.4056  -5.6752  -5.6749   1.0371   0.0000  -0.0159   1.3341    0.247
    13  11.4090   2.7210   3.3357 -15.0097  -0.3790  -5.7751  -5.7747   0.9828   0.0000  -0.0156   1.3613    0.247
    14  12.6340   2.4782   3.0105 -13.7550  -0.3650  -5.8037  -5.8034   0.9495   0.0000  -0.0170   1.3684    0.247
    15  13.7866   2.2498   2.4374 -12.3322  -0.3704  -5.7339  -5.7335   0.9503   0.0000  -0.0229   1.3453    0.246
    16  14.7941   2.0502   1.8970 -10.7781  -0.4024  -5.5132  -5.5128   0.9905   0.0000  -0.0363   1.2760    0.243
    17  15.6315   1.8843   1.4027  -9.0566  -0.4646  -5.0671  -5.0668   1.0561   0.0000  -0.0601   1.1397    0.238
    18  16.2783   1.7561   0.9575  -7.0857  -0.5518  -4.2939  -4.2936   1.1145   0.0000  -0.0914   0.9159    0.229
    19  16.8016   1.3043   0.6198  -4.5832  -0.5075  -3.7088  -3.7074   0.7903   0.0000  -0.1368   0.6933    0.213
    20  17.1200   0.8402   0.1342  -1.5436  -0.4615  -1.9073  -1.9065   0.2334   0.0000  -0.1304   0.3075    0.182

  Surface # 2     main_wing (YDUP)                        
     # Chordwise = 10   # Spanwise = 20     First strip = 21
     Surface area =   63.790974       Ave. chord =    3.717419
     CLsurf  =  -2.02266     Clsurf  =  -0.44525
     CYsurf  =  -0.08399     Cmsurf  =   0.33951
     CDsurf  =   0.10106     Cnsurf  =  -0.16652
     CDisurf =   0.10106     CDvsurf =   0.00000

  Forces referred to Ssurf, Cave about hinge axis thru LE
     CLsurf  =  -3.95927     CDsurf  =   0.19780
     Deflect =

 Strip Forces referred to Strip Area, Chord
    j      Yle    Chord     Area     c cl      ai      cl_norm  cl       cd       cdv    cm_c/4    cm_LE  C.P.x/c
    21  -0.0271   7.7411   0.8376 -16.1024  -0.5035   3.7999   3.7995 -33.5281   0.0000   1.2218  -1.7134   -0.072
    22  -0.2428   7.5905   2.4436 -17.3077  -0.3835  -1.8716  -1.8714  -2.5176   0.0000   1.2722  -1.8122    0.930
    23  -0.6690   7.2932   3.8488 -16.9683  -0.2066  -2.2967  -2.2965  -0.3743   0.0000   1.2433  -1.7952    0.791
    24  -1.2950   6.8563   4.9402 -16.0742   0.0010  -2.4037  -2.4035   0.1296   0.0000   1.0902  -1.6489    0.704
    25  -2.1056   6.2906   5.6339 -14.8740   0.2000  -2.4685  -2.4683   0.3818   0.0000   0.7668  -1.3357    0.561
    26  -3.0065   5.6619   5.0672 -14.5563   0.2496  -2.6951  -2.6948   0.4777   0.0000   0.4369  -1.0621    0.412
    27  -3.9586   4.9974   5.0150 -15.1061   0.0601  -3.1929  -3.1926   0.6989   0.0000   0.2282  -0.9678    0.321
    28  -5.0073   4.2656   4.6382 -16.2138  -0.1786  -4.0517  -4.0513   1.0869   0.0000   0.0810  -1.0145    0.270
    29  -6.1989   3.7534   4.8429 -17.1573  -0.3790  -4.8852  -4.8849   1.3791   0.0000  -0.0150  -1.1260    0.247
    30  -7.5095   3.4937   4.6216 -17.3016  -0.4379  -5.2457  -5.2453   1.2290   0.0000  -0.0244  -1.2118    0.245
    31  -8.8364   3.2307   4.2738 -16.8748  -0.4350  -5.5021  -5.5017   1.1227   0.0000  -0.0209  -1.2828    0.246
    32 -10.1470   2.9710   3.8335 -16.0690  -0.4056  -5.6752  -5.6748   1.0371   0.0000  -0.0159  -1.3341    0.247
    33 -11.4090   2.7210   3.3357 -15.0097  -0.3790  -5.7751  -5.7747   0.9828   0.0000  -0.0156  -1.3613    0.247
    34 -12.6340   2.4782   3.0105 -13.7549  -0.3650  -5.8037  -5.8033   0.9495   0.0000  -0.0170  -1.3684    0.247
    35 -13.7866   2.2498   2.4374 -12.3322  -0.3704  -5.7339  -5.7335   0.9502   0.0000  -0.0229  -1.3453    0.246
    36 -14.7941   2.0502   1.8970 -10.7780  -0.4024  -5.5131  -5.5128   0.9905   0.0000  -0.0363  -1.2760    0.243
    37 -15.6315   1.8843   1.4027  -9.0565  -0.4646  -5.0671  -5.0667   1.0560   0.0000  -0.0601  -1.1397    0.238
    38 -16.2783   1.7561   0.9575  -7.0856  -0.5518  -4.2939  -4.2936   1.1145   0.0000  -0.0914  -0.9159    0.229
    39 -16.8016   1.3043   0.6198  -4.5832  -0.5075  -3.7088  -3.7074   0.7903   0.0000  -0.1368  -0.6933    0.213
    40 -17.1200   0.8402   0.1342  -1.5436  -0.4615  -1.9072  -1.9065   0.2335   0.0000  -0.1304  -0.3075    0.182

  Surface # 3     horizontal_stabilizer                   
     # Chordwise = 10   # Spanwise = 20     First strip = 41
     Surface area =   20.072786       Ave. chord =    2.827143
     CLsurf  =   0.22742     Clsurf  =  -0.02002
     CYsurf  =  -0.00922     Cmsurf  =  -0.99614
     CDsurf  =  -0.01775     Cnsurf  =   0.00041
     CDisurf =  -0.01775     CDvsurf =   0.00000

  Forces referred to Ssurf, Cave about hinge axis thru LE
     CLsurf  =   1.41477     CDsurf  =  -0.11044
     Deflect =

 Strip Forces referred to Strip Area, Chord
    j      Yle    Chord     Area     c cl      ai      cl_norm  cl       cd       cdv    cm_c/4    cm_LE  C.P.x/c
    41   0.0103   4.6946   0.1934   5.0120   0.1348   1.0554   1.0552   0.1636   0.0000   0.0163  -0.2481    0.235
    42   0.0924   4.6512   0.5701   4.9752   0.1301   1.0855   1.0853   0.0049   0.0000   0.0161  -0.2488    0.235
    43   0.2547   4.5656   0.9173   4.9640   0.1253   1.1061   1.1059  -0.0109   0.0000   0.0169  -0.2523    0.235
    44   0.4930   4.4399   1.2180   4.9425   0.1216   1.1352   1.1350  -0.0263   0.0000   0.0178  -0.2579    0.234
    45   0.8160   4.2695   1.5847   4.9003   0.1169   1.1723   1.1721  -0.0376   0.0000   0.0186  -0.2657    0.234
    46   1.2202   4.0563   1.7628   4.8325   0.1004   1.2184   1.2182  -0.0478   0.0000   0.0192  -0.2758    0.234
    47   1.6825   3.8123   1.8577   4.7346   0.0595   1.2721   1.2719  -0.0615   0.0000   0.0197  -0.2878    0.234
    48   2.1917   3.5437   1.8711   4.6090   0.0114   1.3344   1.3342  -0.0767   0.0000   0.0202  -0.3019    0.235
    49   2.7353   3.2569   1.8099   4.4563  -0.0102   1.4055   1.4052  -0.0901   0.0000   0.0209  -0.3179    0.235
    50   3.2997   2.9591   1.6859   4.2814  -0.0126   1.4894   1.4891  -0.1131   0.0000   0.0224  -0.3359    0.235
    51   3.8713   2.6576   1.5141   4.0810  -0.0129   1.5863   1.5861  -0.1516   0.0000   0.0248  -0.3556    0.234
    52   4.4357   2.3597   1.3114   3.8401  -0.0162   1.6839   1.6836  -0.1766   0.0000   0.0277  -0.3754    0.234
    53   4.9793   2.0730   1.0945   3.5678  -0.0223   1.7894   1.7891  -0.2352   0.0000   0.0302  -0.3961    0.233
    54   5.4885   1.8043   0.8792   3.2310  -0.0291   1.8676   1.8673  -0.2780   0.0000   0.0334  -0.4102    0.232
    55   5.9508   1.5604   0.6781   2.8323  -0.0335   1.8965   1.8962  -0.3009   0.0000   0.0379  -0.4118    0.230
    56   6.3550   1.3472   0.5000   2.3706  -0.0316   1.8404   1.8401  -0.3020   0.0000   0.0448  -0.3912    0.226
    57   6.6617   1.1853   0.2890   1.8808  -0.0214   1.6598   1.6596  -0.2744   0.0000   0.0531  -0.3402    0.218
    58   6.8736   1.0735   0.1917   1.3845  -0.0051   1.3483   1.3481  -0.2184   0.0000   0.0582  -0.2616    0.207
    59   7.0178   0.9975   0.1087   0.8506   0.0135   0.8879   0.8878  -0.1241   0.0000   0.0513  -0.1603    0.192
    60   7.0908   0.9589   0.0351   0.2877   0.0289   0.3111   0.3111  -0.0363   0.0000   0.0220  -0.0525    0.179

  Surface # 4     horizontal_stabilizer (YDUP)            
     # Chordwise = 10   # Spanwise = 20     First strip = 61
     Surface area =   20.072786       Ave. chord =    2.827143
     CLsurf  =   0.22742     Clsurf  =   0.02002
     CYsurf  =   0.00922     Cmsurf  =  -0.99613
     CDsurf  =  -0.01775     Cnsurf  =  -0.00041
     CDisurf =  -0.01775     CDvsurf =   0.00000

  Forces referred to Ssurf, Cave about hinge axis thru LE
     CLsurf  =   1.41477     CDsurf  =  -0.11044
     Deflect =

 Strip Forces referred to Strip Area, Chord
    j      Yle    Chord     Area     c cl      ai      cl_norm  cl       cd       cdv    cm_c/4    cm_LE  C.P.x/c
    61  -0.0103   4.6946   0.1934   5.0120   0.1349   1.0554   1.0552   0.1636   0.0000   0.0163   0.2481    0.235
    62  -0.0924   4.6512   0.5701   4.9752   0.1301   1.0855   1.0853   0.0049   0.0000   0.0161   0.2488    0.235
    63  -0.2547   4.5656   0.9173   4.9640   0.1253   1.1061   1.1059  -0.0109   0.0000   0.0169   0.2523    0.235
    64  -0.4930   4.4399   1.2180   4.9425   0.1216   1.1352   1.1350  -0.0263   0.0000   0.0178   0.2579    0.234
    65  -0.8160   4.2695   1.5847   4.9003   0.1169   1.1723   1.1721  -0.0376   0.0000   0.0186   0.2657    0.234
    66  -1.2202   4.0563   1.7628   4.8325   0.1004   1.2184   1.2182  -0.0478   0.0000   0.0192   0.2758    0.234
    67  -1.6825   3.8123   1.8577   4.7346   0.0595   1.2721   1.2719  -0.0615   0.0000   0.0197   0.2878    0.234
    68  -2.1917   3.5437   1.8711   4.6090   0.0114   1.3344   1.3342  -0.0767   0.0000   0.0202   0.3019    0.235
    69  -2.7353   3.2569   1.8099   4.4563  -0.0102   1.4055   1.4052  -0.0901   0.0000   0.0209   0.3179    0.235
    70  -3.2997   2.9591   1.6859   4.2814  -0.0126   1.4894   1.4891  -0.1131   0.0000   0.0224   0.3359    0.235
    71  -3.8713   2.6576   1.5141   4.0810  -0.0129   1.5863   1.5860  -0.1516   0.0000   0.0248   0.3556    0.234
    72  -4.4357   2.3597   1.3114   3.8401  -0.0162   1.6838   1.6836  -0.1766   0.0000   0.0277   0.3754    0.234
    73  -4.9793   2.0730   1.0945   3.5678  -0.0223   1.7894   1.7891  -0.2352   0.0000   0.0302   0.3961    0.233
    74  -5.4885   1.8043   0.8792   3.2310  -0.0291   1.8676   1.8673  -0.2780   0.0000   0.0334   0.4102    0.232
    75  -5.9508   1.5604   0.6781   2.8323  -0.0335   1.8965   1.8962  -0.3009   0.0000   0.0379   0.4118    0.230
    76  -6.3550   1.3472   0.5000   2.3706  -0.0316   1.8404   1.8401  -0.3020   0.0000   0.0448   0.3912    0.226
    77  -6.6617   1.1853   0.2890   1.8807  -0.0214   1.6598   1.6595  -0.2744   0.0000   0.0531   0.3402    0.218
    78  -6.8736   1.0735   0.1917   1.3845  -0.0051   1.3483   1.3481  -0.2184   0.0000   0.0582   0.2616    0.207
    79  -7.0178   0.9975   0.1087   0.8506   0.0135   0.8879   0.8878  -0.1241   0.0000   0.0513   0.1603    0.192
    80  -7.0908   0.9589   0.0351   0.2877   0.0289   0.3111   0.3111  -0.0363   0.0000   0.0220   0.0525    0.179

  Surface # 5     vertical_stabilizer                     
     # Chordwise = 10   # Spanwise = 20     First strip = 81
     Surface area =   26.974527       Ave. chord =    3.612513
     CLsurf  =   0.00000     Clsurf  =  -0.00000
     CYsurf  =  -0.00000     Cmsurf  =  -0.00000
     CDsurf  =  -0.00000     Cnsurf  =   0.00000
     CDisurf =  -0.00000     CDvsurf =   0.00000

  Forces referred to Ssurf, Cave about hinge axis thru LE
     CLsurf  =   0.00000     CDsurf  =  -0.00000
     Deflect =

 Strip Forces referred to Strip Area, Chord
    j      Yle    Chord     Area     c cl      ai      cl_norm  cl       cd       cdv    cm_c/4    cm_LE  C.P.x/c
    81   0.0000   8.1033   0.7081   0.0000   0.0000   0.0000   0.0000   0.0000   0.0000  -0.0000  -0.0000    0.312
    82   0.0000   7.7953   1.2357   0.0000   0.0000   0.0000   0.0000  -0.0000   0.0000  -0.0000  -0.0000    0.289
    83   0.0000   7.3128   1.6577   0.0000  -0.0000   0.0000   0.0000  -0.0000   0.0000  -0.0000  -0.0000    0.338
    84   0.0000   6.6651   1.9342   0.0000  -0.0000   0.0000   0.0000  -0.0000   0.0000  -0.0000  -0.0000    0.346
    85   0.0000   5.8661   2.0384   0.0000  -0.0000   0.0000   0.0000  -0.0000   0.0000  -0.0000  -0.0000    0.333
    86   0.0000   4.9330   1.9589   0.0000  -0.0000   0.0000   0.0000  -0.0000   0.0000  -0.0000  -0.0000    0.350
    87   0.0000   4.2949   2.2317   0.0000   0.0000   0.0000   0.0000  -0.0000   0.0000   0.0000  -0.0000    0.230
    88   0.0000   4.0244   2.2380   0.0000   0.0000   0.0000   0.0000  -0.0000   0.0000   0.0000  -0.0000    0.247
    89   0.0000   3.7387   2.1678   0.0000   0.0000   0.0000   0.0000  -0.0000   0.0000   0.0000  -0.0000    0.249
    90   0.0000   3.4444   2.0327   0.0000   0.0000   0.0000   0.0000  -0.0000   0.0000  -0.0000  -0.0000    0.258
    91   0.0000   3.1483   1.8474   0.0000   0.0000   0.0000   0.0000  -0.0000   0.0000  -0.0000  -0.0000    0.266
    92   0.0000   2.8574   1.6279   0.0000  -0.0000   0.0000   0.0000  -0.0000   0.0000  -0.0000  -0.0000    0.262
    93   0.0000   2.5785   1.3906   0.0000  -0.0000   0.0000   0.0000  -0.0000   0.0000  -0.0000  -0.0000    0.290
    94   0.0000   2.3180   1.1503   0.0000  -0.0000   0.0000   0.0000  -0.0000   0.0000  -0.0000  -0.0000    0.273
    95   0.0000   2.0821   0.9193   0.0000  -0.0000   0.0000   0.0000  -0.0000   0.0000  -0.0000  -0.0000    0.276
    96   0.0000   1.8763   0.7063   0.0000  -0.0000   0.0000   0.0000  -0.0000   0.0000  -0.0000  -0.0000    0.272
    97   0.0000   1.7056   0.5158   0.0000  -0.0000   0.0000   0.0000  -0.0000   0.0000  -0.0000  -0.0000    0.259
    98   0.0000   1.5739   0.3482   0.0000  -0.0000   0.0000   0.0000  -0.0000   0.0000   0.0000  -0.0000    0.244
    99   0.0000   1.4843   0.2002   0.0000  -0.0000   0.0000   0.0000  -0.0000   0.0000   0.0000  -0.0000    0.248
   100   0.0000   1.4389   0.0652   0.0000  -0.0000   0.0000   0.0000  -0.0000   0.0000   0.0000  -0.0000    0.224

  Surface # 6     fuselage_horizontal                     
     # Chordwise = 10   # Spanwise = 10     First strip =101
     Surface area =  112.392822       Ave. chord =   30.376440
     CLsurf  =   0.01386     Clsurf  =   0.00000
     CYsurf  =   0.00000     Cmsurf  =  -0.01481
     CDsurf  =  -0.00811     Cnsurf  =   0.00000
     CDisurf =  -0.00811     CDvsurf =   0.00000

  Forces referred to Ssurf, Cave about hinge axis thru LE
     CLsurf  =   0.01539     CDsurf  =  -0.00901
     Deflect =

 Strip Forces referred to Strip Area, Chord
    j      Yle    Chord     Area     c cl      ai      cl_norm  cl       cd       cdv    cm_c/4    cm_LE  C.P.x/c
   101  -1.6650  21.5445   7.9715   0.1707   0.3787   0.0160   0.0012   0.0390   0.0000  -0.0067  -0.0009
   102  -1.2950  27.3129  10.1058   0.0562   0.3867  -0.0319  -0.0078   0.0559   0.0000  -0.0038  -0.0009   -0.234
   103  -0.9250  31.3629  11.6043   0.3193   0.3340   0.0094   0.0043   0.0342   0.0000  -0.0048  -0.0020    1.355
   104  -0.5550  34.6182  12.8087   0.5861   0.0807   0.0255   0.0195  -0.0133   0.0000  -0.0038  -0.0030    0.444
   105  -0.1850  37.0437  13.7062   0.9326  -0.0065   0.0462   0.0462  -0.1173   0.0000  -0.0044  -0.0065    0.344
   106   0.1850  37.0437  13.7062   0.9326  -0.0065   0.0462   0.0462  -0.1173   0.0000  -0.0044  -0.0065    0.344
   107   0.5550  34.6182  12.8087   0.5861   0.0807   0.0255   0.0195  -0.0133   0.0000  -0.0038  -0.0030    0.444
   108   0.9250  31.3629  11.6043   0.3193   0.3340   0.0094   0.0043   0.0342   0.0000  -0.0048  -0.0020    1.355
   109   1.2950  27.3129  10.1058   0.0562   0.3867  -0.0319  -0.0078   0.0559   0.0000  -0.0038  -0.0009   -0.234
   110   1.6650  21.5445   7.9715   0.1707   0.3787   0.0160   0.0012   0.0390   0.0000  -0.0067  -0.0009

  Surface # 7     fuselage_vertical                       
     # Chordwise = 10   # Spanwise = 10     First strip =111
     Surface area =  114.215408       Ave. chord =   30.376440
     CLsurf  =   0.00000     Clsurf  =   0.00000
     CYsurf  =  -0.00000     Cmsurf  =  -0.00000
     CDsurf  =  -0.00000     Cnsurf  =   0.00000
     CDisurf =  -0.00000     CDvsurf =   0.00000

  Forces referred to Ssurf, Cave about hinge axis thru LE
     CLsurf  =   0.00000     CDsurf  =  -0.00000
     Deflect =

 Strip Forces referred to Strip Area, Chord
    j      Yle    Chord     Area     c cl      ai      cl_norm  cl       cd       cdv    cm_c/4    cm_LE  C.P.x/c
   111   0.0000  21.5445   8.1007  -0.0000   0.0000  -0.0000  -0.0000   0.0000   0.0000   0.0000   0.0000    1.762
   112   0.0000  27.3129  10.2696  -0.0000   0.0000  -0.0000  -0.0000   0.0000   0.0000   0.0000   0.0000
   113   0.0000  31.3629  11.7925  -0.0000  -0.0000  -0.0000  -0.0000   0.0000   0.0000   0.0000   0.0000
   114   0.0000  34.6182  13.0164  -0.0000  -0.0000  -0.0000  -0.0000  -0.0000   0.0000   0.0000   0.0000
   115   0.0000  37.0437  13.9284   0.0000  -0.0000   0.0000   0.0000  -0.0000   0.0000   0.0000   0.0000
   116   0.0000  37.0437  13.9284   0.0000   0.0000   0.0000   0.0000  -0.0000   0.0000  -0.0000  -0.0000    0.735
   117   0.0000  34.6182  13.0164   0.0000  -0.0000   0.0000   0.0000  -0.0000   0.0000  -0.0000  -0.0000    0.768
   118   0.0000  31.3629  11.7925   0.0000  -0.0000   0.0000   0.0000   0.0000   0.0000  -0.0000  -0.0000    0.776
   119   0.0000  27.3129  10.2696   0.0000   0.0000   0.0000   0.0000   0.0000   0.0000  -0.0000  -0.0000    0.761
   120   0.0000  21.5445   8.1007   0.0000   0.0000   0.0001   0.0000  -0.0000   0.0000  -0.0000  -0.0000    0.787
 ---------------------------------------------------------------
