 ---------------------------------------------------------------
 Surface and Strip Forces by surface

  Forces referred to Sref, Cref, Bref about Xref, Yref, Zref
 Standard axis orientation,  X fwd, Z down         

  Surface # 1     main_wing                               
     # Chordwise = 10   # Spanwise = 30     First strip =  1
     Surface area =   63.968842       Ave. chord =    3.715026
     CLsurf  =   0.01323     Clsurf  =   0.00177
     CYsurf  =  -0.00019     Cmsurf  =   0.00069
     CDsurf  =   0.00040     Cnsurf  =  -0.00013
     CDisurf =   0.00040     CDvsurf =   0.00000

  Forces referred to Ssurf, Cave about hinge axis thru LE
     CLsurf  =   0.02578     CDsurf  =   0.00077
     Deflect =

 Strip Forces referred to Strip Area, Chord
    j      Yle    Chord     Area     c cl      ai      cl_norm  cl       cd       cdv    cm_c/4    cm_LE  C.P.x/c
     1   0.0114   7.7520   0.3539   0.7726   0.0123   0.1292   0.1004   0.0199   0.0000  -0.0062  -0.0253    0.312
     2   0.1025   7.6885   1.0491   0.7588   0.0115   0.1273   0.0989   0.0048   0.0000  -0.0061  -0.0250    0.312
     3   0.2837   7.5620   1.7073   0.7544   0.0101   0.1286   0.1000   0.0038   0.0000  -0.0058  -0.0250    0.308
     4   0.5530   7.3741   2.3052   0.7440   0.0079   0.1300   0.1011   0.0032   0.0000  -0.0055  -0.0250    0.304
     5   0.9075   7.1267   2.8223   0.7230   0.0055   0.1307   0.1016   0.0028   0.0000  -0.0052  -0.0248    0.301
     6   1.3432   6.8226   3.2414   0.6871   0.0061   0.1298   0.1008   0.0021   0.0000  -0.0051  -0.0246    0.301
     7   1.8554   6.4651   3.5491   0.6331   0.0158   0.1261   0.0980   0.0013   0.0000  -0.0053  -0.0242    0.304
     8   2.4386   6.0582   3.7368   0.5594   0.0233   0.1189   0.0924   0.0008   0.0000  -0.0058  -0.0235    0.313
     9   3.0862   5.6062   3.8005   0.4665   0.0159   0.1071   0.0833   0.0002   0.0000  -0.0067  -0.0224    0.331
    10   3.7613   5.1351   3.4440   0.3631   0.0061   0.0910   0.0707  -0.0002   0.0000  -0.0077  -0.0206    0.359
    11   4.4532   4.6522   3.3149   0.2574  -0.0023   0.0712   0.0554  -0.0004   0.0000  -0.0086  -0.0182    0.405
    12   5.1831   4.1429   3.0930   0.1483  -0.0122   0.0461   0.0358  -0.0005   0.0000  -0.0100  -0.0154    0.529
    13   6.0123   3.7903   3.4706   0.0536  -0.0170   0.0171   0.0141  -0.0002   0.0000  -0.0115  -0.0134    1.067
    14   6.9353   3.6075   3.3775  -0.0105  -0.0127  -0.0035  -0.0029   0.0000   0.0000  -0.0125  -0.0105
    15   7.8737   3.4215   3.2389  -0.0574  -0.0092  -0.0204  -0.0168   0.0002   0.0000  -0.0136  -0.0084   -0.559
    16   8.8172   3.2345   3.0619  -0.0920  -0.0071  -0.0345  -0.0285   0.0003   0.0000  -0.0148  -0.0069   -0.269
    17   9.7556   3.0486   2.8543  -0.1172  -0.0063  -0.0467  -0.0385   0.0003   0.0000  -0.0161  -0.0059   -0.170
    18  10.6786   2.8657   2.6239  -0.1345  -0.0063  -0.0570  -0.0470   0.0003   0.0000  -0.0177  -0.0054   -0.127
    19  11.5760   2.6879   2.3787  -0.1449  -0.0067  -0.0654  -0.0539   0.0004   0.0000  -0.0194  -0.0053   -0.109
    20  12.4328   2.5181   2.1010  -0.1477  -0.0069  -0.0712  -0.0587   0.0003   0.0000  -0.0205  -0.0053   -0.099
    21  13.2400   2.3582   1.8520  -0.1441  -0.0066  -0.0742  -0.0611   0.0002   0.0000  -0.0210  -0.0052   -0.093
    22  13.9941   2.2087   1.6074  -0.1362  -0.0064  -0.0749  -0.0617   0.0002   0.0000  -0.0214  -0.0055   -0.097
    23  14.6868   2.0715   1.3716  -0.1250  -0.0062  -0.0733  -0.0604   0.0001   0.0000  -0.0219  -0.0062   -0.113
    24  15.3105   1.9479   1.1479  -0.1107  -0.0059  -0.0690  -0.0568   0.0000   0.0000  -0.0224  -0.0073   -0.143
    25  15.8583   1.8393   0.9381  -0.0939  -0.0053  -0.0620  -0.0511  -0.0000   0.0000  -0.0223  -0.0085   -0.186
    26  16.3244   1.7470   0.7427  -0.0756  -0.0046  -0.0526  -0.0433  -0.0000   0.0000  -0.0202  -0.0085   -0.217
    27  16.6722   1.4928   0.4131  -0.0581  -0.0045  -0.1284  -0.0390  -0.0006   0.0000  -0.0154  -0.0028   -0.144
    28  16.9098   1.1466   0.2292  -0.0413  -0.0042  -0.1189  -0.0361  -0.0008   0.0000  -0.0159  -0.0033   -0.190
    29  17.0696   0.9138   0.1104  -0.0246  -0.0036  -0.0888  -0.0270  -0.0011   0.0000  -0.0145  -0.0037   -0.286
    30  17.1499   0.7967   0.0322  -0.0081  -0.0030  -0.0339  -0.0103  -0.0020   0.0000  -0.0069  -0.0021   -0.416

  Surface # 2     main_wing (YDUP)                        
     # Chordwise = 10   # Spanwise = 30     First strip = 31
     Surface area =   63.968842       Ave. chord =    3.715026
     CLsurf  =   0.01323     Clsurf  =  -0.00177
     CYsurf  =   0.00019     Cmsurf  =   0.00069
     CDsurf  =   0.00040     Cnsurf  =   0.00013
     CDisurf =   0.00040     CDvsurf =   0.00000

  Forces referred to Ssurf, Cave about hinge axis thru LE
     CLsurf  =   0.02578     CDsurf  =   0.00077
     Deflect =

 Strip Forces referred to Strip Area, Chord
    j      Yle    Chord     Area     c cl      ai      cl_norm  cl       cd       cdv    cm_c/4    cm_LE  C.P.x/c
    31  -0.0114   7.7520   0.3539   0.7726   0.0122   0.1292   0.1004   0.0199   0.0000  -0.0062   0.0253    0.312
    32  -0.1025   7.6885   1.0491   0.7588   0.0115   0.1273   0.0989   0.0048   0.0000  -0.0061   0.0250    0.312
    33  -0.2837   7.5620   1.7073   0.7544   0.0101   0.1286   0.1000   0.0038   0.0000  -0.0058   0.0250    0.308
    34  -0.5530   7.3741   2.3052   0.7440   0.0079   0.1300   0.1011   0.0032   0.0000  -0.0055   0.0250    0.304
    35  -0.9075   7.1267   2.8223   0.7230   0.0055   0.1307   0.1016   0.0028   0.0000  -0.0052   0.0248    0.301
    36  -1.3432   6.8226   3.2414   0.6871   0.0061   0.1298   0.1008   0.0021   0.0000  -0.0051   0.0246    0.301
    37  -1.8554   6.4651   3.5491   0.6331   0.0158   0.1261   0.0980   0.0013   0.0000  -0.0053   0.0242    0.304
    38  -2.4386   6.0582   3.7368   0.5594   0.0233   0.1189   0.0924   0.0008   0.0000  -0.0058   0.0235    0.313
    39  -3.0862   5.6062   3.8005   0.4665   0.0159   0.1071   0.0833   0.0002   0.0000  -0.0067   0.0224    0.331
    40  -3.7613   5.1351   3.4440   0.3631   0.0061   0.0910   0.0707  -0.0002   0.0000  -0.0077   0.0206    0.359
    41  -4.4532   4.6522   3.3149   0.2574  -0.0023   0.0712   0.0554  -0.0004   0.0000  -0.0086   0.0182    0.405
    42  -5.1831   4.1429   3.0930   0.1483  -0.0122   0.0461   0.0358  -0.0005   0.0000  -0.0100   0.0154    0.529
    43  -6.0123   3.7903   3.4706   0.0536  -0.0170   0.0171   0.0141  -0.0002   0.0000  -0.0115   0.0134    1.067
    44  -6.9353   3.6075   3.3775  -0.0105  -0.0127  -0.0035  -0.0029   0.0000   0.0000  -0.0125   0.0105
    45  -7.8737   3.4215   3.2389  -0.0574  -0.0092  -0.0204  -0.0168   0.0002   0.0000  -0.0136   0.0084   -0.559
    46  -8.8172   3.2345   3.0619  -0.0920  -0.0071  -0.0345  -0.0285   0.0003   0.0000  -0.0148   0.0069   -0.269
    47  -9.7556   3.0486   2.8543  -0.1172  -0.0063  -0.0467  -0.0385   0.0003   0.0000  -0.0161   0.0059   -0.170
    48 -10.6786   2.8657   2.6239  -0.1345  -0.0063  -0.0570  -0.0470   0.0003   0.0000  -0.0177   0.0054   -0.127
    49 -11.5760   2.6879   2.3787  -0.1449  -0.0067  -0.0654  -0.0539   0.0004   0.0000  -0.0194   0.0053   -0.109
    50 -12.4328   2.5181   2.1010  -0.1477  -0.0069  -0.0712  -0.0587   0.0003   0.0000  -0.0205   0.0053   -0.099
    51 -13.2400   2.3582   1.8520  -0.1441  -0.0066  -0.0742  -0.0611   0.0002   0.0000  -0.0210   0.0052   -0.093
    52 -13.9941   2.2087   1.6074  -0.1362  -0.0064  -0.0749  -0.0617   0.0002   0.0000  -0.0214   0.0055   -0.097
    53 -14.6868   2.0715   1.3716  -0.1250  -0.0062  -0.0733  -0.0604   0.0001   0.0000  -0.0219   0.0062   -0.113
    54 -15.3105   1.9479   1.1479  -0.1107  -0.0059  -0.0690  -0.0568   0.0000   0.0000  -0.0224   0.0073   -0.143
    55 -15.8583   1.8393   0.9381  -0.0939  -0.0053  -0.0620  -0.0511  -0.0000   0.0000  -0.0223   0.0085   -0.186
    56 -16.3244   1.7470   0.7427  -0.0756  -0.0046  -0.0526  -0.0433  -0.0000   0.0000  -0.0202   0.0085   -0.217
    57 -16.6722   1.4928   0.4131  -0.0581  -0.0045  -0.1284  -0.0390  -0.0006   0.0000  -0.0154   0.0028   -0.144
    58 -16.9098   1.1466   0.2292  -0.0413  -0.0042  -0.1189  -0.0361  -0.0008   0.0000  -0.0159   0.0033   -0.190
    59 -17.0696   0.9138   0.1104  -0.0246  -0.0036  -0.0888  -0.0270  -0.0011   0.0000  -0.0145   0.0037   -0.286
    60 -17.1499   0.7967   0.0322  -0.0081  -0.0030  -0.0339  -0.0103  -0.0020   0.0000  -0.0069   0.0021   -0.416

  Surface # 3     horizontal_stabilizer                   
     # Chordwise = 10   # Spanwise = 30     First strip = 61
     Surface area =   20.744604       Ave. chord =    2.848572
     CLsurf  =  -0.03006     Clsurf  =   0.00294
     CYsurf  =   0.00483     Cmsurf  =   0.14421
     CDsurf  =   0.00012     Cnsurf  =  -0.00298
     CDisurf =   0.00012     CDvsurf =   0.00000

  Forces referred to Ssurf, Cave about hinge axis thru LE
     CLsurf  =  -0.18323     CDsurf  =   0.00074
     Deflect =

 Strip Forces referred to Strip Area, Chord
    j      Yle    Chord     Area     c cl      ai      cl_norm  cl       cd       cdv    cm_c/4    cm_LE  C.P.x/c
    61   0.0047   4.2713   0.0803  -0.6012  -0.0208  -0.1777  -0.1386   0.0653   0.0000   0.0092   0.0371    0.316
    62   0.0418   4.2566   0.2392  -0.6933  -0.0212  -0.2086  -0.1627   0.0078   0.0000   0.0088   0.0415    0.304
    63   0.1156   4.2274   0.3930  -0.7003  -0.0217  -0.2124  -0.1656   0.0039   0.0000   0.0083   0.0417    0.300
    64   0.2254   4.1839   0.5386  -0.7024  -0.0220  -0.2153  -0.1679   0.0029   0.0000   0.0075   0.0414    0.294
    65   0.3698   4.1268   0.6730  -0.7027  -0.0221  -0.2183  -0.1703   0.0025   0.0000   0.0063   0.0409    0.287
    66   0.5474   4.0565   0.7936  -0.7021  -0.0219  -0.2220  -0.1731   0.0021   0.0000   0.0052   0.0405    0.280
    67   0.7617   3.9717   0.9441  -0.7000  -0.0212  -0.2260  -0.1763   0.0017   0.0000   0.0040   0.0402    0.273
    68   1.0116   3.8728   1.0344  -0.6964  -0.0199  -0.2306  -0.1799   0.0012   0.0000   0.0029   0.0401    0.266
    69   1.2891   3.7630   1.1046  -0.6899  -0.0180  -0.2352  -0.1834   0.0009   0.0000   0.0020   0.0400    0.261
    70   1.5912   3.6435   1.1542  -0.6805  -0.0156  -0.2396  -0.1868   0.0006   0.0000   0.0012   0.0401    0.257
    71   1.9146   3.5155   1.1831  -0.6680  -0.0133  -0.2438  -0.1901   0.0004   0.0000   0.0006   0.0402    0.253
    72   2.2558   3.3805   1.1921  -0.6521  -0.0114  -0.2475  -0.1930   0.0001   0.0000   0.0001   0.0404    0.251
    73   2.6109   3.2400   1.1821  -0.6326  -0.0103  -0.2505  -0.1954   0.0000   0.0000  -0.0003   0.0406    0.249
    74   2.9762   3.0955   1.1548  -0.6101  -0.0100  -0.2529  -0.1972  -0.0001   0.0000  -0.0006   0.0407    0.247
    75   3.3476   2.9485   1.1122  -0.5848  -0.0102  -0.2545  -0.1985  -0.0002   0.0000  -0.0008   0.0408    0.246
    76   3.7210   2.8008   1.0564  -0.5571  -0.0108  -0.2552  -0.1990  -0.0002   0.0000  -0.0010   0.0407    0.245
    77   4.0924   2.6538   0.9900  -0.5274  -0.0115  -0.2550  -0.1989  -0.0003   0.0000  -0.0012   0.0405    0.244
    78   4.4577   2.5093   0.9155  -0.4964  -0.0123  -0.2538  -0.1980  -0.0004   0.0000  -0.0015   0.0401    0.243
    79   4.8128   2.3687   0.8353  -0.4646  -0.0133  -0.2516  -0.1963  -0.0003   0.0000  -0.0018   0.0395    0.241
    80   5.1540   2.2338   0.7518  -0.4320  -0.0143  -0.2481  -0.1935  -0.0003   0.0000  -0.0022   0.0385    0.239
    81   5.4774   2.1058   0.6671  -0.3990  -0.0155  -0.2431  -0.1896  -0.0003   0.0000  -0.0028   0.0372    0.235
    82   5.7795   1.9862   0.5830  -0.3655  -0.0169  -0.2361  -0.1841  -0.0004   0.0000  -0.0037   0.0353    0.230
    83   6.0570   1.8764   0.5012  -0.3311  -0.0184  -0.2264  -0.1766  -0.0004   0.0000  -0.0047   0.0329    0.223
    84   6.3069   1.7776   0.4225  -0.2958  -0.0200  -0.2135  -0.1665  -0.0005   0.0000  -0.0060   0.0297    0.214
    85   6.5264   1.6907   0.3478  -0.2591  -0.0216  -0.1967  -0.1534  -0.0006   0.0000  -0.0073   0.0258    0.202
    86   6.7314   1.6096   0.3326  -0.2190  -0.0231  -0.1746  -0.1361  -0.0007   0.0000  -0.0085   0.0212    0.188
    87   6.9144   1.5372   0.2507  -0.1737  -0.0245  -0.1450  -0.1131  -0.0007   0.0000  -0.0092   0.0158    0.169
    88   7.0535   1.4822   0.1746  -0.1259  -0.0256  -0.1090  -0.0850  -0.0008   0.0000  -0.0086   0.0105    0.149
    89   7.1471   1.4451   0.1029  -0.0763  -0.0264  -0.0678  -0.0529  -0.0008   0.0000  -0.0062   0.0057    0.132
    90   7.1941   1.4265   0.0340  -0.0256  -0.0268  -0.0230  -0.0180  -0.0007   0.0000  -0.0023   0.0018    0.122

  Surface # 4     horizontal_stabilizer (YDUP)            
     # Chordwise = 10   # Spanwise = 30     First strip = 91
     Surface area =   20.744604       Ave. chord =    2.848572
     CLsurf  =  -0.03006     Clsurf  =  -0.00294
     CYsurf  =  -0.00483     Cmsurf  =   0.14421
     CDsurf  =   0.00012     Cnsurf  =   0.00298
     CDisurf =   0.00012     CDvsurf =   0.00000

  Forces referred to Ssurf, Cave about hinge axis thru LE
     CLsurf  =  -0.18323     CDsurf  =   0.00074
     Deflect =

 Strip Forces referred to Strip Area, Chord
    j      Yle    Chord     Area     c cl      ai      cl_norm  cl       cd       cdv    cm_c/4    cm_LE  C.P.x/c
    91  -0.0047   4.2713   0.0803  -0.6012  -0.0208  -0.1777  -0.1386   0.0653   0.0000   0.0092  -0.0371    0.316
    92  -0.0418   4.2566   0.2392  -0.6933  -0.0212  -0.2086  -0.1627   0.0078   0.0000   0.0088  -0.0415    0.304
    93  -0.1156   4.2274   0.3930  -0.7003  -0.0217  -0.2124  -0.1656   0.0039   0.0000   0.0083  -0.0417    0.300
    94  -0.2254   4.1839   0.5386  -0.7024  -0.0220  -0.2153  -0.1679   0.0029   0.0000   0.0075  -0.0414    0.294
    95  -0.3698   4.1268   0.6730  -0.7027  -0.0221  -0.2183  -0.1703   0.0025   0.0000   0.0063  -0.0409    0.287
    96  -0.5474   4.0565   0.7936  -0.7021  -0.0219  -0.2220  -0.1731   0.0021   0.0000   0.0052  -0.0405    0.280
    97  -0.7617   3.9717   0.9441  -0.7000  -0.0212  -0.2260  -0.1763   0.0017   0.0000   0.0040  -0.0402    0.273
    98  -1.0116   3.8728   1.0344  -0.6964  -0.0199  -0.2306  -0.1799   0.0012   0.0000   0.0029  -0.0401    0.266
    99  -1.2891   3.7630   1.1046  -0.6899  -0.0180  -0.2352  -0.1834   0.0009   0.0000   0.0020  -0.0400    0.261
   100  -1.5912   3.6435   1.1542  -0.6805  -0.0156  -0.2396  -0.1868   0.0006   0.0000   0.0012  -0.0401    0.257
   101  -1.9146   3.5155   1.1831  -0.6680  -0.0133  -0.2438  -0.1901   0.0004   0.0000   0.0006  -0.0402    0.253
   102  -2.2558   3.3805   1.1921  -0.6521  -0.0114  -0.2475  -0.1930   0.0001   0.0000   0.0001  -0.0404    0.251
   103  -2.6109   3.2400   1.1821  -0.6326  -0.0103  -0.2505  -0.1954   0.0000   0.0000  -0.0003  -0.0406    0.249
   104  -2.9762   3.0955   1.1548  -0.6101  -0.0100  -0.2529  -0.1972  -0.0001   0.0000  -0.0006  -0.0407    0.247
   105  -3.3476   2.9485   1.1122  -0.5848  -0.0102  -0.2545  -0.1985  -0.0002   0.0000  -0.0008  -0.0408    0.246
   106  -3.7210   2.8008   1.0564  -0.5571  -0.0108  -0.2552  -0.1990  -0.0002   0.0000  -0.0010  -0.0407    0.245
   107  -4.0924   2.6538   0.9900  -0.5274  -0.0115  -0.2550  -0.1989  -0.0003   0.0000  -0.0012  -0.0405    0.244
   108  -4.4577   2.5093   0.9155  -0.4964  -0.0123  -0.2538  -0.1980  -0.0004   0.0000  -0.0015  -0.0401    0.243
   109  -4.8128   2.3687   0.8353  -0.4646  -0.0133  -0.2516  -0.1962  -0.0003   0.0000  -0.0018  -0.0395    0.241
   110  -5.1540   2.2338   0.7518  -0.4320  -0.0143  -0.2481  -0.1935  -0.0003   0.0000  -0.0022  -0.0385    0.239
   111  -5.4774   2.1058   0.6671  -0.3990  -0.0155  -0.2431  -0.1896  -0.0003   0.0000  -0.0028  -0.0372    0.235
   112  -5.7795   1.9862   0.5830  -0.3655  -0.0169  -0.2361  -0.1841  -0.0004   0.0000  -0.0037  -0.0353    0.230
   113  -6.0570   1.8764   0.5012  -0.3311  -0.0184  -0.2264  -0.1766  -0.0004   0.0000  -0.0047  -0.0329    0.223
   114  -6.3069   1.7776   0.4225  -0.2958  -0.0200  -0.2135  -0.1665  -0.0005   0.0000  -0.0060  -0.0297    0.214
   115  -6.5264   1.6907   0.3478  -0.2591  -0.0216  -0.1967  -0.1534  -0.0006   0.0000  -0.0073  -0.0258    0.202
   116  -6.7314   1.6096   0.3326  -0.2190  -0.0231  -0.1746  -0.1361  -0.0007   0.0000  -0.0085  -0.0212    0.188
   117  -6.9144   1.5372   0.2507  -0.1737  -0.0245  -0.1450  -0.1131  -0.0007   0.0000  -0.0092  -0.0158    0.169
   118  -7.0535   1.4822   0.1746  -0.1259  -0.0256  -0.1090  -0.0850  -0.0008   0.0000  -0.0086  -0.0105    0.149
   119  -7.1471   1.4451   0.1029  -0.0763  -0.0264  -0.0678  -0.0529  -0.0008   0.0000  -0.0062  -0.0057    0.132
   120  -7.1941   1.4265   0.0340  -0.0256  -0.0268  -0.0230  -0.0180  -0.0007   0.0000  -0.0023  -0.0018    0.122

  Surface # 5     vertical_stabilizer                     
     # Chordwise = 10   # Spanwise = 30     First strip =121
     Surface area =   34.910358       Ave. chord =    4.190919
     CLsurf  =  -0.00000     Clsurf  =  -0.00000
     CYsurf  =  -0.00000     Cmsurf  =   0.00000
     CDsurf  =   0.00000     Cnsurf  =   0.00000
     CDisurf =   0.00000     CDvsurf =   0.00000

  Forces referred to Ssurf, Cave about hinge axis thru LE
     CLsurf  =   0.00000     CDsurf  =   0.00000
     Deflect =

 Strip Forces referred to Strip Area, Chord
    j      Yle    Chord     Area     c cl      ai      cl_norm  cl       cd       cdv    cm_c/4    cm_LE  C.P.x/c
   121   0.0000  10.0347   0.6931   0.0000  -0.0000   0.0000   0.0000   0.0000   0.0000  -0.0000  -0.0000    0.807
   122   0.0000   9.8296   1.1101   0.0000  -0.0000   0.0000   0.0000   0.0000   0.0000  -0.0000  -0.0000    0.804
   123   0.0000   9.5266   1.4857   0.0000  -0.0000   0.0000   0.0000   0.0000   0.0000  -0.0000  -0.0000    0.794
   124   0.0000   9.1281   1.8040   0.0000  -0.0000   0.0000   0.0000   0.0000   0.0000  -0.0000  -0.0000    0.775
   125   0.0000   8.6377   2.0517   0.0000  -0.0000   0.0000   0.0000   0.0000   0.0000  -0.0000  -0.0000    0.749
   126   0.0000   8.0598   2.2181   0.0000  -0.0000   0.0000   0.0000   0.0000   0.0000  -0.0000  -0.0000    0.721
   127   0.0000   7.4000   2.2957   0.0000  -0.0000   0.0000   0.0000   0.0000   0.0000  -0.0000  -0.0000    0.682
   128   0.0000   6.6646   2.2808   0.0000  -0.0000   0.0000   0.0000   0.0000   0.0000  -0.0000  -0.0000    0.637
   129   0.0000   5.8609   2.1733   0.0000  -0.0000   0.0000   0.0000   0.0000   0.0000  -0.0000  -0.0000    0.581
   130   0.0000   4.9969   1.9773   0.0000  -0.0000   0.0000   0.0000   0.0000   0.0000  -0.0000  -0.0000    0.508
   131   0.0000   4.4389   1.6667   0.0000  -0.0000   0.0000   0.0000   0.0000   0.0000  -0.0000  -0.0000    0.450
   132   0.0000   4.2198   1.6478   0.0000  -0.0000   0.0000   0.0000   0.0000   0.0000  -0.0000  -0.0000    0.416
   133   0.0000   3.9932   1.6033   0.0000  -0.0000   0.0000   0.0000   0.0000   0.0000  -0.0000  -0.0000    0.390
   134   0.0000   3.7615   1.5362   0.0000  -0.0000   0.0000   0.0000  -0.0000   0.0000  -0.0000  -0.0000    0.371
   135   0.0000   3.5271   1.4499   0.0000  -0.0000   0.0000   0.0000  -0.0000   0.0000  -0.0000  -0.0000    0.352
   136   0.0000   3.2923   1.3482   0.0000  -0.0000   0.0000   0.0000  -0.0000   0.0000  -0.0000  -0.0000    0.331
   137   0.0000   3.0597   1.2352   0.0000  -0.0000   0.0000   0.0000  -0.0000   0.0000  -0.0000  -0.0000    0.317
   138   0.0000   2.8315   1.1147   0.0000  -0.0000   0.0000   0.0000  -0.0000   0.0000  -0.0000  -0.0000    0.302
   139   0.0000   2.6103   0.9908   0.0000  -0.0000   0.0000   0.0000  -0.0000   0.0000  -0.0000  -0.0000    0.292
   140   0.0000   2.3983   0.8670   0.0000  -0.0000   0.0000   0.0000  -0.0000   0.0000  -0.0000  -0.0000    0.282
   141   0.0000   2.1977   0.7464   0.0000  -0.0000   0.0000   0.0000  -0.0000   0.0000  -0.0000  -0.0000    0.273
   142   0.0000   2.0106   0.6318   0.0000  -0.0000   0.0000   0.0000  -0.0000   0.0000  -0.0000  -0.0000    0.266
   143   0.0000   1.8390   0.5251   0.0000  -0.0000   0.0000   0.0000  -0.0000   0.0000  -0.0000  -0.0000    0.254
   144   0.0000   1.6847   0.4276   0.0000  -0.0000   0.0000   0.0000  -0.0000   0.0000   0.0000  -0.0000    0.243
   145   0.0000   1.5493   0.3400   0.0000  -0.0000   0.0000   0.0000  -0.0000   0.0000   0.0000  -0.0000    0.231
   146   0.0000   1.4342   0.2622   0.0000  -0.0000   0.0000   0.0000  -0.0000   0.0000   0.0000  -0.0000    0.212
   147   0.0000   1.3407   0.1933   0.0000  -0.0000   0.0000   0.0000  -0.0000   0.0000   0.0000  -0.0000    0.193
   148   0.0000   1.2696   0.1322   0.0000  -0.0000   0.0000   0.0000  -0.0000   0.0000   0.0000  -0.0000    0.169
   149   0.0000   1.2218   0.0769   0.0000  -0.0000   0.0000   0.0000  -0.0000   0.0000   0.0000  -0.0000    0.151
   150   0.0000   1.1978   0.0252   0.0000  -0.0000   0.0000   0.0000  -0.0000   0.0000   0.0000  -0.0000    0.142

  Surface # 6     fuselage_horizontal                     
     # Chordwise = 10   # Spanwise = 10     First strip =151
     Surface area =  123.841202       Ave. chord =   33.112617
     CLsurf  =  -0.00974     Clsurf  =   0.00000
     CYsurf  =  -0.00000     Cmsurf  =  -0.02442
     CDsurf  =   0.00022     Cnsurf  =   0.00000
     CDisurf =   0.00022     CDvsurf =   0.00000

  Forces referred to Ssurf, Cave about hinge axis thru LE
     CLsurf  =  -0.00982     CDsurf  =   0.00022
     Deflect =

 Strip Forces referred to Strip Area, Chord
    j      Yle    Chord     Area     c cl      ai      cl_norm  cl       cd       cdv    cm_c/4    cm_LE  C.P.x/c
   151  -1.6830  26.5957   9.9468  -0.2453  -0.0608  -0.1147  -0.0092   0.0001   0.0000  -0.0003   0.0003    0.212
   152  -1.3090  31.2096  11.6724  -0.3297  -0.0568  -0.0411  -0.0106   0.0002   0.0000  -0.0008   0.0005    0.174
   153  -0.9350  34.0626  12.7394  -0.3476  -0.0329  -0.0249  -0.0102   0.0002   0.0000  -0.0017   0.0003    0.088
   154  -0.5610  36.1619  13.5246  -0.3511  -0.0209  -0.0163  -0.0097   0.0003   0.0000  -0.0022   0.0001    0.027
   155  -0.1870  37.5332  14.0374  -0.3517  -0.0164  -0.0109  -0.0094   0.0003   0.0000  -0.0024  -0.0000   -0.003
   156   0.1870  37.5332  14.0374  -0.3517  -0.0164  -0.0109  -0.0094   0.0003   0.0000  -0.0024  -0.0000   -0.003
   157   0.5610  36.1619  13.5246  -0.3511  -0.0209  -0.0163  -0.0097   0.0003   0.0000  -0.0022   0.0001    0.027
   158   0.9350  34.0626  12.7394  -0.3476  -0.0329  -0.0249  -0.0102   0.0002   0.0000  -0.0017   0.0003    0.088
   159   1.3090  31.2096  11.6724  -0.3297  -0.0568  -0.0411  -0.0106   0.0002   0.0000  -0.0008   0.0005    0.174
   160   1.6830  26.5957   9.9468  -0.2453  -0.0608  -0.1147  -0.0092   0.0001   0.0000  -0.0003   0.0003    0.212

  Surface # 7     fuselage_vertical                       
     # Chordwise = 10   # Spanwise = 10     First strip =161
     Surface area =  123.841202       Ave. chord =   33.112617
     CLsurf  =  -0.00000     Clsurf  =   0.00000
     CYsurf  =   0.00000     Cmsurf  =  -0.00000
     CDsurf  =   0.00000     Cnsurf  =  -0.00000
     CDisurf =   0.00000     CDvsurf =   0.00000

  Forces referred to Ssurf, Cave about hinge axis thru LE
     CLsurf  =  -0.00000     CDsurf  =   0.00000
     Deflect =

 Strip Forces referred to Strip Area, Chord
    j      Yle    Chord     Area     c cl      ai      cl_norm  cl       cd       cdv    cm_c/4    cm_LE  C.P.x/c
   161   0.0000  26.5957   9.9468  -0.0000  -0.0000  -0.0000  -0.0000   0.0000   0.0000   0.0000   0.0000    0.833
   162   0.0000  31.2096  11.6724  -0.0000  -0.0000  -0.0000  -0.0000   0.0000   0.0000   0.0000   0.0000    0.833
   163   0.0000  34.0626  12.7394  -0.0000  -0.0000  -0.0000  -0.0000   0.0000   0.0000   0.0000   0.0000    0.847
   164   0.0000  36.1619  13.5246  -0.0000   0.0000  -0.0000  -0.0000   0.0000   0.0000   0.0000   0.0000    0.839
   165   0.0000  37.5332  14.0374  -0.0000   0.0000  -0.0000  -0.0000  -0.0000   0.0000   0.0000   0.0000    0.827
   166   0.0000  37.5332  14.0374  -0.0000  -0.0000  -0.0000  -0.0000   0.0000   0.0000   0.0000   0.0000    0.801
   167   0.0000  36.1619  13.5246  -0.0000   0.0000  -0.0000  -0.0000   0.0000   0.0000   0.0000   0.0000    0.778
   168   0.0000  34.0626  12.7394  -0.0000   0.0000  -0.0000  -0.0000   0.0000   0.0000   0.0000   0.0000    0.733
   169   0.0000  31.2096  11.6724  -0.0000   0.0000  -0.0000  -0.0000  -0.0000   0.0000   0.0000   0.0000    0.583
   170   0.0000  26.5957   9.9468  -0.0000  -0.0000  -0.0000  -0.0000  -0.0000   0.0000   0.0000   0.0000    0.352
 ---------------------------------------------------------------
