 ---------------------------------------------------------------
 Surface and Strip Forces by surface

  Forces referred to Sref, Cref, Bref about Xref, Yref, Zref
 Standard axis orientation,  X fwd, Z down         

  Surface # 1     main_wing                               
     # Chordwise = 10   # Spanwise = 20     First strip =  1
     Surface area =   63.790974       Ave. chord =    3.717419
     CLsurf  =  -3.70312     Clsurf  =   0.81547
     CYsurf  =  -0.09009     Cmsurf  =   0.66562
     CDsurf  =   0.12247     Cnsurf  =   0.29709
     CDisurf =   0.12247     CDvsurf =   0.00000

  Forces referred to Ssurf, Cave about hinge axis thru LE
     CLsurf  =  -7.24813     CDsurf  =   0.23972
     Deflect =

 Strip Forces referred to Strip Area, Chord
    j      Yle    Chord     Area     c cl      ai      cl_norm  cl       cd       cdv    cm_c/4    cm_LE  C.P.x/c
     1   0.0271   7.7411   0.8376 -28.8460  -0.8771  -3.7267  -3.7263 ********   0.0000   1.5414   2.4326    0.664
     2   0.2428   7.5905   2.4436 -34.4749  -0.7779  -4.5422  -4.5418 -10.1560   0.0000   1.7283   2.8169    0.631
     3   0.6690   7.2932   3.8488 -34.3595  -0.6083  -4.7116  -4.7112   0.4686   0.0000   1.7208   2.8513    0.615
     4   1.2950   6.8563   4.9402 -33.2035  -0.3760  -4.8433  -4.8428   2.5905   0.0000   1.5860   2.7510    0.578
     5   2.1056   6.2906   5.6339 -32.4845  -0.0980  -5.1645  -5.1640   1.5703   0.0000   1.3000   2.5487    0.502
     6   3.0065   5.6619   5.0672 -30.5419   0.0739  -5.3948  -5.3943   1.6483   0.0000   0.8682   2.1805    0.411
     7   3.9586   4.9974   5.0150 -29.5574   0.0045  -5.9151  -5.9145   2.3814   0.0000   0.5076   1.9538    0.336
     8   5.0073   4.2656   4.6382 -30.1777  -0.1808  -7.0753  -7.0747   3.0992   0.0000   0.2159   1.9522    0.281
     9   6.1989   3.7534   4.8429 -31.0333  -0.4794  -8.2686  -8.2681   3.9107   0.0000  -0.0075   2.0561    0.249
    10   7.5095   3.4937   4.6216 -31.1155  -0.6366  -8.9068  -8.9062   3.6889   0.0000  -0.0817   2.1414    0.241
    11   8.8364   3.2307   4.2738 -30.4489  -0.6865  -9.4254  -9.4248   3.5092   0.0000  -0.1047   2.2478    0.239
    12  10.1470   2.9710   3.8335 -29.1453  -0.6806  -9.8104  -9.8098   3.3361   0.0000  -0.1091   2.3395    0.239
    13  11.4090   2.7210   3.3357 -27.3162  -0.6631 -10.0398 -10.0392   3.2291   0.0000  -0.1165   2.3894    0.238
    14  12.6340   2.4782   3.0105 -25.0170  -0.6513 -10.0953 -10.0947   3.1175   0.0000  -0.1271   2.3927    0.237
    15  13.7866   2.2498   2.4374 -22.2796  -0.6542  -9.9034  -9.9028   3.0229   0.0000  -0.1483   2.3236    0.235
    16  14.7941   2.0502   1.8970 -19.1953  -0.6772  -9.3632  -9.3626   2.9405   0.0000  -0.1828   2.1543    0.230
    17  15.6315   1.8843   1.4027 -15.7844  -0.7197  -8.3775  -8.3770   2.8347   0.0000  -0.2272   1.8640    0.223
    18  16.2783   1.7561   0.9575 -12.0384  -0.7740  -6.8556  -6.8552   2.6941   0.0000  -0.2613   1.4502    0.212
    19  16.8016   1.3043   0.6198  -7.6180  -0.6515  -5.8429  -5.8407   1.3511   0.0000  -0.3300   1.0559    0.193
    20  17.1200   0.8402   0.1342  -2.5258  -0.5234  -3.0072  -3.0060  -0.2636   0.0000  -0.2573   0.4618    0.164

  Surface # 2     main_wing (YDUP)                        
     # Chordwise = 10   # Spanwise = 20     First strip = 21
     Surface area =   63.790974       Ave. chord =    3.717419
     CLsurf  =  -3.70311     Clsurf  =  -0.81547
     CYsurf  =   0.09009     Cmsurf  =   0.66562
     CDsurf  =   0.12245     Cnsurf  =  -0.29709
     CDisurf =   0.12245     CDvsurf =   0.00000

  Forces referred to Ssurf, Cave about hinge axis thru LE
     CLsurf  =  -7.24811     CDsurf  =   0.23967
     Deflect =

 Strip Forces referred to Strip Area, Chord
    j      Yle    Chord     Area     c cl      ai      cl_norm  cl       cd       cdv    cm_c/4    cm_LE  C.P.x/c
    21  -0.0271   7.7411   0.8376 -28.8459  -0.8766  -3.7267  -3.7263 ********   0.0000   1.5414  -2.4326    0.664
    22  -0.2428   7.5905   2.4436 -34.4748  -0.7779  -4.5422  -4.5418 -10.1563   0.0000   1.7283  -2.8169    0.631
    23  -0.6690   7.2932   3.8488 -34.3595  -0.6083  -4.7116  -4.7112   0.4687   0.0000   1.7208  -2.8513    0.615
    24  -1.2950   6.8563   4.9402 -33.2035  -0.3760  -4.8432  -4.8428   2.5904   0.0000   1.5860  -2.7510    0.578
    25  -2.1056   6.2906   5.6339 -32.4844  -0.0980  -5.1644  -5.1640   1.5702   0.0000   1.3000  -2.5486    0.502
    26  -3.0065   5.6619   5.0672 -30.5418   0.0739  -5.3948  -5.3943   1.6483   0.0000   0.8682  -2.1805    0.411
    27  -3.9586   4.9974   5.0150 -29.5573   0.0045  -5.9151  -5.9145   2.3814   0.0000   0.5076  -1.9538    0.336
    28  -5.0073   4.2656   4.6382 -30.1776  -0.1808  -7.0753  -7.0747   3.0992   0.0000   0.2159  -1.9522    0.281
    29  -6.1989   3.7534   4.8429 -31.0331  -0.4794  -8.2686  -8.2681   3.9106   0.0000  -0.0075  -2.0561    0.249
    30  -7.5095   3.4937   4.6216 -31.1154  -0.6366  -8.9068  -8.9062   3.6889   0.0000  -0.0817  -2.1413    0.241
    31  -8.8364   3.2307   4.2738 -30.4488  -0.6865  -9.4253  -9.4247   3.5092   0.0000  -0.1047  -2.2478    0.239
    32 -10.1470   2.9710   3.8335 -29.1452  -0.6806  -9.8104  -9.8098   3.3361   0.0000  -0.1091  -2.3395    0.239
    33 -11.4090   2.7210   3.3357 -27.3161  -0.6631 -10.0397 -10.0391   3.2291   0.0000  -0.1165  -2.3894    0.238
    34 -12.6340   2.4782   3.0105 -25.0169  -0.6513 -10.0953 -10.0947   3.1175   0.0000  -0.1270  -2.3927    0.237
    35 -13.7866   2.2498   2.4374 -22.2795  -0.6542  -9.9034  -9.9028   3.0229   0.0000  -0.1483  -2.3236    0.235
    36 -14.7941   2.0502   1.8970 -19.1952  -0.6772  -9.3632  -9.3626   2.9405   0.0000  -0.1828  -2.1543    0.230
    37 -15.6315   1.8843   1.4027 -15.7843  -0.7196  -8.3774  -8.3769   2.8346   0.0000  -0.2272  -1.8640    0.223
    38 -16.2783   1.7561   0.9575 -12.0383  -0.7740  -6.8556  -6.8552   2.6940   0.0000  -0.2613  -1.4502    0.212
    39 -16.8016   1.3043   0.6198  -7.6180  -0.6515  -5.8429  -5.8407   1.3510   0.0000  -0.3300  -1.0559    0.193
    40 -17.1200   0.8402   0.1342  -2.5258  -0.5234  -3.0071  -3.0060  -0.2636   0.0000  -0.2573  -0.4618    0.164

  Surface # 3     horizontal_stabilizer                   
     # Chordwise = 10   # Spanwise = 20     First strip = 41
     Surface area =   20.072786       Ave. chord =    2.827143
     CLsurf  =   0.30668     Clsurf  =  -0.02677
     CYsurf  =   0.00772     Cmsurf  =  -1.37463
     CDsurf  =  -0.06718     Cnsurf  =  -0.01098
     CDisurf =  -0.06718     CDvsurf =   0.00000

  Forces referred to Ssurf, Cave about hinge axis thru LE
     CLsurf  =   1.90755     CDsurf  =  -0.41789
     Deflect =

 Strip Forces referred to Strip Area, Chord
    j      Yle    Chord     Area     c cl      ai      cl_norm  cl       cd       cdv    cm_c/4    cm_LE  C.P.x/c
    41   0.0103   4.6946   0.1934   6.9643  -0.1053   1.4837   1.4835   0.4667   0.0000   0.0461  -0.3215    0.219
    42   0.0924   4.6512   0.5701   6.8409  -0.1075   1.4710   1.4708  -0.1572   0.0000   0.0443  -0.3201    0.220
    43   0.2547   4.5656   0.9173   6.8257  -0.1090   1.4952   1.4950  -0.2046   0.0000   0.0460  -0.3244    0.219
    44   0.4930   4.4399   1.2180   6.8062  -0.1062   1.5332   1.5330  -0.2347   0.0000   0.0483  -0.3315    0.218
    45   0.8160   4.2695   1.5847   6.7706  -0.0995   1.5861   1.5858  -0.2659   0.0000   0.0511  -0.3419    0.218
    46   1.2202   4.0563   1.7628   6.7050  -0.0981   1.6533   1.6530  -0.2963   0.0000   0.0541  -0.3555    0.217
    47   1.6825   3.8123   1.8577   6.6013  -0.1159   1.7318   1.7316  -0.3304   0.0000   0.0573  -0.3718    0.217
    48   2.1917   3.5437   1.8711   6.4551  -0.1399   1.8219   1.8216  -0.3700   0.0000   0.0604  -0.3910    0.217
    49   2.7353   3.2569   1.8099   6.2538  -0.1411   1.9205   1.9202  -0.4030   0.0000   0.0641  -0.4117    0.217
    50   3.2997   2.9591   1.6859   6.0108  -0.1267   2.0316   2.0313  -0.4537   0.0000   0.0682  -0.4352    0.216
    51   3.8713   2.6576   1.5141   5.7192  -0.1130   2.1524   2.1520  -0.5195   0.0000   0.0734  -0.4599    0.216
    52   4.4357   2.3597   1.3114   5.3639  -0.1056   2.2734   2.2731  -0.5734   0.0000   0.0798  -0.4835    0.215
    53   4.9793   2.0730   1.0945   4.9508  -0.1047   2.3886   2.3883  -0.6599   0.0000   0.0869  -0.5049    0.214
    54   5.4885   1.8043   0.8792   4.4528  -0.1089   2.4682   2.4679  -0.7278   0.0000   0.0952  -0.5165    0.211
    55   5.9508   1.5604   0.6781   3.8745  -0.1156   2.4834   2.4831  -0.7723   0.0000   0.1040  -0.5115    0.208
    56   6.3550   1.3472   0.5000   3.2110  -0.1213   2.3839   2.3835  -0.7708   0.0000   0.1134  -0.4776    0.202
    57   6.6617   1.1853   0.2890   2.5167  -0.1234   2.1236   2.1232  -0.7076   0.0000   0.1179  -0.4087    0.194
    58   6.8736   1.0735   0.1917   1.8289  -0.1211   1.7039   1.7037  -0.5807   0.0000   0.1118  -0.3109    0.184
    59   7.0178   0.9975   0.1087   1.1119  -0.1156   1.1149   1.1147  -0.3725   0.0000   0.0854  -0.1913    0.173
    60   7.0908   0.9589   0.0351   0.3737  -0.1093   0.3898   0.3897  -0.1421   0.0000   0.0328  -0.0639    0.166

  Surface # 4     horizontal_stabilizer (YDUP)            
     # Chordwise = 10   # Spanwise = 20     First strip = 61
     Surface area =   20.072786       Ave. chord =    2.827143
     CLsurf  =   0.30668     Clsurf  =   0.02677
     CYsurf  =  -0.00772     Cmsurf  =  -1.37462
     CDsurf  =  -0.06718     Cnsurf  =   0.01098
     CDisurf =  -0.06718     CDvsurf =   0.00000

  Forces referred to Ssurf, Cave about hinge axis thru LE
     CLsurf  =   1.90754     CDsurf  =  -0.41789
     Deflect =

 Strip Forces referred to Strip Area, Chord
    j      Yle    Chord     Area     c cl      ai      cl_norm  cl       cd       cdv    cm_c/4    cm_LE  C.P.x/c
    61  -0.0103   4.6946   0.1934   6.9643  -0.1053   1.4837   1.4835   0.4667   0.0000   0.0461   0.3215    0.219
    62  -0.0924   4.6512   0.5701   6.8409  -0.1075   1.4710   1.4708  -0.1572   0.0000   0.0443   0.3201    0.220
    63  -0.2547   4.5656   0.9173   6.8257  -0.1090   1.4952   1.4950  -0.2046   0.0000   0.0460   0.3244    0.219
    64  -0.4930   4.4399   1.2180   6.8062  -0.1062   1.5332   1.5330  -0.2348   0.0000   0.0483   0.3315    0.218
    65  -0.8160   4.2695   1.5847   6.7706  -0.0995   1.5861   1.5858  -0.2659   0.0000   0.0511   0.3419    0.218
    66  -1.2202   4.0563   1.7628   6.7050  -0.0981   1.6533   1.6530  -0.2963   0.0000   0.0541   0.3555    0.217
    67  -1.6825   3.8123   1.8577   6.6013  -0.1159   1.7318   1.7316  -0.3304   0.0000   0.0573   0.3718    0.217
    68  -2.1917   3.5437   1.8711   6.4551  -0.1399   1.8219   1.8216  -0.3700   0.0000   0.0604   0.3910    0.217
    69  -2.7353   3.2569   1.8099   6.2538  -0.1411   1.9205   1.9202  -0.4030   0.0000   0.0641   0.4117    0.217
    70  -3.2997   2.9591   1.6859   6.0107  -0.1267   2.0316   2.0313  -0.4537   0.0000   0.0682   0.4352    0.216
    71  -3.8713   2.6576   1.5141   5.7191  -0.1130   2.1524   2.1520  -0.5195   0.0000   0.0734   0.4599    0.216
    72  -4.4357   2.3597   1.3114   5.3639  -0.1056   2.2734   2.2731  -0.5734   0.0000   0.0798   0.4835    0.215
    73  -4.9793   2.0730   1.0945   4.9507  -0.1047   2.3886   2.3882  -0.6599   0.0000   0.0869   0.5049    0.214
    74  -5.4885   1.8043   0.8792   4.4528  -0.1090   2.4682   2.4678  -0.7277   0.0000   0.0952   0.5165    0.211
    75  -5.9508   1.5604   0.6781   3.8745  -0.1156   2.4834   2.4830  -0.7722   0.0000   0.1040   0.5115    0.208
    76  -6.3550   1.3472   0.5000   3.2110  -0.1213   2.3839   2.3835  -0.7708   0.0000   0.1134   0.4776    0.202
    77  -6.6617   1.1853   0.2890   2.5167  -0.1234   2.1235   2.1232  -0.7076   0.0000   0.1179   0.4087    0.194
    78  -6.8736   1.0735   0.1917   1.8289  -0.1211   1.7039   1.7036  -0.5807   0.0000   0.1118   0.3109    0.184
    79  -7.0178   0.9975   0.1087   1.1119  -0.1156   1.1149   1.1147  -0.3725   0.0000   0.0854   0.1913    0.173
    80  -7.0908   0.9589   0.0351   0.3737  -0.1093   0.3898   0.3897  -0.1421   0.0000   0.0328   0.0639    0.166

  Surface # 5     vertical_stabilizer                     
     # Chordwise = 10   # Spanwise = 20     First strip = 81
     Surface area =   26.974527       Ave. chord =    3.612513
     CLsurf  =   0.00000     Clsurf  =  -0.00000
     CYsurf  =  -0.00000     Cmsurf  =  -0.00000
     CDsurf  =  -0.00000     Cnsurf  =   0.00000
     CDisurf =  -0.00000     CDvsurf =   0.00000

  Forces referred to Ssurf, Cave about hinge axis thru LE
     CLsurf  =   0.00000     CDsurf  =  -0.00000
     Deflect =

 Strip Forces referred to Strip Area, Chord
    j      Yle    Chord     Area     c cl      ai      cl_norm  cl       cd       cdv    cm_c/4    cm_LE  C.P.x/c
    81   0.0000   8.1033   0.7081   0.0000  -0.0000   0.0000   0.0000  -0.0000   0.0000   0.0000   0.0000
    82   0.0000   7.7953   1.2357   0.0000   0.0000   0.0000   0.0000  -0.0000   0.0000   0.0000   0.0000
    83   0.0000   7.3128   1.6577  -0.0000  -0.0000  -0.0000  -0.0000  -0.0000   0.0000   0.0000   0.0000
    84   0.0000   6.6651   1.9342   0.0000  -0.0000   0.0000   0.0000  -0.0000   0.0000   0.0000   0.0000
    85   0.0000   5.8661   2.0384   0.0000  -0.0000   0.0000   0.0000  -0.0000   0.0000   0.0000   0.0000
    86   0.0000   4.9330   1.9589   0.0000  -0.0000   0.0000   0.0000  -0.0000   0.0000   0.0000   0.0000
    87   0.0000   4.2949   2.2317   0.0000  -0.0000   0.0000   0.0000  -0.0000   0.0000   0.0000   0.0000   -0.297
    88   0.0000   4.0244   2.2380   0.0000   0.0000   0.0000   0.0000  -0.0000   0.0000   0.0000   0.0000   -0.165
    89   0.0000   3.7387   2.1678   0.0000   0.0000   0.0000   0.0000  -0.0000   0.0000   0.0000   0.0000   -0.004
    90   0.0000   3.4444   2.0327   0.0000   0.0000   0.0000   0.0000  -0.0000   0.0000   0.0000  -0.0000    0.034
    91   0.0000   3.1483   1.8474   0.0000   0.0000   0.0000   0.0000  -0.0000   0.0000   0.0000  -0.0000    0.097
    92   0.0000   2.8574   1.6279   0.0000  -0.0000   0.0000   0.0000  -0.0000   0.0000   0.0000  -0.0000    0.120
    93   0.0000   2.5785   1.3906   0.0000  -0.0000   0.0000   0.0000  -0.0000   0.0000   0.0000  -0.0000    0.144
    94   0.0000   2.3180   1.1503   0.0000  -0.0000   0.0000   0.0000  -0.0000   0.0000   0.0000  -0.0000    0.163
    95   0.0000   2.0821   0.9193   0.0000   0.0000   0.0000   0.0000  -0.0000   0.0000   0.0000  -0.0000    0.194
    96   0.0000   1.8763   0.7063   0.0000  -0.0000   0.0000   0.0000  -0.0000   0.0000   0.0000  -0.0000    0.213
    97   0.0000   1.7056   0.5158   0.0000  -0.0000   0.0000   0.0000  -0.0000   0.0000   0.0000  -0.0000    0.181
    98   0.0000   1.5739   0.3482   0.0000  -0.0000   0.0000   0.0000  -0.0000   0.0000   0.0000  -0.0000    0.175
    99   0.0000   1.4843   0.2002   0.0000  -0.0000   0.0000   0.0000  -0.0000   0.0000   0.0000  -0.0000    0.162
   100   0.0000   1.4389   0.0652   0.0000  -0.0000   0.0000   0.0000  -0.0000   0.0000   0.0000  -0.0000    0.154

  Surface # 6     fuselage_horizontal                     
     # Chordwise = 10   # Spanwise = 10     First strip =101
     Surface area =  112.392822       Ave. chord =   30.376440
     CLsurf  =  -0.07088     Clsurf  =   0.00000
     CYsurf  =   0.00000     Cmsurf  =  -0.09934
     CDsurf  =  -0.02531     Cnsurf  =  -0.00000
     CDisurf =  -0.02531     CDvsurf =   0.00000

  Forces referred to Ssurf, Cave about hinge axis thru LE
     CLsurf  =  -0.07874     CDsurf  =  -0.02811
     Deflect =

 Strip Forces referred to Strip Area, Chord
    j      Yle    Chord     Area     c cl      ai      cl_norm  cl       cd       cdv    cm_c/4    cm_LE  C.P.x/c
   101  -1.6650  21.5445   7.9715  -2.8100   0.1233  -2.9085  -0.1304   0.1670   0.0000   0.0142   0.0050    0.359
   102  -1.2950  27.3129  10.1058  -4.4001   0.1141  -0.7340  -0.1611   0.2124   0.0000   0.0228   0.0126    0.392
   103  -0.9250  31.3629  11.6043  -3.3676   0.0577  -0.2421  -0.1074   0.1462   0.0000   0.0067   0.0091    0.313
   104  -0.5550  34.6182  12.8087  -1.5592  -0.2667  -0.0594  -0.0450  -0.0321   0.0000  -0.0094   0.0007    0.041
   105  -0.1850  37.0437  13.7062   0.1780  -0.3454   0.0048   0.0048  -0.4628   0.0000  -0.0220  -0.0141
   106   0.1850  37.0437  13.7062   0.1779  -0.3454   0.0048   0.0048  -0.4628   0.0000  -0.0220  -0.0141
   107   0.5550  34.6182  12.8087  -1.5593  -0.2667  -0.0594  -0.0450  -0.0321   0.0000  -0.0094   0.0007    0.041
   108   0.9250  31.3629  11.6043  -3.3677   0.0577  -0.2421  -0.1074   0.1462   0.0000   0.0067   0.0091    0.313
   109   1.2950  27.3129  10.1058  -4.4001   0.1141  -0.7340  -0.1611   0.2125   0.0000   0.0228   0.0126    0.392
   110   1.6650  21.5445   7.9715  -2.8101   0.1233  -2.9085  -0.1304   0.1670   0.0000   0.0142   0.0050    0.359

  Surface # 7     fuselage_vertical                       
     # Chordwise = 10   # Spanwise = 10     First strip =111
     Surface area =  114.215408       Ave. chord =   30.376440
     CLsurf  =  -0.00000     Clsurf  =  -0.00000
     CYsurf  =  -0.00000     Cmsurf  =   0.00000
     CDsurf  =  -0.00000     Cnsurf  =   0.00000
     CDisurf =  -0.00000     CDvsurf =   0.00000

  Forces referred to Ssurf, Cave about hinge axis thru LE
     CLsurf  =   0.00000     CDsurf  =  -0.00000
     Deflect =

 Strip Forces referred to Strip Area, Chord
    j      Yle    Chord     Area     c cl      ai      cl_norm  cl       cd       cdv    cm_c/4    cm_LE  C.P.x/c
   111   0.0000  21.5445   8.1007   0.0000   0.0000   0.0000   0.0000   0.0000   0.0000  -0.0000  -0.0000    0.358
   112   0.0000  27.3129  10.2696   0.0000   0.0001   0.0000   0.0000   0.0000   0.0000  -0.0000  -0.0000    0.473
   113   0.0000  31.3629  11.7925   0.0000  -0.0000   0.0000   0.0000  -0.0000   0.0000  -0.0000  -0.0000    0.488
   114   0.0000  34.6182  13.0164   0.0000  -0.0000   0.0000   0.0000  -0.0000   0.0000  -0.0000  -0.0000    0.527
   115   0.0000  37.0437  13.9284   0.0000  -0.0000   0.0000   0.0000  -0.0000   0.0000  -0.0000  -0.0000    0.630
   116   0.0000  37.0437  13.9284   0.0000  -0.0000   0.0000   0.0000  -0.0000   0.0000  -0.0000  -0.0000    0.668
   117   0.0000  34.6182  13.0164   0.0000  -0.0000   0.0000   0.0000  -0.0000   0.0000  -0.0000  -0.0000    0.693
   118   0.0000  31.3629  11.7925   0.0000  -0.0000   0.0000   0.0000  -0.0000   0.0000  -0.0000  -0.0000    0.643
   119   0.0000  27.3129  10.2696   0.0000   0.0000   0.0000   0.0000  -0.0000   0.0000  -0.0000  -0.0000    0.641
   120   0.0000  21.5445   8.1007   0.0000   0.0000   0.0000   0.0000  -0.0000   0.0000  -0.0000  -0.0000    0.669
 ---------------------------------------------------------------
