 ---------------------------------------------------------------
 Surface and Strip Forces by surface

  Forces referred to Sref, Cref, Bref about Xref, Yref, Zref
 Standard axis orientation,  X fwd, Z down         

  Surface # 1     main_wing                               
     # Chordwise = 10   # Spanwise = 20     First strip =  1
     Surface area =   63.790974       Ave. chord =    3.717419
     CLsurf  =  -2.44329     Clsurf  =   0.54069
     CYsurf  =   0.04243     Cmsurf  =   0.41670
     CDsurf  =   0.22236     Cnsurf  =   0.12510
     CDisurf =   0.22236     CDvsurf =   0.00000

  Forces referred to Ssurf, Cave about hinge axis thru LE
     CLsurf  =  -4.78250     CDsurf  =   0.43524
     Deflect =

 Strip Forces referred to Strip Area, Chord
    j      Yle    Chord     Area     c cl      ai      cl_norm  cl       cd       cdv    cm_c/4    cm_LE  C.P.x/c
     1   0.0271   7.7411   0.8376 -21.1378  -0.7224  -2.7308  -2.7306 -33.8904   0.0000   1.2404   1.8916    0.704
     2   0.2428   7.5905   2.4436 -22.3178  -0.5940  -2.9405  -2.9402  -2.5688   0.0000   1.2903   1.9923    0.689
     3   0.6690   7.2932   3.8488 -21.9934  -0.4038  -3.0159  -3.0156  -0.4696   0.0000   1.2607   1.9817    0.668
     4   1.2950   6.8563   4.9402 -20.9488  -0.1697  -3.0557  -3.0554   0.2105   0.0000   1.0998   1.8332    0.610
     5   2.1056   6.2906   5.6339 -19.9922   0.0734  -3.1784  -3.1781   0.3571   0.0000   0.7836   1.5524    0.497
     6   3.0065   5.6619   5.0672 -19.1515   0.1484  -3.3828  -3.3825   0.8063   0.0000   0.4321   1.2569    0.378
     7   3.9586   4.9974   5.0150 -19.5471  -0.0289  -3.9118  -3.9115   0.9910   0.0000   0.2223   1.1805    0.307
     8   5.0073   4.2656   4.6382 -20.4430  -0.2459  -4.7930  -4.7925   1.4799   0.0000   0.0734   1.2508    0.265
     9   6.1989   3.7534   4.8429 -21.1277  -0.4247  -5.6293  -5.6290   1.7937   0.0000  -0.0188   1.3862    0.247
    10   7.5095   3.4937   4.6216 -21.0311  -0.4666  -6.0201  -6.0198   1.6023   0.0000  -0.0265   1.4760    0.246
    11   8.8364   3.2307   4.2738 -20.3450  -0.4560  -6.2977  -6.2973   1.4621   0.0000  -0.0226   1.5492    0.246
    12  10.1470   2.9710   3.8335 -19.2682  -0.4266  -6.4858  -6.4854   1.3515   0.0000  -0.0180   1.6008    0.247
    13  11.4090   2.7210   3.3357 -17.9340  -0.4021  -6.5914  -6.5910   1.2808   0.0000  -0.0178   1.6273    0.247
    14  12.6340   2.4782   3.0105 -16.3957  -0.3917  -6.6163  -6.6159   1.2420   0.0000  -0.0197   1.6316    0.247
    15  13.7866   2.2498   2.4374 -14.6767  -0.4029  -6.5239  -6.5235   1.2530   0.0000  -0.0268   1.6014    0.246
    16  14.7941   2.0502   1.8970 -12.8195  -0.4445  -6.2532  -6.2528   1.3205   0.0000  -0.0425   1.5182    0.243
    17  15.6315   1.8843   1.4027 -10.7726  -0.5216  -5.7175  -5.7172   1.4255   0.0000  -0.0706   1.3565    0.238
    18  16.2783   1.7561   0.9575  -8.4336  -0.6292  -4.8028  -4.8025   1.5262   0.0000  -0.1078   1.0910    0.228
    19  16.8016   1.3043   0.6198  -5.4529  -0.5770  -4.1823  -4.1807   1.0778   0.0000  -0.1640   0.8233    0.211
    20  17.1200   0.8402   0.1342  -1.8377  -0.5272  -2.1879  -2.1871   0.3175   0.0000  -0.1573   0.3639    0.178

  Surface # 2     main_wing (YDUP)                        
     # Chordwise = 10   # Spanwise = 20     First strip = 21
     Surface area =   63.790974       Ave. chord =    3.717419
     CLsurf  =  -2.44329     Clsurf  =  -0.54069
     CYsurf  =  -0.04243     Cmsurf  =   0.41670
     CDsurf  =   0.22236     Cnsurf  =  -0.12510
     CDisurf =   0.22236     CDvsurf =   0.00000

  Forces referred to Ssurf, Cave about hinge axis thru LE
     CLsurf  =  -4.78249     CDsurf  =   0.43524
     Deflect =

 Strip Forces referred to Strip Area, Chord
    j      Yle    Chord     Area     c cl      ai      cl_norm  cl       cd       cdv    cm_c/4    cm_LE  C.P.x/c
    21  -0.0271   7.7411   0.8376 -21.1377  -0.7224  -2.7308  -2.7306 -33.8900   0.0000   1.2404  -1.8916    0.704
    22  -0.2428   7.5905   2.4436 -22.3178  -0.5940  -2.9405  -2.9402  -2.5687   0.0000   1.2903  -1.9923    0.689
    23  -0.6690   7.2932   3.8488 -21.9933  -0.4038  -3.0159  -3.0156  -0.4697   0.0000   1.2607  -1.9817    0.668
    24  -1.2950   6.8563   4.9402 -20.9488  -0.1697  -3.0557  -3.0554   0.2105   0.0000   1.0998  -1.8332    0.610
    25  -2.1056   6.2906   5.6339 -19.9922   0.0734  -3.1784  -3.1781   0.3571   0.0000   0.7836  -1.5523    0.497
    26  -3.0065   5.6619   5.0672 -19.1515   0.1484  -3.3828  -3.3825   0.8063   0.0000   0.4321  -1.2569    0.378
    27  -3.9586   4.9974   5.0150 -19.5471  -0.0289  -3.9118  -3.9114   0.9910   0.0000   0.2223  -1.1805    0.307
    28  -5.0073   4.2656   4.6382 -20.4430  -0.2459  -4.7930  -4.7925   1.4799   0.0000   0.0734  -1.2508    0.265
    29  -6.1989   3.7534   4.8429 -21.1276  -0.4247  -5.6293  -5.6290   1.7937   0.0000  -0.0188  -1.3862    0.247
    30  -7.5095   3.4937   4.6216 -21.0311  -0.4666  -6.0201  -6.0198   1.6023   0.0000  -0.0265  -1.4760    0.246
    31  -8.8364   3.2307   4.2738 -20.3449  -0.4560  -6.2977  -6.2973   1.4621   0.0000  -0.0226  -1.5492    0.246
    32 -10.1470   2.9710   3.8335 -19.2682  -0.4266  -6.4857  -6.4853   1.3515   0.0000  -0.0180  -1.6008    0.247
    33 -11.4090   2.7210   3.3357 -17.9339  -0.4021  -6.5914  -6.5910   1.2808   0.0000  -0.0178  -1.6273    0.247
    34 -12.6340   2.4782   3.0105 -16.3957  -0.3917  -6.6163  -6.6159   1.2420   0.0000  -0.0197  -1.6316    0.247
    35 -13.7866   2.2498   2.4374 -14.6767  -0.4029  -6.5239  -6.5235   1.2529   0.0000  -0.0268  -1.6014    0.246
    36 -14.7941   2.0502   1.8970 -12.8194  -0.4445  -6.2531  -6.2527   1.3204   0.0000  -0.0425  -1.5182    0.243
    37 -15.6315   1.8843   1.4027 -10.7726  -0.5216  -5.7175  -5.7171   1.4255   0.0000  -0.0706  -1.3565    0.238
    38 -16.2783   1.7561   0.9575  -8.4335  -0.6292  -4.8027  -4.8024   1.5262   0.0000  -0.1078  -1.0910    0.228
    39 -16.8016   1.3043   0.6198  -5.4529  -0.5770  -4.1823  -4.1807   1.0778   0.0000  -0.1640  -0.8233    0.211
    40 -17.1200   0.8402   0.1342  -1.8377  -0.5272  -2.1879  -2.1871   0.3175   0.0000  -0.1573  -0.3639    0.178

  Surface # 3     horizontal_stabilizer                   
     # Chordwise = 10   # Spanwise = 20     First strip = 41
     Surface area =   20.072786       Ave. chord =    2.827143
     CLsurf  =   0.14892     Clsurf  =  -0.01335
     CYsurf  =   0.00292     Cmsurf  =  -0.66694
     CDsurf  =  -0.02627     Cnsurf  =  -0.00425
     CDisurf =  -0.02627     CDvsurf =   0.00000

  Forces referred to Ssurf, Cave about hinge axis thru LE
     CLsurf  =   0.92630     CDsurf  =  -0.16339
     Deflect =

 Strip Forces referred to Strip Area, Chord
    j      Yle    Chord     Area     c cl      ai      cl_norm  cl       cd       cdv    cm_c/4    cm_LE  C.P.x/c
    41   0.0103   4.6946   0.1934   3.2408  -0.0754   0.6904   0.6903  -0.0121   0.0000   0.0105  -0.1604    0.235
    42   0.0924   4.6512   0.5701   3.2258  -0.0784   0.6936   0.6935  -0.0772   0.0000   0.0106  -0.1611    0.235
    43   0.2547   4.5656   0.9173   3.2199  -0.0805   0.7054   0.7053  -0.0849   0.0000   0.0112  -0.1635    0.234
    44   0.4930   4.4399   1.2180   3.2078  -0.0801   0.7226   0.7225  -0.0928   0.0000   0.0118  -0.1672    0.234
    45   0.8160   4.2695   1.5847   3.1860  -0.0770   0.7463   0.7462  -0.1008   0.0000   0.0124  -0.1724    0.233
    46   1.2202   4.0563   1.7628   3.1513  -0.0777   0.7770   0.7769  -0.1102   0.0000   0.0129  -0.1795    0.233
    47   1.6825   3.8123   1.8577   3.1018  -0.0922   0.8137   0.8136  -0.1205   0.0000   0.0134  -0.1881    0.234
    48   2.1917   3.5437   1.8711   3.0400  -0.1123   0.8580   0.8579  -0.1333   0.0000   0.0137  -0.1987    0.234
    49   2.7353   3.2569   1.8099   2.9625  -0.1176   0.9097   0.9096  -0.1448   0.0000   0.0146  -0.2107    0.234
    50   3.2997   2.9591   1.6859   2.8795  -0.1129   0.9733   0.9731  -0.1665   0.0000   0.0157  -0.2252    0.234
    51   3.8713   2.6576   1.5141   2.7813  -0.1089   1.0467   1.0466  -0.1986   0.0000   0.0177  -0.2415    0.233
    52   4.4357   2.3597   1.3114   2.6564  -0.1087   1.1259   1.1257  -0.2265   0.0000   0.0198  -0.2589    0.232
    53   4.9793   2.0730   1.0945   2.4952  -0.1120   1.2039   1.2037  -0.2645   0.0000   0.0222  -0.2759    0.232
    54   5.4885   1.8043   0.8792   2.2840  -0.1170   1.2661   1.2659  -0.3007   0.0000   0.0246  -0.2889    0.231
    55   5.9508   1.5604   0.6781   2.0176  -0.1211   1.2932   1.2930  -0.3175   0.0000   0.0278  -0.2925    0.229
    56   6.3550   1.3472   0.5000   1.7010  -0.1210   1.2628   1.2626  -0.3205   0.0000   0.0323  -0.2805    0.224
    57   6.6617   1.1853   0.2890   1.3531  -0.1147   1.1417   1.1415  -0.2879   0.0000   0.0385  -0.2444    0.216
    58   6.8736   1.0735   0.1917   0.9982  -0.1036   0.9300   0.9299  -0.2344   0.0000   0.0423  -0.1883    0.205
    59   7.0178   0.9975   0.1087   0.6138  -0.0906   0.6154   0.6153  -0.1419   0.0000   0.0374  -0.1153    0.189
    60   7.0908   0.9589   0.0351   0.2079  -0.0796   0.2168   0.2168  -0.0466   0.0000   0.0160  -0.0378    0.176

  Surface # 4     horizontal_stabilizer (YDUP)            
     # Chordwise = 10   # Spanwise = 20     First strip = 61
     Surface area =   20.072786       Ave. chord =    2.827143
     CLsurf  =   0.14892     Clsurf  =   0.01335
     CYsurf  =  -0.00292     Cmsurf  =  -0.66694
     CDsurf  =  -0.02627     Cnsurf  =   0.00425
     CDisurf =  -0.02627     CDvsurf =   0.00000

  Forces referred to Ssurf, Cave about hinge axis thru LE
     CLsurf  =   0.92630     CDsurf  =  -0.16339
     Deflect =

 Strip Forces referred to Strip Area, Chord
    j      Yle    Chord     Area     c cl      ai      cl_norm  cl       cd       cdv    cm_c/4    cm_LE  C.P.x/c
    61  -0.0103   4.6946   0.1934   3.2408  -0.0754   0.6904   0.6903  -0.0121   0.0000   0.0105   0.1604    0.235
    62  -0.0924   4.6512   0.5701   3.2258  -0.0784   0.6936   0.6935  -0.0772   0.0000   0.0106   0.1611    0.235
    63  -0.2547   4.5656   0.9173   3.2199  -0.0805   0.7054   0.7053  -0.0849   0.0000   0.0112   0.1635    0.234
    64  -0.4930   4.4399   1.2180   3.2078  -0.0801   0.7226   0.7225  -0.0928   0.0000   0.0118   0.1672    0.234
    65  -0.8160   4.2695   1.5847   3.1860  -0.0770   0.7463   0.7462  -0.1008   0.0000   0.0124   0.1724    0.233
    66  -1.2202   4.0563   1.7628   3.1513  -0.0777   0.7770   0.7769  -0.1102   0.0000   0.0129   0.1795    0.233
    67  -1.6825   3.8123   1.8577   3.1018  -0.0922   0.8137   0.8136  -0.1205   0.0000   0.0134   0.1881    0.234
    68  -2.1917   3.5437   1.8711   3.0400  -0.1123   0.8580   0.8579  -0.1333   0.0000   0.0137   0.1987    0.234
    69  -2.7353   3.2569   1.8099   2.9624  -0.1176   0.9097   0.9096  -0.1448   0.0000   0.0146   0.2107    0.234
    70  -3.2997   2.9591   1.6859   2.8795  -0.1129   0.9733   0.9731  -0.1665   0.0000   0.0157   0.2252    0.234
    71  -3.8713   2.6576   1.5141   2.7813  -0.1089   1.0467   1.0466  -0.1986   0.0000   0.0177   0.2415    0.233
    72  -4.4357   2.3597   1.3114   2.6564  -0.1087   1.1259   1.1257  -0.2265   0.0000   0.0198   0.2589    0.232
    73  -4.9793   2.0730   1.0945   2.4952  -0.1120   1.2039   1.2037  -0.2645   0.0000   0.0222   0.2759    0.232
    74  -5.4885   1.8043   0.8792   2.2840  -0.1170   1.2660   1.2658  -0.3007   0.0000   0.0246   0.2889    0.231
    75  -5.9508   1.5604   0.6781   2.0176  -0.1211   1.2932   1.2930  -0.3175   0.0000   0.0278   0.2925    0.229
    76  -6.3550   1.3472   0.5000   1.7010  -0.1210   1.2628   1.2626  -0.3205   0.0000   0.0323   0.2805    0.224
    77  -6.6617   1.1853   0.2890   1.3531  -0.1147   1.1417   1.1415  -0.2879   0.0000   0.0385   0.2444    0.216
    78  -6.8736   1.0735   0.1917   0.9982  -0.1036   0.9300   0.9299  -0.2344   0.0000   0.0423   0.1883    0.205
    79  -7.0178   0.9975   0.1087   0.6138  -0.0906   0.6154   0.6153  -0.1419   0.0000   0.0374   0.1153    0.189
    80  -7.0908   0.9589   0.0351   0.2079  -0.0796   0.2168   0.2168  -0.0466   0.0000   0.0160   0.0378    0.176

  Surface # 5     vertical_stabilizer                     
     # Chordwise = 10   # Spanwise = 20     First strip = 81
     Surface area =   26.974527       Ave. chord =    3.612513
     CLsurf  =   0.00000     Clsurf  =  -0.00000
     CYsurf  =  -0.00000     Cmsurf  =  -0.00000
     CDsurf  =  -0.00000     Cnsurf  =   0.00000
     CDisurf =  -0.00000     CDvsurf =   0.00000

  Forces referred to Ssurf, Cave about hinge axis thru LE
     CLsurf  =   0.00000     CDsurf  =  -0.00000
     Deflect =

 Strip Forces referred to Strip Area, Chord
    j      Yle    Chord     Area     c cl      ai      cl_norm  cl       cd       cdv    cm_c/4    cm_LE  C.P.x/c
    81   0.0000   8.1033   0.7081   0.0000  -0.0000   0.0000   0.0000   0.0000   0.0000   0.0000  -0.0000    0.001
    82   0.0000   7.7953   1.2357   0.0000   0.0000   0.0000   0.0000  -0.0000   0.0000   0.0000  -0.0000    0.046
    83   0.0000   7.3128   1.6577   0.0000  -0.0000   0.0000   0.0000  -0.0000   0.0000   0.0000  -0.0000    0.072
    84   0.0000   6.6651   1.9342   0.0000  -0.0000   0.0000   0.0000  -0.0000   0.0000   0.0000  -0.0000    0.005
    85   0.0000   5.8661   2.0384   0.0000  -0.0000   0.0000   0.0000  -0.0000   0.0000   0.0000  -0.0000    0.041
    86   0.0000   4.9330   1.9589   0.0000   0.0000   0.0000   0.0000  -0.0000   0.0000   0.0000  -0.0000    0.121
    87   0.0000   4.2949   2.2317   0.0000  -0.0000   0.0000   0.0000  -0.0000   0.0000   0.0000  -0.0000    0.141
    88   0.0000   4.0244   2.2380   0.0000   0.0000   0.0000   0.0000  -0.0000   0.0000   0.0000  -0.0000    0.156
    89   0.0000   3.7387   2.1678   0.0000  -0.0000   0.0000   0.0000  -0.0000   0.0000   0.0000  -0.0000    0.162
    90   0.0000   3.4444   2.0327   0.0000  -0.0000   0.0000   0.0000  -0.0000   0.0000   0.0000  -0.0000    0.176
    91   0.0000   3.1483   1.8474   0.0000  -0.0000   0.0000   0.0000  -0.0000   0.0000   0.0000  -0.0000    0.200
    92   0.0000   2.8574   1.6279   0.0000  -0.0000   0.0000   0.0000  -0.0000   0.0000   0.0000  -0.0000    0.216
    93   0.0000   2.5785   1.3906   0.0000  -0.0000   0.0000   0.0000  -0.0000   0.0000   0.0000  -0.0000    0.224
    94   0.0000   2.3180   1.1503   0.0000  -0.0000   0.0000   0.0000  -0.0000   0.0000   0.0000  -0.0000    0.221
    95   0.0000   2.0821   0.9193   0.0000  -0.0000   0.0000   0.0000  -0.0000   0.0000   0.0000  -0.0000    0.230
    96   0.0000   1.8763   0.7063   0.0000  -0.0000   0.0000   0.0000  -0.0000   0.0000   0.0000  -0.0000    0.224
    97   0.0000   1.7056   0.5158   0.0000  -0.0000   0.0000   0.0000  -0.0000   0.0000   0.0000  -0.0000    0.209
    98   0.0000   1.5739   0.3482   0.0000  -0.0000   0.0000   0.0000  -0.0000   0.0000   0.0000  -0.0000    0.193
    99   0.0000   1.4843   0.2002   0.0000  -0.0000   0.0000   0.0000  -0.0000   0.0000   0.0000  -0.0000    0.180
   100   0.0000   1.4389   0.0652   0.0000  -0.0000   0.0000   0.0000  -0.0000   0.0000   0.0000  -0.0000    0.177

  Surface # 6     fuselage_horizontal                     
     # Chordwise = 10   # Spanwise = 10     First strip =101
     Surface area =  112.392822       Ave. chord =   30.376440
     CLsurf  =  -0.01231     Clsurf  =  -0.00000
     CYsurf  =  -0.00001     Cmsurf  =  -0.10533
     CDsurf  =  -0.01333     Cnsurf  =   0.00000
     CDisurf =  -0.01333     CDvsurf =   0.00000

  Forces referred to Ssurf, Cave about hinge axis thru LE
     CLsurf  =  -0.01368     CDsurf  =  -0.01481
     Deflect =

 Strip Forces referred to Strip Area, Chord
    j      Yle    Chord     Area     c cl      ai      cl_norm  cl       cd       cdv    cm_c/4    cm_LE  C.P.x/c
   101  -1.6650  21.5445   7.9715  -0.3391   0.1411  -0.3510  -0.0157   0.0414   0.0000  -0.0152  -0.0012   -0.716
   102  -1.2950  27.3129  10.1058  -0.7956   0.0989  -0.1327  -0.0291   0.0505   0.0000  -0.0114  -0.0008   -0.140
   103  -0.9250  31.3629  11.6043  -0.6460   0.0308  -0.0464  -0.0206   0.0236   0.0000  -0.0128  -0.0021   -0.373
   104  -0.5550  34.6182  12.8087  -0.3498  -0.1559  -0.0133  -0.0101  -0.0239   0.0000  -0.0133  -0.0040
   105  -0.1850  37.0437  13.7062   0.0536  -0.2264   0.0014   0.0014  -0.1195   0.0000  -0.0145  -0.0090
   106   0.1850  37.0437  13.7062   0.0536  -0.2264   0.0014   0.0014  -0.1195   0.0000  -0.0145  -0.0090
   107   0.5550  34.6182  12.8087  -0.3499  -0.1559  -0.0133  -0.0101  -0.0240   0.0000  -0.0133  -0.0040
   108   0.9250  31.3629  11.6043  -0.6460   0.0308  -0.0464  -0.0206   0.0236   0.0000  -0.0128  -0.0021   -0.373
   109   1.2950  27.3129  10.1058  -0.7956   0.0989  -0.1327  -0.0291   0.0505   0.0000  -0.0114  -0.0008   -0.140
   110   1.6650  21.5445   7.9715  -0.3391   0.1411  -0.3510  -0.0157   0.0414   0.0000  -0.0152  -0.0012   -0.716

  Surface # 7     fuselage_vertical                       
     # Chordwise = 10   # Spanwise = 10     First strip =111
     Surface area =  114.215408       Ave. chord =   30.376440
     CLsurf  =  -0.00000     Clsurf  =  -0.00000
     CYsurf  =  -0.00000     Cmsurf  =   0.00000
     CDsurf  =  -0.00000     Cnsurf  =   0.00000
     CDisurf =  -0.00000     CDvsurf =   0.00000

  Forces referred to Ssurf, Cave about hinge axis thru LE
     CLsurf  =   0.00000     CDsurf  =  -0.00000
     Deflect =

 Strip Forces referred to Strip Area, Chord
    j      Yle    Chord     Area     c cl      ai      cl_norm  cl       cd       cdv    cm_c/4    cm_LE  C.P.x/c
   111   0.0000  21.5445   8.1007  -0.0000   0.0000  -0.0000  -0.0000  -0.0000   0.0000   0.0000   0.0000    1.107
   112   0.0000  27.3129  10.2696   0.0000   0.0000   0.0000   0.0000   0.0000   0.0000  -0.0000  -0.0000    0.472
   113   0.0000  31.3629  11.7925   0.0000  -0.0000   0.0000   0.0000   0.0000   0.0000  -0.0000  -0.0000    0.478
   114   0.0000  34.6182  13.0164   0.0000  -0.0000   0.0000   0.0000  -0.0000   0.0000  -0.0000  -0.0000    0.467
   115   0.0000  37.0437  13.9284   0.0000  -0.0000   0.0000   0.0000  -0.0000   0.0000  -0.0000  -0.0000    0.493
   116   0.0000  37.0437  13.9284   0.0000  -0.0000   0.0000   0.0000  -0.0000   0.0000  -0.0000  -0.0000    0.574
   117   0.0000  34.6182  13.0164   0.0000  -0.0000   0.0000   0.0000   0.0000   0.0000  -0.0000  -0.0000    0.543
   118   0.0000  31.3629  11.7925   0.0000  -0.0000   0.0000   0.0000   0.0000   0.0000  -0.0000  -0.0000    0.477
   119   0.0000  27.3129  10.2696   0.0000   0.0000   0.0000   0.0000   0.0000   0.0000  -0.0000  -0.0000    0.483
   120   0.0000  21.5445   8.1007   0.0000   0.0000   0.0000   0.0000  -0.0000   0.0000  -0.0000  -0.0000    0.548
 ---------------------------------------------------------------
