 ---------------------------------------------------------------
 Surface and Strip Forces by surface

  Forces referred to Sref, Cref, Bref about Xref, Yref, Zref
 Standard axis orientation,  X fwd, Z down         

  Surface # 1     main_wing                               
     # Chordwise = 10   # Spanwise = 30     First strip =  1
     Surface area =   63.968842       Ave. chord =    3.715026
     CLsurf  =   0.29823     Clsurf  =  -0.05727
     CYsurf  =  -0.01766     Cmsurf  =  -0.26431
     CDsurf  =   0.00794     Cnsurf  =  -0.00311
     CDisurf =   0.00794     CDvsurf =   0.00000

  Forces referred to Ssurf, Cave about hinge axis thru LE
     CLsurf  =   0.58310     CDsurf  =   0.01550
     Deflect =

 Strip Forces referred to Strip Area, Chord
    j      Yle    Chord     Area     c cl      ai      cl_norm  cl       cd       cdv    cm_c/4    cm_LE  C.P.x/c
     1   0.0114   7.7520   0.3539   3.9290   0.1377   0.6128   0.4744   0.3923   0.0000  -0.0271  -0.1260    0.307
     2   0.1025   7.6885   1.0491   3.6629   0.1373   0.6088   0.4713   0.0795   0.0000  -0.0271  -0.1198    0.307
     3   0.2837   7.5620   1.7073   3.6386   0.1361   0.6171   0.4778   0.0598   0.0000  -0.0252  -0.1193    0.303
     4   0.5530   7.3741   2.3052   3.6195   0.1335   0.6306   0.4882   0.0516   0.0000  -0.0223  -0.1190    0.296
     5   0.9075   7.1267   2.8223   3.5889   0.1284   0.6476   0.5014   0.0471   0.0000  -0.0193  -0.1191    0.288
     6   1.3432   6.8226   3.2414   3.5364   0.1186   0.6675   0.5167   0.0410   0.0000  -0.0165  -0.1199    0.282
     7   1.8554   6.4651   3.5491   3.4556   0.1009   0.6894   0.5337   0.0320   0.0000  -0.0144  -0.1215    0.277
     8   2.4386   6.0582   3.7368   3.3433   0.0827   0.7124   0.5515   0.0282   0.0000  -0.0131  -0.1240    0.274
     9   3.0862   5.6062   3.8005   3.2003   0.0705   0.7378   0.5712   0.0211   0.0000  -0.0126  -0.1274    0.272
    10   3.7613   5.1351   3.4440   3.0148   0.0591   0.7595   0.5879   0.0161   0.0000  -0.0133  -0.1314    0.273
    11   4.4532   4.6522   3.3149   2.8519   0.0464   0.7940   0.6146   0.0085   0.0000  -0.0127  -0.1362    0.271
    12   5.1831   4.1429   3.0930   2.6457   0.0277   0.8281   0.6411   0.0000   0.0000  -0.0127  -0.1415    0.270
    13   6.0123   3.7903   3.4706   2.4488   0.0155   0.7951   0.6488  -0.0037   0.0000  -0.0102  -0.1544    0.266
    14   6.9353   3.6075   3.3775   2.2944   0.0151   0.7826   0.6386  -0.0025   0.0000  -0.0108  -0.1527    0.267
    15   7.8737   3.4215   3.2389   2.1567   0.0130   0.7757   0.6329  -0.0023   0.0000  -0.0115  -0.1521    0.268
    16   8.8172   3.2345   3.0619   2.0281   0.0115   0.7716   0.6296  -0.0025   0.0000  -0.0125  -0.1521    0.270
    17   9.7556   3.0486   2.8543   1.9044   0.0111   0.7687   0.6273  -0.0028   0.0000  -0.0135  -0.1526    0.272
    18  10.6786   2.8657   2.6239   1.7853   0.0115   0.7667   0.6256  -0.0031   0.0000  -0.0148  -0.1533    0.274
    19  11.5760   2.6879   2.3787   1.6701   0.0124   0.7647   0.6240  -0.0035   0.0000  -0.0160  -0.1540    0.276
    20  12.4328   2.5181   2.1010   1.5602   0.0144   0.7626   0.6223  -0.0036   0.0000  -0.0165  -0.1540    0.277
    21  13.2400   2.3582   1.8520   1.4543   0.0176   0.7590   0.6193  -0.0033   0.0000  -0.0162  -0.1531    0.276
    22  13.9941   2.2087   1.6074   1.3487   0.0221   0.7515   0.6132  -0.0031   0.0000  -0.0154  -0.1510    0.275
    23  14.6868   2.0715   1.3716   1.2398   0.0280   0.7365   0.6010  -0.0027   0.0000  -0.0139  -0.1470    0.273
    24  15.3105   1.9479   1.1479   1.1225   0.0356   0.7091   0.5787  -0.0021   0.0000  -0.0115  -0.1399    0.270
    25  15.8583   1.8393   0.9381   0.9901   0.0442   0.6623   0.5404  -0.0009   0.0000  -0.0089  -0.1290    0.266
    26  16.3244   1.7470   0.7427   0.8363   0.0530   0.5886   0.4803   0.0028   0.0000  -0.0096  -0.1162    0.270
    27  16.6722   1.4928   0.4131   0.6675   0.0614   1.5133   0.4499  -0.0115   0.0000  -0.0103  -0.0595    0.273
    28  16.9098   1.1466   0.2292   0.4945   0.0726   1.4645   0.4354  -0.0277   0.0000   0.0074  -0.0495    0.233
    29  17.0696   0.9138   0.1104   0.3054   0.0815   1.1404   0.3390  -0.0397   0.0000   0.0246  -0.0297    0.177
    30  17.1499   0.7967   0.0322   0.1034   0.0863   0.4469   0.1328  -0.0291   0.0000   0.0167  -0.0083    0.125

  Surface # 2     main_wing (YDUP)                        
     # Chordwise = 10   # Spanwise = 30     First strip = 31
     Surface area =   63.968842       Ave. chord =    3.715026
     CLsurf  =   0.29823     Clsurf  =   0.05727
     CYsurf  =   0.01766     Cmsurf  =  -0.26431
     CDsurf  =   0.00794     Cnsurf  =   0.00311
     CDisurf =   0.00794     CDvsurf =   0.00000

  Forces referred to Ssurf, Cave about hinge axis thru LE
     CLsurf  =   0.58310     CDsurf  =   0.01550
     Deflect =

 Strip Forces referred to Strip Area, Chord
    j      Yle    Chord     Area     c cl      ai      cl_norm  cl       cd       cdv    cm_c/4    cm_LE  C.P.x/c
    31  -0.0114   7.7520   0.3539   3.9290   0.1377   0.6128   0.4744   0.3923   0.0000  -0.0271   0.1260    0.307
    32  -0.1025   7.6885   1.0491   3.6629   0.1373   0.6088   0.4713   0.0795   0.0000  -0.0271   0.1198    0.307
    33  -0.2837   7.5620   1.7073   3.6386   0.1361   0.6171   0.4778   0.0598   0.0000  -0.0252   0.1193    0.303
    34  -0.5530   7.3741   2.3052   3.6195   0.1335   0.6306   0.4882   0.0516   0.0000  -0.0223   0.1190    0.296
    35  -0.9075   7.1267   2.8223   3.5889   0.1284   0.6476   0.5014   0.0471   0.0000  -0.0193   0.1191    0.288
    36  -1.3432   6.8226   3.2414   3.5364   0.1186   0.6675   0.5167   0.0410   0.0000  -0.0165   0.1199    0.282
    37  -1.8554   6.4651   3.5491   3.4556   0.1009   0.6894   0.5337   0.0320   0.0000  -0.0144   0.1215    0.277
    38  -2.4386   6.0582   3.7368   3.3433   0.0827   0.7124   0.5515   0.0282   0.0000  -0.0131   0.1240    0.274
    39  -3.0862   5.6062   3.8005   3.2003   0.0705   0.7378   0.5712   0.0211   0.0000  -0.0126   0.1274    0.272
    40  -3.7613   5.1351   3.4440   3.0148   0.0591   0.7595   0.5879   0.0161   0.0000  -0.0133   0.1314    0.273
    41  -4.4532   4.6522   3.3149   2.8519   0.0464   0.7940   0.6146   0.0085   0.0000  -0.0127   0.1362    0.271
    42  -5.1831   4.1429   3.0930   2.6457   0.0277   0.8281   0.6411   0.0000   0.0000  -0.0127   0.1415    0.270
    43  -6.0123   3.7903   3.4706   2.4488   0.0155   0.7951   0.6488  -0.0037   0.0000  -0.0102   0.1544    0.266
    44  -6.9353   3.6075   3.3775   2.2943   0.0151   0.7826   0.6386  -0.0025   0.0000  -0.0108   0.1527    0.267
    45  -7.8737   3.4215   3.2389   2.1567   0.0130   0.7757   0.6329  -0.0023   0.0000  -0.0115   0.1521    0.268
    46  -8.8172   3.2345   3.0619   2.0281   0.0115   0.7716   0.6296  -0.0025   0.0000  -0.0125   0.1521    0.270
    47  -9.7556   3.0486   2.8543   1.9044   0.0111   0.7687   0.6273  -0.0028   0.0000  -0.0135   0.1526    0.272
    48 -10.6786   2.8657   2.6239   1.7853   0.0115   0.7667   0.6256  -0.0031   0.0000  -0.0148   0.1533    0.274
    49 -11.5760   2.6879   2.3787   1.6701   0.0124   0.7647   0.6240  -0.0035   0.0000  -0.0160   0.1540    0.276
    50 -12.4328   2.5181   2.1010   1.5602   0.0144   0.7626   0.6223  -0.0036   0.0000  -0.0165   0.1540    0.277
    51 -13.2400   2.3582   1.8520   1.4543   0.0176   0.7590   0.6193  -0.0033   0.0000  -0.0162   0.1531    0.276
    52 -13.9941   2.2087   1.6074   1.3487   0.0221   0.7515   0.6132  -0.0031   0.0000  -0.0154   0.1510    0.275
    53 -14.6868   2.0715   1.3716   1.2398   0.0280   0.7365   0.6010  -0.0027   0.0000  -0.0139   0.1470    0.273
    54 -15.3105   1.9479   1.1479   1.1225   0.0356   0.7091   0.5787  -0.0021   0.0000  -0.0115   0.1399    0.270
    55 -15.8583   1.8393   0.9381   0.9901   0.0442   0.6623   0.5404  -0.0009   0.0000  -0.0089   0.1290    0.266
    56 -16.3244   1.7470   0.7427   0.8363   0.0530   0.5886   0.4803   0.0028   0.0000  -0.0096   0.1162    0.270
    57 -16.6722   1.4928   0.4131   0.6675   0.0614   1.5133   0.4499  -0.0115   0.0000  -0.0103   0.0595    0.273
    58 -16.9098   1.1466   0.2292   0.4945   0.0726   1.4645   0.4354  -0.0277   0.0000   0.0074   0.0495    0.233
    59 -17.0696   0.9138   0.1104   0.3054   0.0815   1.1404   0.3390  -0.0397   0.0000   0.0246   0.0297    0.177
    60 -17.1499   0.7967   0.0322   0.1034   0.0863   0.4469   0.1328  -0.0291   0.0000   0.0167   0.0083    0.125

  Surface # 3     horizontal_stabilizer                   
     # Chordwise = 10   # Spanwise = 30     First strip = 61
     Surface area =   20.744604       Ave. chord =    2.848572
     CLsurf  =   0.02599     Clsurf  =  -0.00278
     CYsurf  =  -0.00412     Cmsurf  =  -0.12714
     CDsurf  =   0.00149     Cnsurf  =   0.00235
     CDisurf =   0.00149     CDvsurf =   0.00000

  Forces referred to Ssurf, Cave about hinge axis thru LE
     CLsurf  =   0.15841     CDsurf  =   0.00898
     Deflect =

 Strip Forces referred to Strip Area, Chord
    j      Yle    Chord     Area     c cl      ai      cl_norm  cl       cd       cdv    cm_c/4    cm_LE  C.P.x/c
    61   0.0047   4.2713   0.0803   0.5464   0.0901   0.1633   0.1251   0.0378   0.0000  -0.0073  -0.0337    0.308
    62   0.0418   4.2566   0.2392   0.5046   0.0904   0.1541   0.1180   0.0110   0.0000  -0.0072  -0.0316    0.311
    63   0.1156   4.2274   0.3930   0.5017   0.0903   0.1544   0.1183   0.0093   0.0000  -0.0068  -0.0314    0.308
    64   0.2254   4.1839   0.5386   0.5010   0.0899   0.1559   0.1194   0.0089   0.0000  -0.0062  -0.0311    0.302
    65   0.3698   4.1268   0.6730   0.5011   0.0890   0.1581   0.1211   0.0087   0.0000  -0.0055  -0.0308    0.295
    66   0.5474   4.0565   0.7936   0.5009   0.0874   0.1608   0.1232   0.0087   0.0000  -0.0047  -0.0306    0.288
    67   0.7617   3.9717   0.9441   0.5008   0.0851   0.1642   0.1258   0.0087   0.0000  -0.0039  -0.0305    0.281
    68   1.0116   3.8728   1.0344   0.5001   0.0819   0.1682   0.1289   0.0086   0.0000  -0.0032  -0.0306    0.275
    69   1.2891   3.7630   1.1046   0.4995   0.0780   0.1730   0.1325   0.0087   0.0000  -0.0027  -0.0309    0.270
    70   1.5912   3.6435   1.1542   0.4987   0.0736   0.1784   0.1366   0.0088   0.0000  -0.0022  -0.0314    0.266
    71   1.9146   3.5155   1.1831   0.4979   0.0692   0.1846   0.1414   0.0089   0.0000  -0.0018  -0.0321    0.263
    72   2.2558   3.3805   1.1921   0.4970   0.0652   0.1916   0.1468   0.0090   0.0000  -0.0015  -0.0330    0.260
    73   2.6109   3.2400   1.1821   0.4962   0.0619   0.1996   0.1529   0.0092   0.0000  -0.0011  -0.0341    0.257
    74   2.9762   3.0955   1.1548   0.4952   0.0594   0.2086   0.1598   0.0094   0.0000  -0.0008  -0.0353    0.255
    75   3.3476   2.9485   1.1122   0.4935   0.0575   0.2183   0.1672   0.0095   0.0000  -0.0005  -0.0366    0.253
    76   3.7210   2.8008   1.0564   0.4908   0.0560   0.2285   0.1751   0.0096   0.0000  -0.0001  -0.0380    0.251
    77   4.0924   2.6538   0.9900   0.4865   0.0551   0.2392   0.1832   0.0097   0.0000   0.0003  -0.0394    0.248
    78   4.4577   2.5093   0.9155   0.4801   0.0545   0.2496   0.1912   0.0097   0.0000   0.0008  -0.0407    0.246
    79   4.8128   2.3687   0.8353   0.4708   0.0544   0.2593   0.1986   0.0097   0.0000   0.0015  -0.0417    0.243
    80   5.1540   2.2338   0.7518   0.4581   0.0548   0.2676   0.2050   0.0095   0.0000   0.0022  -0.0425    0.239
    81   5.4774   2.1058   0.6671   0.4414   0.0556   0.2737   0.2096   0.0093   0.0000   0.0032  -0.0426    0.235
    82   5.7795   1.9862   0.5830   0.4203   0.0569   0.2763   0.2116   0.0089   0.0000   0.0044  -0.0420    0.229
    83   6.0570   1.8764   0.5012   0.3946   0.0587   0.2746   0.2104   0.0084   0.0000   0.0059  -0.0405    0.222
    84   6.3069   1.7776   0.4225   0.3637   0.0607   0.2672   0.2047   0.0078   0.0000   0.0077  -0.0378    0.212
    85   6.5264   1.6907   0.3478   0.3274   0.0628   0.2530   0.1938   0.0069   0.0000   0.0097  -0.0338    0.200
    86   6.7314   1.6096   0.3326   0.2837   0.0650   0.2303   0.1764   0.0058   0.0000   0.0115  -0.0285    0.185
    87   6.9144   1.5372   0.2507   0.2296   0.0671   0.1952   0.1495   0.0045   0.0000   0.0126  -0.0217    0.165
    88   7.0535   1.4822   0.1746   0.1690   0.0688   0.1491   0.1142   0.0029   0.0000   0.0120  -0.0146    0.145
    89   7.1471   1.4451   0.1029   0.1034   0.0700   0.0937   0.0717   0.0014   0.0000   0.0088  -0.0081    0.127
    90   7.1941   1.4265   0.0340   0.0348   0.0706   0.0320   0.0245  -0.0002   0.0000   0.0033  -0.0025    0.116

  Surface # 4     horizontal_stabilizer (YDUP)            
     # Chordwise = 10   # Spanwise = 30     First strip = 91
     Surface area =   20.744604       Ave. chord =    2.848572
     CLsurf  =   0.02599     Clsurf  =   0.00278
     CYsurf  =   0.00412     Cmsurf  =  -0.12714
     CDsurf  =   0.00149     Cnsurf  =  -0.00235
     CDisurf =   0.00149     CDvsurf =   0.00000

  Forces referred to Ssurf, Cave about hinge axis thru LE
     CLsurf  =   0.15841     CDsurf  =   0.00898
     Deflect =

 Strip Forces referred to Strip Area, Chord
    j      Yle    Chord     Area     c cl      ai      cl_norm  cl       cd       cdv    cm_c/4    cm_LE  C.P.x/c
    91  -0.0047   4.2713   0.0803   0.5464   0.0901   0.1633   0.1251   0.0378   0.0000  -0.0073   0.0337    0.308
    92  -0.0418   4.2566   0.2392   0.5046   0.0904   0.1541   0.1180   0.0110   0.0000  -0.0072   0.0316    0.311
    93  -0.1156   4.2274   0.3930   0.5017   0.0903   0.1544   0.1183   0.0093   0.0000  -0.0068   0.0314    0.308
    94  -0.2254   4.1839   0.5386   0.5010   0.0899   0.1559   0.1194   0.0089   0.0000  -0.0062   0.0311    0.302
    95  -0.3698   4.1268   0.6730   0.5011   0.0890   0.1581   0.1211   0.0087   0.0000  -0.0055   0.0308    0.295
    96  -0.5474   4.0565   0.7936   0.5009   0.0874   0.1608   0.1232   0.0087   0.0000  -0.0047   0.0306    0.288
    97  -0.7617   3.9717   0.9441   0.5008   0.0851   0.1642   0.1258   0.0087   0.0000  -0.0039   0.0305    0.281
    98  -1.0116   3.8728   1.0344   0.5001   0.0819   0.1682   0.1289   0.0086   0.0000  -0.0032   0.0306    0.275
    99  -1.2891   3.7630   1.1046   0.4995   0.0780   0.1730   0.1325   0.0087   0.0000  -0.0027   0.0309    0.270
   100  -1.5912   3.6435   1.1542   0.4987   0.0736   0.1784   0.1366   0.0088   0.0000  -0.0022   0.0314    0.266
   101  -1.9146   3.5155   1.1831   0.4979   0.0692   0.1846   0.1414   0.0089   0.0000  -0.0018   0.0321    0.263
   102  -2.2558   3.3805   1.1921   0.4970   0.0652   0.1916   0.1468   0.0090   0.0000  -0.0015   0.0330    0.260
   103  -2.6109   3.2400   1.1821   0.4962   0.0619   0.1996   0.1529   0.0092   0.0000  -0.0011   0.0341    0.257
   104  -2.9762   3.0955   1.1548   0.4952   0.0594   0.2086   0.1598   0.0094   0.0000  -0.0008   0.0353    0.255
   105  -3.3476   2.9485   1.1122   0.4935   0.0575   0.2183   0.1672   0.0095   0.0000  -0.0005   0.0366    0.253
   106  -3.7210   2.8008   1.0564   0.4908   0.0560   0.2285   0.1751   0.0096   0.0000  -0.0001   0.0380    0.251
   107  -4.0924   2.6538   0.9900   0.4865   0.0551   0.2392   0.1832   0.0097   0.0000   0.0003   0.0394    0.248
   108  -4.4577   2.5093   0.9155   0.4801   0.0545   0.2496   0.1912   0.0097   0.0000   0.0008   0.0407    0.246
   109  -4.8128   2.3687   0.8353   0.4707   0.0544   0.2593   0.1986   0.0097   0.0000   0.0015   0.0417    0.243
   110  -5.1540   2.2338   0.7518   0.4581   0.0548   0.2676   0.2050   0.0095   0.0000   0.0022   0.0425    0.239
   111  -5.4774   2.1058   0.6671   0.4414   0.0556   0.2737   0.2096   0.0093   0.0000   0.0032   0.0426    0.235
   112  -5.7795   1.9862   0.5830   0.4203   0.0569   0.2763   0.2116   0.0089   0.0000   0.0044   0.0420    0.229
   113  -6.0570   1.8764   0.5012   0.3946   0.0587   0.2746   0.2104   0.0084   0.0000   0.0059   0.0405    0.222
   114  -6.3069   1.7776   0.4225   0.3637   0.0607   0.2672   0.2047   0.0078   0.0000   0.0077   0.0378    0.212
   115  -6.5264   1.6907   0.3478   0.3274   0.0628   0.2530   0.1938   0.0069   0.0000   0.0097   0.0338    0.200
   116  -6.7314   1.6096   0.3326   0.2837   0.0650   0.2303   0.1764   0.0058   0.0000   0.0115   0.0285    0.185
   117  -6.9144   1.5372   0.2507   0.2296   0.0671   0.1952   0.1495   0.0045   0.0000   0.0126   0.0217    0.165
   118  -7.0535   1.4822   0.1746   0.1690   0.0688   0.1491   0.1142   0.0029   0.0000   0.0120   0.0146    0.145
   119  -7.1471   1.4451   0.1029   0.1034   0.0700   0.0937   0.0717   0.0014   0.0000   0.0088   0.0081    0.127
   120  -7.1941   1.4265   0.0340   0.0348   0.0706   0.0320   0.0245  -0.0002   0.0000   0.0033   0.0025    0.116

  Surface # 5     vertical_stabilizer                     
     # Chordwise = 10   # Spanwise = 30     First strip =121
     Surface area =   34.910358       Ave. chord =    4.190919
     CLsurf  =   0.00000     Clsurf  =   0.00000
     CYsurf  =   0.00000     Cmsurf  =  -0.00000
     CDsurf  =  -0.00000     Cnsurf  =  -0.00000
     CDisurf =  -0.00000     CDvsurf =   0.00000

  Forces referred to Ssurf, Cave about hinge axis thru LE
     CLsurf  =  -0.00000     CDsurf  =  -0.00000
     Deflect =

 Strip Forces referred to Strip Area, Chord
    j      Yle    Chord     Area     c cl      ai      cl_norm  cl       cd       cdv    cm_c/4    cm_LE  C.P.x/c
   121   0.0000  10.0347   0.6931  -0.0000   0.0000  -0.0000  -0.0000   0.0000   0.0000   0.0000   0.0000    0.330
   122   0.0000   9.8296   1.1101  -0.0000  -0.0000  -0.0000  -0.0000   0.0000   0.0000   0.0000   0.0000    0.341
   123   0.0000   9.5266   1.4857  -0.0000  -0.0000  -0.0000  -0.0000   0.0000   0.0000   0.0000   0.0000    0.346
   124   0.0000   9.1281   1.8040  -0.0000   0.0000  -0.0000  -0.0000   0.0000   0.0000   0.0000   0.0000    0.345
   125   0.0000   8.6377   2.0517  -0.0000   0.0000  -0.0000  -0.0000   0.0000   0.0000   0.0000   0.0000    0.347
   126   0.0000   8.0598   2.2181  -0.0000   0.0000  -0.0000  -0.0000   0.0000   0.0000   0.0000   0.0000    0.345
   127   0.0000   7.4000   2.2957  -0.0000   0.0000  -0.0000  -0.0000   0.0000   0.0000   0.0000   0.0000    0.340
   128   0.0000   6.6646   2.2808  -0.0000   0.0000  -0.0000  -0.0000   0.0000   0.0000   0.0000   0.0000    0.332
   129   0.0000   5.8609   2.1733  -0.0000   0.0000  -0.0000  -0.0000  -0.0000   0.0000   0.0000   0.0000    0.316
   130   0.0000   4.9969   1.9773  -0.0000   0.0000  -0.0000  -0.0000  -0.0000   0.0000   0.0000   0.0000    0.289
   131   0.0000   4.4389   1.6667  -0.0000   0.0000  -0.0000  -0.0000  -0.0000   0.0000   0.0000   0.0000    0.255
   132   0.0000   4.2198   1.6478  -0.0000   0.0000  -0.0000  -0.0000   0.0000   0.0000   0.0000   0.0000    0.253
   133   0.0000   3.9932   1.6033  -0.0000   0.0000  -0.0000  -0.0000  -0.0000   0.0000  -0.0000   0.0000    0.247
   134   0.0000   3.7615   1.5362  -0.0000   0.0000  -0.0000  -0.0000  -0.0000   0.0000  -0.0000   0.0000    0.243
   135   0.0000   3.5271   1.4499  -0.0000   0.0000  -0.0000  -0.0000  -0.0000   0.0000  -0.0000   0.0000    0.241
   136   0.0000   3.2923   1.3482  -0.0000   0.0000  -0.0000  -0.0000  -0.0000   0.0000  -0.0000   0.0000    0.243
   137   0.0000   3.0597   1.2352  -0.0000   0.0000  -0.0000  -0.0000  -0.0000   0.0000  -0.0000   0.0000    0.239
   138   0.0000   2.8315   1.1147  -0.0000   0.0000  -0.0000  -0.0000  -0.0000   0.0000  -0.0000   0.0000    0.234
   139   0.0000   2.6103   0.9908  -0.0000   0.0000  -0.0000  -0.0000  -0.0000   0.0000  -0.0000   0.0000    0.230
   140   0.0000   2.3983   0.8670  -0.0000   0.0000  -0.0000  -0.0000  -0.0000   0.0000  -0.0000   0.0000    0.226
   141   0.0000   2.1977   0.7464  -0.0000   0.0000  -0.0000  -0.0000  -0.0000   0.0000  -0.0000   0.0000    0.229
   142   0.0000   2.0106   0.6318  -0.0000   0.0000  -0.0000  -0.0000  -0.0000   0.0000  -0.0000   0.0000    0.225
   143   0.0000   1.8390   0.5251  -0.0000   0.0000  -0.0000  -0.0000  -0.0000   0.0000  -0.0000   0.0000    0.222
   144   0.0000   1.6847   0.4276  -0.0000   0.0000  -0.0000  -0.0000  -0.0000   0.0000  -0.0000   0.0000    0.212
   145   0.0000   1.5493   0.3400  -0.0000   0.0000  -0.0000  -0.0000  -0.0000   0.0000  -0.0000   0.0000    0.203
   146   0.0000   1.4342   0.2622  -0.0000   0.0000  -0.0000  -0.0000  -0.0000   0.0000  -0.0000   0.0000    0.187
   147   0.0000   1.3407   0.1933  -0.0000   0.0000  -0.0000  -0.0000  -0.0000   0.0000  -0.0000   0.0000    0.167
   148   0.0000   1.2696   0.1322  -0.0000   0.0000  -0.0000  -0.0000  -0.0000   0.0000  -0.0000   0.0000    0.142
   149   0.0000   1.2218   0.0769  -0.0000   0.0000  -0.0000  -0.0000  -0.0000   0.0000  -0.0000   0.0000    0.124
   150   0.0000   1.1978   0.0252  -0.0000   0.0000  -0.0000  -0.0000  -0.0000   0.0000  -0.0000   0.0000    0.113

  Surface # 6     fuselage_horizontal                     
     # Chordwise = 10   # Spanwise = 10     First strip =151
     Surface area =  123.841202       Ave. chord =   33.112617
     CLsurf  =   0.00636     Clsurf  =  -0.00000
     CYsurf  =  -0.00000     Cmsurf  =   0.04696
     CDsurf  =  -0.00023     Cnsurf  =   0.00000
     CDisurf =  -0.00023     CDvsurf =   0.00000

  Forces referred to Ssurf, Cave about hinge axis thru LE
     CLsurf  =   0.00641     CDsurf  =  -0.00023
     Deflect =

 Strip Forces referred to Strip Area, Chord
    j      Yle    Chord     Area     c cl      ai      cl_norm  cl       cd       cdv    cm_c/4    cm_LE  C.P.x/c
   151  -1.6830  26.5957   9.9468   0.1394   0.1259   0.0628   0.0054  -0.0019   0.0000   0.0037   0.0003   -0.429
   152  -1.3090  31.2096  11.6724   0.2026   0.1371   0.0251   0.0066  -0.0007   0.0000   0.0045   0.0007   -0.428
   153  -0.9350  34.0626  12.7394   0.2260   0.1309   0.0161   0.0067  -0.0002   0.0000   0.0052   0.0012   -0.523
   154  -0.5610  36.1619  13.5246   0.2395   0.1297   0.0111   0.0066   0.0002   0.0000   0.0055   0.0017   -0.578
   155  -0.1870  37.5332  14.0374   0.2471   0.1307   0.0076   0.0065   0.0008   0.0000   0.0056   0.0027   -0.600
   156   0.1870  37.5332  14.0374   0.2471   0.1307   0.0076   0.0065   0.0008   0.0000   0.0056   0.0027   -0.600
   157   0.5610  36.1619  13.5246   0.2395   0.1297   0.0111   0.0066   0.0002   0.0000   0.0055   0.0017   -0.578
   158   0.9350  34.0626  12.7394   0.2260   0.1309   0.0161   0.0067  -0.0002   0.0000   0.0052   0.0012   -0.523
   159   1.3090  31.2096  11.6724   0.2026   0.1371   0.0251   0.0066  -0.0007   0.0000   0.0045   0.0007   -0.428
   160   1.6830  26.5957   9.9468   0.1394   0.1259   0.0628   0.0054  -0.0019   0.0000   0.0037   0.0003   -0.429

  Surface # 7     fuselage_vertical                       
     # Chordwise = 10   # Spanwise = 10     First strip =161
     Surface area =  123.841202       Ave. chord =   33.112617
     CLsurf  =  -0.00000     Clsurf  =  -0.00000
     CYsurf  =   0.00000     Cmsurf  =   0.00000
     CDsurf  =   0.00000     Cnsurf  =  -0.00000
     CDisurf =   0.00000     CDvsurf =   0.00000

  Forces referred to Ssurf, Cave about hinge axis thru LE
     CLsurf  =  -0.00000     CDsurf  =   0.00000
     Deflect =

 Strip Forces referred to Strip Area, Chord
    j      Yle    Chord     Area     c cl      ai      cl_norm  cl       cd       cdv    cm_c/4    cm_LE  C.P.x/c
   161   0.0000  26.5957   9.9468   0.0000  -0.0000   0.0000   0.0000  -0.0000   0.0000   0.0000   0.0000   -0.449
   162   0.0000  31.2096  11.6724  -0.0000  -0.0000  -0.0000  -0.0000  -0.0000   0.0000  -0.0000  -0.0000   -0.221
   163   0.0000  34.0626  12.7394  -0.0000  -0.0000  -0.0000  -0.0000   0.0000   0.0000  -0.0000  -0.0000    0.050
   164   0.0000  36.1619  13.5246  -0.0000   0.0000  -0.0000  -0.0000   0.0000   0.0000  -0.0000   0.0000    0.182
   165   0.0000  37.5332  14.0374  -0.0000   0.0000  -0.0000  -0.0000   0.0000   0.0000   0.0000   0.0000    0.278
   166   0.0000  37.5332  14.0374  -0.0000  -0.0000  -0.0000  -0.0000   0.0000   0.0000   0.0000   0.0000    0.460
   167   0.0000  36.1619  13.5246  -0.0000   0.0000  -0.0000  -0.0000   0.0000   0.0000   0.0000   0.0000    0.522
   168   0.0000  34.0626  12.7394  -0.0000  -0.0000  -0.0000  -0.0000   0.0000   0.0000   0.0000   0.0000    0.576
   169   0.0000  31.2096  11.6724  -0.0000   0.0000  -0.0000  -0.0000   0.0000   0.0000   0.0000   0.0000    0.615
   170   0.0000  26.5957   9.9468  -0.0000   0.0000  -0.0000  -0.0000   0.0000   0.0000   0.0000   0.0000    0.691
 ---------------------------------------------------------------
