 ---------------------------------------------------------------
 Surface and Strip Forces by surface

  Forces referred to Sref, Cref, Bref about Xref, Yref, Zref
 Standard axis orientation,  X fwd, Z down         

  Surface # 1     main_wing                               
     # Chordwise = 10   # Spanwise = 30     First strip =  1
     Surface area =   63.793327       Ave. chord =    3.717556
     CLsurf  =   0.13409     Clsurf  =  -0.02649
     CYsurf  =  -0.00113     Cmsurf  =  -0.01583
     CDsurf  =   0.00132     Cnsurf  =  -0.00059
     CDisurf =   0.00132     CDvsurf =   0.00000

  Forces referred to Ssurf, Cave about hinge axis thru LE
     CLsurf  =   0.26246     CDsurf  =   0.00258
     Deflect =

 Strip Forces referred to Strip Area, Chord
    j      Yle    Chord     Area     c cl      ai      cl_norm  cl       cd       cdv    cm_c/4    cm_LE  C.P.x/c
     1   0.0123   7.7514   0.3815   1.5387   0.0599   0.1983   0.1982   0.0109   0.0000  -0.0074  -0.0561    0.287
     2   0.1106   7.6828   1.1303   1.5369   0.0570   0.2000   0.2000   0.0059   0.0000  -0.0074  -0.0564    0.287
     3   0.3062   7.5463   1.8369   1.5324   0.0537   0.2030   0.2030   0.0053   0.0000  -0.0074  -0.0572    0.286
     4   0.5968   7.3435   2.4751   1.5229   0.0505   0.2074   0.2073   0.0048   0.0000  -0.0075  -0.0584    0.286
     5   0.9793   7.0766   3.0215   1.5086   0.0470   0.2132   0.2132   0.0047   0.0000  -0.0078  -0.0601    0.287
     6   1.4496   6.7484   3.4567   1.4850   0.0427   0.2201   0.2200   0.0041   0.0000  -0.0084  -0.0624    0.288
     7   1.9610   6.3915   3.2367   1.4558   0.0376   0.2278   0.2278   0.0036   0.0000  -0.0091  -0.0649    0.290
     8   2.4995   6.0157   3.4229   1.4184   0.0329   0.2358   0.2358   0.0034   0.0000  -0.0099  -0.0677    0.292
     9   3.0975   5.5984   3.5010   1.3764   0.0291   0.2459   0.2459   0.0035   0.0000  -0.0110  -0.0712    0.295
    10   3.7485   5.1441   3.4716   1.3200   0.0253   0.2567   0.2567   0.0021   0.0000  -0.0125  -0.0754    0.299
    11   4.4453   4.6578   3.3395   1.2599   0.0206   0.2706   0.2706   0.0019   0.0000  -0.0144  -0.0807    0.303
    12   5.1804   4.1448   3.1137   1.1937   0.0139   0.2881   0.2881   0.0017   0.0000  -0.0169  -0.0875    0.309
    13   6.0123   3.7903   3.4546   1.1319   0.0110   0.2988   0.2988   0.0012   0.0000  -0.0194  -0.0939    0.315
    14   6.9353   3.6074   3.3620   1.0764   0.0102   0.2985   0.2985   0.0014   0.0000  -0.0200  -0.0945    0.317
    15   7.8737   3.4215   3.2240   1.0211   0.0089   0.2986   0.2986   0.0015   0.0000  -0.0202  -0.0947    0.318
    16   8.8173   3.2345   3.0478   0.9658   0.0083   0.2987   0.2987   0.0015   0.0000  -0.0203  -0.0948    0.318
    17   9.7557   3.0486   2.8411   0.9104   0.0082   0.2988   0.2988   0.0015   0.0000  -0.0203  -0.0948    0.318
    18  10.6786   2.8657   2.6118   0.8548   0.0083   0.2984   0.2984   0.0015   0.0000  -0.0202  -0.0946    0.318
    19  11.5760   2.6879   2.3677   0.7990   0.0087   0.2974   0.2974   0.0015   0.0000  -0.0201  -0.0943    0.318
    20  12.4467   2.5153   2.1582   0.7427   0.0092   0.2954   0.2954   0.0015   0.0000  -0.0200  -0.0936    0.318
    21  13.2645   2.3533   1.8259   0.6863   0.0100   0.2918   0.2918   0.0016   0.0000  -0.0197  -0.0925    0.318
    22  14.0130   2.2050   1.5853   0.6300   0.0111   0.2859   0.2858   0.0017   0.0000  -0.0194  -0.0907    0.318
    23  14.7005   2.0687   1.3533   0.5723   0.0129   0.2767   0.2767   0.0019   0.0000  -0.0189  -0.0879    0.318
    24  15.3195   1.9461   1.1330   0.5117   0.0154   0.2630   0.2630   0.0021   0.0000  -0.0180  -0.0836    0.319
    25  15.8633   1.8383   0.9263   0.4463   0.0190   0.2428   0.2428   0.0023   0.0000  -0.0167  -0.0773    0.319
    26  16.3259   1.7467   0.7336   0.3727   0.0241   0.2134   0.2134   0.0025   0.0000  -0.0145  -0.0677    0.318
    27  16.6722   1.4928   0.4112   0.2860   0.0200   0.1917   0.1916   0.0021   0.0000  -0.0114  -0.0554    0.310
    28  16.9098   1.1466   0.2281   0.2016   0.0147   0.1760   0.1759   0.0015   0.0000  -0.0093  -0.0497    0.303
    29  17.0696   0.9137   0.1099   0.1204   0.0137   0.1319   0.1318   0.0010   0.0000  -0.0062  -0.0365    0.297
    30  17.1499   0.7966   0.0321   0.0403   0.0163   0.0507   0.0506   0.0004   0.0000  -0.0022  -0.0139    0.293

  Surface # 2     main_wing (YDUP)                        
     # Chordwise = 10   # Spanwise = 30     First strip = 31
     Surface area =   63.793327       Ave. chord =    3.717556
     CLsurf  =   0.13409     Clsurf  =   0.02649
     CYsurf  =   0.00113     Cmsurf  =  -0.01583
     CDsurf  =   0.00132     Cnsurf  =   0.00059
     CDisurf =   0.00132     CDvsurf =   0.00000

  Forces referred to Ssurf, Cave about hinge axis thru LE
     CLsurf  =   0.26246     CDsurf  =   0.00258
     Deflect =

 Strip Forces referred to Strip Area, Chord
    j      Yle    Chord     Area     c cl      ai      cl_norm  cl       cd       cdv    cm_c/4    cm_LE  C.P.x/c
    31  -0.0123   7.7514   0.3815   1.5387   0.0599   0.1983   0.1982   0.0109   0.0000  -0.0074   0.0561    0.287
    32  -0.1106   7.6828   1.1303   1.5369   0.0570   0.2000   0.2000   0.0059   0.0000  -0.0074   0.0564    0.287
    33  -0.3062   7.5463   1.8369   1.5324   0.0537   0.2030   0.2030   0.0053   0.0000  -0.0074   0.0572    0.286
    34  -0.5968   7.3435   2.4751   1.5229   0.0505   0.2074   0.2073   0.0048   0.0000  -0.0075   0.0584    0.286
    35  -0.9793   7.0766   3.0215   1.5086   0.0470   0.2132   0.2131   0.0047   0.0000  -0.0078   0.0601    0.287
    36  -1.4496   6.7484   3.4567   1.4850   0.0427   0.2201   0.2200   0.0041   0.0000  -0.0084   0.0624    0.288
    37  -1.9610   6.3915   3.2367   1.4558   0.0376   0.2278   0.2278   0.0036   0.0000  -0.0091   0.0649    0.290
    38  -2.4995   6.0157   3.4229   1.4184   0.0329   0.2358   0.2358   0.0034   0.0000  -0.0099   0.0677    0.292
    39  -3.0975   5.5984   3.5010   1.3764   0.0291   0.2459   0.2459   0.0035   0.0000  -0.0110   0.0712    0.295
    40  -3.7485   5.1441   3.4716   1.3200   0.0253   0.2567   0.2567   0.0021   0.0000  -0.0125   0.0754    0.299
    41  -4.4453   4.6578   3.3395   1.2599   0.0206   0.2706   0.2706   0.0019   0.0000  -0.0144   0.0807    0.303
    42  -5.1804   4.1448   3.1137   1.1937   0.0139   0.2881   0.2881   0.0017   0.0000  -0.0169   0.0875    0.309
    43  -6.0123   3.7903   3.4546   1.1319   0.0110   0.2988   0.2988   0.0012   0.0000  -0.0194   0.0939    0.315
    44  -6.9353   3.6074   3.3620   1.0764   0.0102   0.2985   0.2985   0.0014   0.0000  -0.0200   0.0945    0.317
    45  -7.8737   3.4215   3.2240   1.0211   0.0089   0.2986   0.2986   0.0015   0.0000  -0.0202   0.0947    0.318
    46  -8.8173   3.2345   3.0478   0.9658   0.0083   0.2987   0.2987   0.0015   0.0000  -0.0203   0.0948    0.318
    47  -9.7557   3.0486   2.8411   0.9104   0.0082   0.2988   0.2988   0.0015   0.0000  -0.0203   0.0948    0.318
    48 -10.6786   2.8657   2.6118   0.8548   0.0083   0.2984   0.2984   0.0015   0.0000  -0.0202   0.0946    0.318
    49 -11.5760   2.6879   2.3677   0.7990   0.0087   0.2974   0.2974   0.0015   0.0000  -0.0201   0.0943    0.318
    50 -12.4467   2.5153   2.1582   0.7427   0.0092   0.2954   0.2954   0.0015   0.0000  -0.0200   0.0936    0.318
    51 -13.2645   2.3533   1.8259   0.6863   0.0100   0.2918   0.2918   0.0016   0.0000  -0.0197   0.0925    0.318
    52 -14.0130   2.2050   1.5853   0.6300   0.0111   0.2858   0.2858   0.0017   0.0000  -0.0194   0.0907    0.318
    53 -14.7005   2.0687   1.3533   0.5723   0.0129   0.2767   0.2767   0.0019   0.0000  -0.0189   0.0879    0.318
    54 -15.3195   1.9461   1.1330   0.5117   0.0154   0.2630   0.2630   0.0021   0.0000  -0.0180   0.0836    0.319
    55 -15.8633   1.8383   0.9263   0.4462   0.0190   0.2428   0.2428   0.0023   0.0000  -0.0167   0.0773    0.319
    56 -16.3259   1.7467   0.7336   0.3727   0.0241   0.2134   0.2134   0.0025   0.0000  -0.0145   0.0677    0.318
    57 -16.6722   1.4928   0.4112   0.2860   0.0200   0.1917   0.1916   0.0021   0.0000  -0.0114   0.0554    0.310
    58 -16.9098   1.1466   0.2281   0.2016   0.0147   0.1760   0.1759   0.0015   0.0000  -0.0093   0.0497    0.303
    59 -17.0696   0.9137   0.1099   0.1204   0.0137   0.1319   0.1318   0.0010   0.0000  -0.0062   0.0365    0.297
    60 -17.1499   0.7966   0.0321   0.0403   0.0163   0.0507   0.0506   0.0004   0.0000  -0.0022   0.0139    0.293

  Surface # 3     horizontal_stabilizer                   
     # Chordwise = 10   # Spanwise = 30     First strip = 61
     Surface area =   20.071465       Ave. chord =    2.826957
     CLsurf  =   0.00990     Clsurf  =  -0.00086
     CYsurf  =  -0.00015     Cmsurf  =  -0.04375
     CDsurf  =   0.00024     Cnsurf  =   0.00008
     CDisurf =   0.00024     CDvsurf =   0.00000

  Forces referred to Ssurf, Cave about hinge axis thru LE
     CLsurf  =   0.06159     CDsurf  =   0.00148
     Deflect =

 Strip Forces referred to Strip Area, Chord
    j      Yle    Chord     Area     c cl      ai      cl_norm  cl       cd       cdv    cm_c/4    cm_LE  C.P.x/c
    61   0.0046   4.6976   0.0861   0.2362   0.0426   0.0502   0.0502   0.0022   0.0000   0.0006  -0.0119    0.239
    62   0.0412   4.6783   0.2563   0.2360   0.0424   0.0504   0.0504   0.0014   0.0000   0.0006  -0.0119    0.239
    63   0.1140   4.6399   0.4206   0.2358   0.0422   0.0508   0.0508   0.0014   0.0000   0.0006  -0.0120    0.239
    64   0.2222   4.5828   0.5752   0.2354   0.0419   0.0514   0.0514   0.0014   0.0000   0.0006  -0.0121    0.238
    65   0.3647   4.5076   0.7167   0.2347   0.0415   0.0521   0.0520   0.0014   0.0000   0.0006  -0.0123    0.238
    66   0.5398   4.4152   0.8422   0.2334   0.0410   0.0529   0.0528   0.0014   0.0000   0.0006  -0.0125    0.238
    67   0.7511   4.3037   0.9974   0.2315   0.0401   0.0538   0.0538   0.0014   0.0000   0.0006  -0.0127    0.238
    68   0.9975   4.1737   1.0868   0.2287   0.0389   0.0548   0.0548   0.0014   0.0000   0.0006  -0.0129    0.239
    69   1.2712   4.0293   1.1531   0.2252   0.0371   0.0559   0.0559   0.0014   0.0000   0.0006  -0.0132    0.239
    70   1.5691   3.8721   1.1959   0.2209   0.0347   0.0570   0.0570   0.0014   0.0000   0.0006  -0.0135    0.240
    71   1.8880   3.7039   1.2153   0.2158   0.0318   0.0583   0.0583   0.0015   0.0000   0.0006  -0.0139    0.240
    72   2.2244   3.5264   1.2123   0.2101   0.0290   0.0596   0.0596   0.0015   0.0000   0.0005  -0.0142    0.241
    73   2.5747   3.3416   1.1886   0.2039   0.0269   0.0610   0.0610   0.0015   0.0000   0.0005  -0.0146    0.242
    74   2.9349   3.1516   1.1463   0.1973   0.0255   0.0626   0.0626   0.0015   0.0000   0.0005  -0.0150    0.242
    75   3.3011   2.9584   1.0879   0.1903   0.0244   0.0643   0.0643   0.0016   0.0000   0.0005  -0.0154    0.242
    76   3.6693   2.7641   1.0165   0.1830   0.0236   0.0662   0.0662   0.0016   0.0000   0.0006  -0.0158    0.242
    77   4.0356   2.5709   0.9351   0.1752   0.0228   0.0682   0.0681   0.0016   0.0000   0.0006  -0.0163    0.241
    78   4.3958   2.3808   0.8469   0.1671   0.0221   0.0702   0.0702   0.0015   0.0000   0.0007  -0.0167    0.241
    79   4.7460   2.1961   0.7550   0.1585   0.0216   0.0722   0.0722   0.0016   0.0000   0.0007  -0.0171    0.240
    80   5.0824   2.0186   0.6623   0.1494   0.0211   0.0740   0.0740   0.0016   0.0000   0.0008  -0.0175    0.239
    81   5.4013   1.8503   0.5714   0.1398   0.0208   0.0755   0.0755   0.0016   0.0000   0.0010  -0.0177    0.237
    82   5.6992   1.6931   0.4845   0.1295   0.0206   0.0765   0.0765   0.0016   0.0000   0.0011  -0.0178    0.235
    83   5.9729   1.5487   0.4033   0.1186   0.0206   0.0766   0.0765   0.0016   0.0000   0.0013  -0.0176    0.233
    84   6.2193   1.4187   0.3288   0.1070   0.0207   0.0754   0.0754   0.0016   0.0000   0.0016  -0.0171    0.229
    85   6.4358   1.3045   0.2616   0.0946   0.0210   0.0726   0.0725   0.0014   0.0000   0.0018  -0.0161    0.225
    86   6.6379   1.1979   0.2413   0.0809   0.0214   0.0675   0.0675   0.0014   0.0000   0.0021  -0.0146    0.218
    87   6.8184   1.1027   0.1754   0.0649   0.0221   0.0588   0.0588   0.0012   0.0000   0.0024  -0.0122    0.209
    88   6.9555   1.0303   0.1183   0.0476   0.0228   0.0462   0.0461   0.0010   0.0000   0.0024  -0.0090    0.198
    89   7.0478   0.9816   0.0681   0.0291   0.0235   0.0296   0.0296   0.0006   0.0000   0.0019  -0.0054    0.185
    90   7.0942   0.9572   0.0222   0.0098   0.0240   0.0102   0.0102   0.0002   0.0000   0.0008  -0.0018    0.176

  Surface # 4     horizontal_stabilizer (YDUP)            
     # Chordwise = 10   # Spanwise = 30     First strip = 91
     Surface area =   20.071465       Ave. chord =    2.826957
     CLsurf  =   0.00990     Clsurf  =   0.00086
     CYsurf  =   0.00015     Cmsurf  =  -0.04375
     CDsurf  =   0.00024     Cnsurf  =  -0.00008
     CDisurf =   0.00024     CDvsurf =   0.00000

  Forces referred to Ssurf, Cave about hinge axis thru LE
     CLsurf  =   0.06158     CDsurf  =   0.00148
     Deflect =

 Strip Forces referred to Strip Area, Chord
    j      Yle    Chord     Area     c cl      ai      cl_norm  cl       cd       cdv    cm_c/4    cm_LE  C.P.x/c
    91  -0.0046   4.6976   0.0861   0.2362   0.0426   0.0502   0.0502   0.0022   0.0000   0.0006   0.0119    0.239
    92  -0.0412   4.6783   0.2563   0.2360   0.0424   0.0504   0.0504   0.0014   0.0000   0.0006   0.0119    0.239
    93  -0.1140   4.6399   0.4206   0.2358   0.0422   0.0508   0.0508   0.0014   0.0000   0.0006   0.0120    0.239
    94  -0.2222   4.5828   0.5752   0.2354   0.0419   0.0514   0.0514   0.0014   0.0000   0.0006   0.0121    0.238
    95  -0.3647   4.5076   0.7167   0.2347   0.0415   0.0521   0.0520   0.0014   0.0000   0.0006   0.0123    0.238
    96  -0.5398   4.4152   0.8422   0.2334   0.0410   0.0529   0.0528   0.0014   0.0000   0.0006   0.0125    0.238
    97  -0.7511   4.3037   0.9974   0.2315   0.0401   0.0538   0.0538   0.0014   0.0000   0.0006   0.0127    0.238
    98  -0.9975   4.1737   1.0868   0.2287   0.0389   0.0548   0.0548   0.0014   0.0000   0.0006   0.0129    0.239
    99  -1.2712   4.0293   1.1531   0.2252   0.0371   0.0559   0.0559   0.0014   0.0000   0.0006   0.0132    0.239
   100  -1.5691   3.8721   1.1959   0.2209   0.0347   0.0570   0.0570   0.0014   0.0000   0.0006   0.0135    0.240
   101  -1.8880   3.7039   1.2153   0.2158   0.0318   0.0583   0.0583   0.0015   0.0000   0.0006   0.0139    0.240
   102  -2.2244   3.5264   1.2123   0.2101   0.0290   0.0596   0.0596   0.0015   0.0000   0.0005   0.0142    0.241
   103  -2.5747   3.3416   1.1886   0.2039   0.0269   0.0610   0.0610   0.0015   0.0000   0.0005   0.0146    0.242
   104  -2.9349   3.1516   1.1463   0.1973   0.0255   0.0626   0.0626   0.0015   0.0000   0.0005   0.0150    0.242
   105  -3.3011   2.9584   1.0879   0.1903   0.0244   0.0643   0.0643   0.0016   0.0000   0.0005   0.0154    0.242
   106  -3.6693   2.7641   1.0165   0.1830   0.0236   0.0662   0.0662   0.0016   0.0000   0.0006   0.0158    0.242
   107  -4.0356   2.5709   0.9351   0.1752   0.0228   0.0682   0.0681   0.0016   0.0000   0.0006   0.0163    0.241
   108  -4.3958   2.3808   0.8469   0.1671   0.0221   0.0702   0.0702   0.0015   0.0000   0.0007   0.0167    0.241
   109  -4.7460   2.1961   0.7550   0.1585   0.0216   0.0722   0.0722   0.0016   0.0000   0.0007   0.0171    0.240
   110  -5.0824   2.0186   0.6623   0.1494   0.0211   0.0740   0.0740   0.0016   0.0000   0.0008   0.0175    0.239
   111  -5.4013   1.8503   0.5714   0.1398   0.0208   0.0755   0.0755   0.0016   0.0000   0.0010   0.0177    0.237
   112  -5.6992   1.6931   0.4845   0.1295   0.0206   0.0765   0.0765   0.0016   0.0000   0.0011   0.0178    0.235
   113  -5.9729   1.5487   0.4033   0.1186   0.0206   0.0766   0.0765   0.0016   0.0000   0.0013   0.0176    0.233
   114  -6.2193   1.4187   0.3288   0.1070   0.0207   0.0754   0.0754   0.0016   0.0000   0.0016   0.0171    0.229
   115  -6.4358   1.3045   0.2616   0.0946   0.0210   0.0726   0.0725   0.0014   0.0000   0.0018   0.0161    0.225
   116  -6.6379   1.1979   0.2413   0.0809   0.0214   0.0675   0.0675   0.0014   0.0000   0.0021   0.0146    0.218
   117  -6.8184   1.1027   0.1754   0.0649   0.0221   0.0588   0.0588   0.0012   0.0000   0.0024   0.0122    0.209
   118  -6.9555   1.0303   0.1183   0.0476   0.0228   0.0462   0.0461   0.0010   0.0000   0.0024   0.0090    0.198
   119  -7.0478   0.9816   0.0681   0.0291   0.0235   0.0296   0.0296   0.0006   0.0000   0.0019   0.0054    0.185
   120  -7.0942   0.9572   0.0222   0.0098   0.0240   0.0102   0.0102   0.0002   0.0000   0.0008   0.0018    0.176

  Surface # 5     vertical_stabilizer                     
     # Chordwise = 10   # Spanwise = 30     First strip =121
     Surface area =   27.880133       Ave. chord =    3.584947
     CLsurf  =   0.00000     Clsurf  =   0.00000
     CYsurf  =   0.00000     Cmsurf  =  -0.00000
     CDsurf  =  -0.00000     Cnsurf  =  -0.00000
     CDisurf =  -0.00000     CDvsurf =   0.00000

  Forces referred to Ssurf, Cave about hinge axis thru LE
     CLsurf  =  -0.00000     CDsurf  =  -0.00000
     Deflect =

 Strip Forces referred to Strip Area, Chord
    j      Yle    Chord     Area     c cl      ai      cl_norm  cl       cd       cdv    cm_c/4    cm_LE  C.P.x/c
   121   0.0000   8.1257   0.4979  -0.0000   0.0000  -0.0000  -0.0000   0.0000   0.0000   0.0000   0.0000    0.277
   122   0.0000   7.9240   0.7939  -0.0000   0.0000  -0.0000  -0.0000  -0.0000   0.0000   0.0000   0.0000    0.280
   123   0.0000   7.6259   1.0550  -0.0000  -0.0000  -0.0000  -0.0000  -0.0000   0.0000   0.0000   0.0000    0.283
   124   0.0000   7.2338   1.2682  -0.0000   0.0000  -0.0000  -0.0000  -0.0000   0.0000   0.0000   0.0000    0.294
   125   0.0000   6.7513   1.4226  -0.0000   0.0000  -0.0000  -0.0000  -0.0000   0.0000   0.0000   0.0000    0.290
   126   0.0000   6.1827   1.5094  -0.0000   0.0000  -0.0000  -0.0000  -0.0000   0.0000   0.0000   0.0000    0.290
   127   0.0000   5.5336   1.5228  -0.0000   0.0000  -0.0000  -0.0000  -0.0000   0.0000   0.0000   0.0000    0.284
   128   0.0000   4.8100   1.4602  -0.0000   0.0000  -0.0000  -0.0000  -0.0000   0.0000   0.0000   0.0000    0.280
   129   0.0000   4.3478   1.3898  -0.0000   0.0000  -0.0000  -0.0000  -0.0000   0.0000  -0.0000   0.0000    0.245
   130   0.0000   4.1900   1.4293  -0.0000   0.0000  -0.0000  -0.0000  -0.0000   0.0000  -0.0000   0.0000    0.240
   131   0.0000   4.0228   1.4447  -0.0000   0.0000  -0.0000  -0.0000  -0.0000   0.0000  -0.0000   0.0000    0.244
   132   0.0000   3.8479   1.4371  -0.0000   0.0000  -0.0000  -0.0000  -0.0000   0.0000  -0.0000   0.0000    0.247
   133   0.0000   3.6670   1.4082  -0.0000   0.0000  -0.0000  -0.0000  -0.0000   0.0000  -0.0000   0.0000    0.246
   134   0.0000   3.4821   1.3602  -0.0000   0.0000  -0.0000  -0.0000  -0.0000   0.0000  -0.0000   0.0000    0.248
   135   0.0000   3.2949   1.2955  -0.0000   0.0000  -0.0000  -0.0000  -0.0000   0.0000  -0.0000   0.0000    0.249
   136   0.0000   3.1075   1.2172  -0.0000   0.0000  -0.0000  -0.0000  -0.0000   0.0000   0.0000   0.0000    0.251
   137   0.0000   2.9218   1.1282  -0.0000   0.0000  -0.0000  -0.0000  -0.0000   0.0000  -0.0000   0.0000    0.250
   138   0.0000   2.7397   1.0316  -0.0000   0.0000  -0.0000  -0.0000  -0.0000   0.0000   0.0000   0.0000    0.253
   139   0.0000   2.5631   0.9305  -0.0000   0.0000  -0.0000  -0.0000  -0.0000   0.0000   0.0000   0.0000    0.253
   140   0.0000   2.3939   0.8277  -0.0000   0.0000  -0.0000  -0.0000  -0.0000   0.0000   0.0000   0.0000    0.254
   141   0.0000   2.2338   0.7257  -0.0000   0.0000  -0.0000  -0.0000  -0.0000   0.0000   0.0000   0.0000    0.251
   142   0.0000   2.0845   0.6265  -0.0000   0.0000  -0.0000  -0.0000  -0.0000   0.0000   0.0000   0.0000    0.250
   143   0.0000   1.9475   0.5319  -0.0000   0.0000  -0.0000  -0.0000  -0.0000   0.0000  -0.0000   0.0000    0.249
   144   0.0000   1.8243   0.4429  -0.0000   0.0000  -0.0000  -0.0000  -0.0000   0.0000  -0.0000   0.0000    0.241
   145   0.0000   1.7162   0.3603  -0.0000   0.0000  -0.0000  -0.0000  -0.0000   0.0000  -0.0000   0.0000    0.236
   146   0.0000   1.6244   0.2840  -0.0000   0.0000  -0.0000  -0.0000  -0.0000   0.0000  -0.0000   0.0000    0.232
   147   0.0000   1.5497   0.2138  -0.0000   0.0000  -0.0000  -0.0000  -0.0000   0.0000  -0.0000   0.0000    0.223
   148   0.0000   1.4930   0.1487  -0.0000   0.0000  -0.0000  -0.0000  -0.0000   0.0000  -0.0000   0.0000    0.219
   149   0.0000   1.4548   0.0875  -0.0000   0.0000  -0.0000  -0.0000  -0.0000   0.0000  -0.0000   0.0000    0.210
   150   0.0000   1.4357   0.0289  -0.0000   0.0000  -0.0000  -0.0000  -0.0000   0.0000  -0.0000   0.0000    0.207

  Surface # 6     fuselage_horizontal                     
     # Chordwise = 10   # Spanwise = 10     First strip =151
     Surface area =  123.841209       Ave. chord =   33.112621
     CLsurf  =   0.00257     Clsurf  =   0.00000
     CYsurf  =   0.00000     Cmsurf  =   0.02283
     CDsurf  =  -0.00008     Cnsurf  =  -0.00000
     CDisurf =  -0.00008     CDvsurf =   0.00000

  Forces referred to Ssurf, Cave about hinge axis thru LE
     CLsurf  =   0.00259     CDsurf  =  -0.00008
     Deflect =

 Strip Forces referred to Strip Area, Chord
    j      Yle    Chord     Area     c cl      ai      cl_norm  cl       cd       cdv    cm_c/4    cm_LE  C.P.x/c
   151  -1.6830  26.5957   9.9468   0.0653   0.0553   0.0307   0.0025  -0.0004   0.0000   0.0017   0.0001   -0.438
   152  -1.3090  31.2096  11.6724   0.0844   0.0538   0.0105   0.0027  -0.0002   0.0000   0.0022   0.0004   -0.576
   153  -0.9350  34.0626  12.7394   0.0890   0.0489   0.0064   0.0026  -0.0001   0.0000   0.0026   0.0007   -0.756
   154  -0.5610  36.1619  13.5246   0.0931   0.0490   0.0043   0.0026  -0.0000   0.0000   0.0028   0.0010   -0.828
   155  -0.1870  37.5333  14.0374   0.0960   0.0500   0.0030   0.0026   0.0001   0.0000   0.0028   0.0015   -0.844
   156   0.1870  37.5333  14.0374   0.0960   0.0500   0.0030   0.0026   0.0001   0.0000   0.0028   0.0015   -0.844
   157   0.5610  36.1619  13.5246   0.0931   0.0490   0.0043   0.0026  -0.0000   0.0000   0.0028   0.0010   -0.828
   158   0.9350  34.0626  12.7394   0.0890   0.0489   0.0064   0.0026  -0.0001   0.0000   0.0026   0.0007   -0.756
   159   1.3090  31.2096  11.6724   0.0844   0.0538   0.0105   0.0027  -0.0002   0.0000   0.0022   0.0004   -0.576
   160   1.6830  26.5957   9.9468   0.0653   0.0553   0.0307   0.0025  -0.0004   0.0000   0.0017   0.0001   -0.438

  Surface # 7     fuselage_vertical                       
     # Chordwise = 10   # Spanwise = 10     First strip =161
     Surface area =  123.841209       Ave. chord =   33.112621
     CLsurf  =   0.00000     Clsurf  =   0.00000
     CYsurf  =   0.00000     Cmsurf  =  -0.00000
     CDsurf  =   0.00000     Cnsurf  =   0.00000
     CDisurf =   0.00000     CDvsurf =   0.00000

  Forces referred to Ssurf, Cave about hinge axis thru LE
     CLsurf  =  -0.00000     CDsurf  =   0.00000
     Deflect =

 Strip Forces referred to Strip Area, Chord
    j      Yle    Chord     Area     c cl      ai      cl_norm  cl       cd       cdv    cm_c/4    cm_LE  C.P.x/c
   161   0.0000  26.5957   9.9468  -0.0000  -0.0000  -0.0000  -0.0000  -0.0000   0.0000  -0.0000  -0.0000    0.098
   162   0.0000  31.2096  11.6724  -0.0000   0.0000  -0.0000  -0.0000  -0.0000   0.0000  -0.0000   0.0000    0.132
   163   0.0000  34.0626  12.7394  -0.0000   0.0000  -0.0000  -0.0000  -0.0000   0.0000  -0.0000   0.0000    0.131
   164   0.0000  36.1619  13.5246  -0.0000   0.0000  -0.0000  -0.0000   0.0000   0.0000  -0.0000   0.0000    0.148
   165   0.0000  37.5333  14.0374  -0.0000   0.0000  -0.0000  -0.0000   0.0000   0.0000  -0.0000   0.0000    0.179
   166   0.0000  37.5333  14.0374  -0.0000  -0.0000  -0.0000  -0.0000   0.0000   0.0000   0.0000   0.0000    0.301
   167   0.0000  36.1619  13.5246  -0.0000  -0.0000  -0.0000  -0.0000   0.0000   0.0000   0.0000   0.0000    0.375
   168   0.0000  34.0626  12.7394  -0.0000  -0.0000  -0.0000  -0.0000   0.0000   0.0000   0.0000   0.0000    0.432
   169   0.0000  31.2096  11.6724  -0.0000   0.0000  -0.0000  -0.0000  -0.0000   0.0000   0.0000   0.0000    0.487
   170   0.0000  26.5957   9.9468  -0.0000   0.0000  -0.0000  -0.0000  -0.0000   0.0000   0.0000   0.0000    0.539
 ---------------------------------------------------------------
