 ---------------------------------------------------------------
 Surface and Strip Forces by surface

  Forces referred to Sref, Cref, Bref about Xref, Yref, Zref
 Standard axis orientation,  X fwd, Z down         

  Surface # 1     main_wing                               
     # Chordwise = 10   # Spanwise = 30     First strip =  1
     Surface area =   63.968842       Ave. chord =    3.715026
     CLsurf  =   0.44862     Clsurf  =  -0.08876
     CYsurf  =  -0.02545     Cmsurf  =  -0.41055
     CDsurf  =   0.01707     Cnsurf  =  -0.00847
     CDisurf =   0.01707     CDvsurf =   0.00000

  Forces referred to Ssurf, Cave about hinge axis thru LE
     CLsurf  =   0.87701     CDsurf  =   0.03332
     Deflect =

 Strip Forces referred to Strip Area, Chord
    j      Yle    Chord     Area     c cl      ai      cl_norm  cl       cd       cdv    cm_c/4    cm_LE  C.P.x/c
     1   0.0114   7.7520   0.3539   5.7387   0.1811   0.8246   0.6387   0.8709   0.0000  -0.0491  -0.1922    0.327
     2   0.1025   7.6885   1.0491   5.1221   0.1808   0.8418   0.6520   0.1561   0.0000  -0.0475  -0.1758    0.323
     3   0.2837   7.5620   1.7073   5.0705   0.1797   0.8547   0.6620   0.1105   0.0000  -0.0452  -0.1748    0.318
     4   0.5530   7.3741   2.3052   5.0445   0.1771   0.8744   0.6772   0.0976   0.0000  -0.0413  -0.1744    0.311
     5   0.9075   7.1267   2.8223   5.0087   0.1715   0.9001   0.6971   0.0889   0.0000  -0.0367  -0.1746    0.303
     6   1.3432   6.8226   3.2414   4.9525   0.1591   0.9314   0.7214   0.0811   0.0000  -0.0323  -0.1758    0.295
     7   1.8554   6.4651   3.5491   4.8622   0.1340   0.9680   0.7497   0.0649   0.0000  -0.0286  -0.1782    0.288
     8   2.4386   6.0582   3.7368   4.7396   0.1089   1.0087   0.7813   0.0566   0.0000  -0.0258  -0.1822    0.283
     9   3.0862   5.6062   3.8005   4.5788   0.0957   1.0550   0.8171   0.0466   0.0000  -0.0241  -0.1879    0.280
    10   3.7613   5.1351   3.4440   4.3922   0.0840   1.1064   0.8569   0.0395   0.0000  -0.0232  -0.1951    0.277
    11   4.4532   4.6522   3.3149   4.2197   0.0700   1.1754   0.9103   0.0286   0.0000  -0.0210  -0.2039    0.273
    12   5.1831   4.1429   3.0930   3.9652   0.0485   1.2438   0.9633   0.0080   0.0000  -0.0199  -0.2133    0.271
    13   6.0123   3.7903   3.4706   3.7057   0.0335   1.2087   0.9848   0.0018   0.0000  -0.0138  -0.2333    0.264
    14   6.9353   3.6075   3.3775   3.5124   0.0319   1.2037   0.9807   0.0021   0.0000  -0.0135  -0.2322    0.264
    15   7.8737   3.4215   3.2389   3.3348   0.0281   1.2051   0.9819   0.0009   0.0000  -0.0138  -0.2327    0.264
    16   8.8172   3.2345   3.0619   3.1637   0.0255   1.2096   0.9855  -0.0008   0.0000  -0.0146  -0.2341    0.265
    17   9.7556   3.0486   2.8543   2.9937   0.0248   1.2147   0.9897  -0.0027   0.0000  -0.0155  -0.2359    0.266
    18  10.6786   2.8657   2.6239   2.8251   0.0256   1.2197   0.9938  -0.0043   0.0000  -0.0167  -0.2378    0.267
    19  11.5760   2.6879   2.3787   2.6576   0.0272   1.2236   0.9969  -0.0061   0.0000  -0.0177  -0.2393    0.268
    20  12.4328   2.5181   2.1010   2.4925   0.0304   1.2251   0.9982  -0.0073   0.0000  -0.0177  -0.2396    0.268
    21  13.2400   2.3582   1.8520   2.3283   0.0353   1.2221   0.9957  -0.0078   0.0000  -0.0164  -0.2379    0.267
    22  13.9941   2.2087   1.6074   2.1597   0.0418   1.2104   0.9862  -0.0085   0.0000  -0.0141  -0.2336    0.264
    23  14.6868   2.0715   1.3716   1.9809   0.0502   1.1838   0.9645  -0.0089   0.0000  -0.0103  -0.2254    0.261
    24  15.3105   1.9479   1.1479   1.7851   0.0602   1.1346   0.9244  -0.0091   0.0000  -0.0051  -0.2118    0.255
    25  15.8583   1.8393   0.9381   1.5636   0.0707   1.0524   0.8574  -0.0077   0.0000  -0.0004  -0.1926    0.250
    26  16.3244   1.7470   0.7427   1.3110   0.0815   0.9280   0.7560   0.0001   0.0000  -0.0032  -0.1726    0.254
    27  16.6722   1.4928   0.4131   1.0388   0.0920   2.3594   0.7062  -0.0406   0.0000  -0.0061  -0.0897    0.259
    28  16.9098   1.1466   0.2292   0.7634   0.1043   2.2746   0.6809  -0.0804   0.0000   0.0237  -0.0723    0.215
    29  17.0696   0.9138   0.1104   0.4680   0.1128   1.7705   0.5300  -0.1114   0.0000   0.0493  -0.0415    0.157
    30  17.1499   0.7967   0.0322   0.1578   0.1171   0.7012   0.2099  -0.0829   0.0000   0.0302  -0.0109    0.106

  Surface # 2     main_wing (YDUP)                        
     # Chordwise = 10   # Spanwise = 30     First strip = 31
     Surface area =   63.968842       Ave. chord =    3.715026
     CLsurf  =   0.44862     Clsurf  =   0.08876
     CYsurf  =   0.02545     Cmsurf  =  -0.41055
     CDsurf  =   0.01707     Cnsurf  =   0.00847
     CDisurf =   0.01707     CDvsurf =   0.00000

  Forces referred to Ssurf, Cave about hinge axis thru LE
     CLsurf  =   0.87701     CDsurf  =   0.03332
     Deflect =

 Strip Forces referred to Strip Area, Chord
    j      Yle    Chord     Area     c cl      ai      cl_norm  cl       cd       cdv    cm_c/4    cm_LE  C.P.x/c
    31  -0.0114   7.7520   0.3539   5.7387   0.1811   0.8246   0.6387   0.8709   0.0000  -0.0491   0.1922    0.327
    32  -0.1025   7.6885   1.0491   5.1221   0.1808   0.8418   0.6520   0.1561   0.0000  -0.0475   0.1758    0.323
    33  -0.2837   7.5620   1.7073   5.0705   0.1797   0.8547   0.6620   0.1105   0.0000  -0.0452   0.1748    0.318
    34  -0.5530   7.3741   2.3052   5.0445   0.1771   0.8744   0.6772   0.0976   0.0000  -0.0413   0.1744    0.311
    35  -0.9075   7.1267   2.8223   5.0087   0.1715   0.9001   0.6971   0.0889   0.0000  -0.0367   0.1746    0.303
    36  -1.3432   6.8226   3.2414   4.9525   0.1591   0.9314   0.7214   0.0811   0.0000  -0.0323   0.1758    0.295
    37  -1.8554   6.4651   3.5491   4.8622   0.1340   0.9680   0.7497   0.0649   0.0000  -0.0286   0.1782    0.288
    38  -2.4386   6.0582   3.7368   4.7396   0.1089   1.0087   0.7813   0.0566   0.0000  -0.0258   0.1822    0.283
    39  -3.0862   5.6062   3.8005   4.5788   0.0957   1.0550   0.8171   0.0466   0.0000  -0.0241   0.1879    0.280
    40  -3.7613   5.1351   3.4440   4.3922   0.0840   1.1064   0.8569   0.0395   0.0000  -0.0232   0.1951    0.277
    41  -4.4532   4.6522   3.3149   4.2197   0.0700   1.1754   0.9103   0.0286   0.0000  -0.0210   0.2039    0.273
    42  -5.1831   4.1429   3.0930   3.9652   0.0485   1.2438   0.9633   0.0080   0.0000  -0.0199   0.2133    0.271
    43  -6.0123   3.7903   3.4706   3.7057   0.0335   1.2087   0.9848   0.0018   0.0000  -0.0138   0.2333    0.264
    44  -6.9353   3.6075   3.3775   3.5124   0.0319   1.2037   0.9807   0.0021   0.0000  -0.0135   0.2322    0.264
    45  -7.8737   3.4215   3.2389   3.3348   0.0281   1.2051   0.9819   0.0009   0.0000  -0.0138   0.2327    0.264
    46  -8.8172   3.2345   3.0619   3.1637   0.0255   1.2096   0.9855  -0.0008   0.0000  -0.0146   0.2341    0.265
    47  -9.7556   3.0486   2.8543   2.9937   0.0248   1.2147   0.9897  -0.0027   0.0000  -0.0155   0.2359    0.266
    48 -10.6786   2.8657   2.6239   2.8251   0.0256   1.2197   0.9938  -0.0043   0.0000  -0.0167   0.2378    0.267
    49 -11.5760   2.6879   2.3787   2.6576   0.0272   1.2236   0.9969  -0.0061   0.0000  -0.0177   0.2393    0.268
    50 -12.4328   2.5181   2.1010   2.4925   0.0304   1.2251   0.9982  -0.0073   0.0000  -0.0177   0.2396    0.268
    51 -13.2400   2.3582   1.8520   2.3283   0.0353   1.2221   0.9957  -0.0078   0.0000  -0.0164   0.2379    0.267
    52 -13.9941   2.2087   1.6074   2.1597   0.0418   1.2104   0.9862  -0.0085   0.0000  -0.0141   0.2336    0.264
    53 -14.6868   2.0715   1.3716   1.9809   0.0502   1.1838   0.9645  -0.0089   0.0000  -0.0103   0.2254    0.261
    54 -15.3105   1.9479   1.1479   1.7851   0.0602   1.1346   0.9244  -0.0091   0.0000  -0.0051   0.2118    0.255
    55 -15.8583   1.8393   0.9381   1.5636   0.0707   1.0524   0.8574  -0.0077   0.0000  -0.0004   0.1926    0.250
    56 -16.3244   1.7470   0.7427   1.3110   0.0815   0.9280   0.7560   0.0001   0.0000  -0.0032   0.1726    0.254
    57 -16.6722   1.4928   0.4131   1.0388   0.0920   2.3594   0.7062  -0.0406   0.0000  -0.0061   0.0897    0.259
    58 -16.9098   1.1466   0.2292   0.7634   0.1043   2.2746   0.6809  -0.0804   0.0000   0.0237   0.0723    0.215
    59 -17.0696   0.9138   0.1104   0.4680   0.1128   1.7705   0.5300  -0.1114   0.0000   0.0493   0.0415    0.157
    60 -17.1499   0.7967   0.0322   0.1578   0.1171   0.7012   0.2099  -0.0829   0.0000   0.0302   0.0109    0.106

  Surface # 3     horizontal_stabilizer                   
     # Chordwise = 10   # Spanwise = 30     First strip = 61
     Surface area =   20.744604       Ave. chord =    2.848572
     CLsurf  =   0.04332     Clsurf  =  -0.00454
     CYsurf  =  -0.00703     Cmsurf  =  -0.21214
     CDsurf  =   0.00354     Cnsurf  =   0.00391
     CDisurf =   0.00354     CDvsurf =   0.00000

  Forces referred to Ssurf, Cave about hinge axis thru LE
     CLsurf  =   0.26417     CDsurf  =   0.02132
     Deflect =

 Strip Forces referred to Strip Area, Chord
    j      Yle    Chord     Area     c cl      ai      cl_norm  cl       cd       cdv    cm_c/4    cm_LE  C.P.x/c
    61   0.0047   4.2713   0.0803   1.0473   0.1302   0.3027   0.2311   0.1299   0.0000  -0.0152  -0.0659    0.316
    62   0.0418   4.2566   0.2392   0.8924   0.1306   0.2719   0.2075   0.0303   0.0000  -0.0144  -0.0578    0.319
    63   0.1156   4.2274   0.3930   0.8806   0.1307   0.2712   0.2070   0.0235   0.0000  -0.0138  -0.0570    0.317
    64   0.2254   4.1839   0.5386   0.8773   0.1302   0.2732   0.2085   0.0221   0.0000  -0.0128  -0.0564    0.311
    65   0.3698   4.1268   0.6730   0.8765   0.1290   0.2769   0.2113   0.0217   0.0000  -0.0114  -0.0559    0.304
    66   0.5474   4.0565   0.7936   0.8751   0.1269   0.2813   0.2147   0.0216   0.0000  -0.0099  -0.0553    0.296
    67   0.7617   3.9717   0.9441   0.8735   0.1236   0.2869   0.2189   0.0213   0.0000  -0.0084  -0.0550    0.288
    68   1.0116   3.8728   1.0344   0.8702   0.1190   0.2932   0.2238   0.0212   0.0000  -0.0070  -0.0549    0.281
    69   1.2891   3.7630   1.1046   0.8665   0.1134   0.3006   0.2294   0.0212   0.0000  -0.0057  -0.0551    0.275
    70   1.5912   3.6435   1.1542   0.8621   0.1070   0.3089   0.2358   0.0213   0.0000  -0.0047  -0.0555    0.270
    71   1.9146   3.5155   1.1831   0.8567   0.1006   0.3182   0.2429   0.0214   0.0000  -0.0037  -0.0563    0.265
    72   2.2558   3.3805   1.1921   0.8503   0.0950   0.3286   0.2507   0.0215   0.0000  -0.0029  -0.0573    0.262
    73   2.6109   3.2400   1.1821   0.8437   0.0905   0.3403   0.2597   0.0218   0.0000  -0.0022  -0.0587    0.258
    74   2.9762   3.0955   1.1548   0.8361   0.0872   0.3530   0.2694   0.0220   0.0000  -0.0014  -0.0602    0.255
    75   3.3476   2.9485   1.1122   0.8269   0.0849   0.3666   0.2798   0.0222   0.0000  -0.0007  -0.0618    0.253
    76   3.7210   2.8008   1.0564   0.8158   0.0834   0.3809   0.2907   0.0224   0.0000   0.0001  -0.0635    0.250
    77   4.0924   2.6538   0.9900   0.8023   0.0825   0.3955   0.3018   0.0224   0.0000   0.0011  -0.0651    0.247
    78   4.4577   2.5093   0.9155   0.7854   0.0823   0.4096   0.3126   0.0224   0.0000   0.0022  -0.0665    0.243
    79   4.8128   2.3687   0.8353   0.7643   0.0827   0.4224   0.3223   0.0222   0.0000   0.0035  -0.0675    0.239
    80   5.1540   2.2338   0.7518   0.7381   0.0837   0.4327   0.3302   0.0217   0.0000   0.0052  -0.0678    0.234
    81   5.4774   2.1058   0.6671   0.7062   0.0852   0.4393   0.3352   0.0211   0.0000   0.0073  -0.0671    0.228
    82   5.7795   1.9862   0.5830   0.6675   0.0872   0.4404   0.3361   0.0198   0.0000   0.0099  -0.0651    0.221
    83   6.0570   1.8764   0.5012   0.6220   0.0896   0.4345   0.3316   0.0185   0.0000   0.0129  -0.0616    0.211
    84   6.3069   1.7776   0.4225   0.5689   0.0920   0.4198   0.3204   0.0167   0.0000   0.0162  -0.0563    0.199
    85   6.5264   1.6907   0.3478   0.5084   0.0944   0.3946   0.3012   0.0144   0.0000   0.0195  -0.0494    0.185
    86   6.7314   1.6096   0.3326   0.4372   0.0967   0.3567   0.2722   0.0117   0.0000   0.0222  -0.0408    0.169
    87   6.9144   1.5372   0.2507   0.3514   0.0988   0.3005   0.2293   0.0083   0.0000   0.0233  -0.0305    0.149
    88   7.0535   1.4822   0.1746   0.2573   0.1005   0.2284   0.1743   0.0046   0.0000   0.0212  -0.0202    0.128
    89   7.1471   1.4451   0.1029   0.1568   0.1016   0.1430   0.1091   0.0013   0.0000   0.0151  -0.0111    0.112
    90   7.1941   1.4265   0.0340   0.0527   0.1022   0.0491   0.0375  -0.0019   0.0000   0.0055  -0.0035    0.103

  Surface # 4     horizontal_stabilizer (YDUP)            
     # Chordwise = 10   # Spanwise = 30     First strip = 91
     Surface area =   20.744604       Ave. chord =    2.848572
     CLsurf  =   0.04332     Clsurf  =   0.00454
     CYsurf  =   0.00703     Cmsurf  =  -0.21214
     CDsurf  =   0.00354     Cnsurf  =  -0.00391
     CDisurf =   0.00354     CDvsurf =   0.00000

  Forces referred to Ssurf, Cave about hinge axis thru LE
     CLsurf  =   0.26417     CDsurf  =   0.02132
     Deflect =

 Strip Forces referred to Strip Area, Chord
    j      Yle    Chord     Area     c cl      ai      cl_norm  cl       cd       cdv    cm_c/4    cm_LE  C.P.x/c
    91  -0.0047   4.2713   0.0803   1.0473   0.1302   0.3027   0.2311   0.1299   0.0000  -0.0152   0.0659    0.316
    92  -0.0418   4.2566   0.2392   0.8924   0.1306   0.2719   0.2075   0.0303   0.0000  -0.0144   0.0578    0.319
    93  -0.1156   4.2274   0.3930   0.8806   0.1307   0.2712   0.2070   0.0235   0.0000  -0.0138   0.0570    0.317
    94  -0.2254   4.1839   0.5386   0.8773   0.1302   0.2732   0.2085   0.0221   0.0000  -0.0128   0.0564    0.311
    95  -0.3698   4.1268   0.6730   0.8765   0.1290   0.2769   0.2113   0.0217   0.0000  -0.0114   0.0559    0.304
    96  -0.5474   4.0565   0.7936   0.8750   0.1269   0.2813   0.2147   0.0216   0.0000  -0.0099   0.0553    0.296
    97  -0.7617   3.9717   0.9441   0.8735   0.1236   0.2869   0.2189   0.0213   0.0000  -0.0084   0.0550    0.288
    98  -1.0116   3.8728   1.0344   0.8702   0.1190   0.2932   0.2238   0.0212   0.0000  -0.0070   0.0549    0.281
    99  -1.2891   3.7630   1.1046   0.8665   0.1134   0.3006   0.2294   0.0212   0.0000  -0.0057   0.0551    0.275
   100  -1.5912   3.6435   1.1542   0.8621   0.1070   0.3089   0.2358   0.0213   0.0000  -0.0047   0.0555    0.270
   101  -1.9146   3.5155   1.1831   0.8567   0.1006   0.3182   0.2429   0.0214   0.0000  -0.0037   0.0563    0.265
   102  -2.2558   3.3805   1.1921   0.8503   0.0949   0.3286   0.2507   0.0215   0.0000  -0.0029   0.0573    0.262
   103  -2.6109   3.2400   1.1821   0.8437   0.0905   0.3403   0.2597   0.0218   0.0000  -0.0022   0.0587    0.258
   104  -2.9762   3.0955   1.1548   0.8361   0.0872   0.3530   0.2694   0.0220   0.0000  -0.0014   0.0602    0.255
   105  -3.3476   2.9485   1.1122   0.8269   0.0849   0.3666   0.2798   0.0222   0.0000  -0.0007   0.0618    0.253
   106  -3.7210   2.8008   1.0564   0.8158   0.0834   0.3809   0.2907   0.0224   0.0000   0.0001   0.0635    0.250
   107  -4.0924   2.6538   0.9900   0.8023   0.0825   0.3955   0.3018   0.0224   0.0000   0.0011   0.0651    0.247
   108  -4.4577   2.5093   0.9155   0.7854   0.0823   0.4096   0.3126   0.0224   0.0000   0.0022   0.0665    0.243
   109  -4.8128   2.3687   0.8353   0.7643   0.0827   0.4224   0.3223   0.0222   0.0000   0.0035   0.0675    0.239
   110  -5.1540   2.2338   0.7518   0.7381   0.0837   0.4327   0.3302   0.0217   0.0000   0.0052   0.0678    0.234
   111  -5.4774   2.1058   0.6671   0.7061   0.0852   0.4393   0.3352   0.0211   0.0000   0.0073   0.0671    0.228
   112  -5.7795   1.9862   0.5830   0.6675   0.0872   0.4404   0.3361   0.0198   0.0000   0.0099   0.0651    0.221
   113  -6.0570   1.8764   0.5012   0.6220   0.0896   0.4345   0.3316   0.0185   0.0000   0.0129   0.0616    0.211
   114  -6.3069   1.7776   0.4225   0.5689   0.0920   0.4198   0.3204   0.0167   0.0000   0.0162   0.0563    0.199
   115  -6.5264   1.6907   0.3478   0.5084   0.0944   0.3946   0.3012   0.0144   0.0000   0.0195   0.0494    0.185
   116  -6.7314   1.6096   0.3326   0.4372   0.0967   0.3567   0.2722   0.0117   0.0000   0.0222   0.0408    0.169
   117  -6.9144   1.5372   0.2507   0.3514   0.0988   0.3005   0.2293   0.0083   0.0000   0.0233   0.0305    0.149
   118  -7.0535   1.4822   0.1746   0.2573   0.1005   0.2284   0.1743   0.0046   0.0000   0.0212   0.0202    0.128
   119  -7.1471   1.4451   0.1029   0.1568   0.1016   0.1430   0.1091   0.0013   0.0000   0.0151   0.0111    0.112
   120  -7.1941   1.4265   0.0340   0.0527   0.1022   0.0491   0.0375  -0.0019   0.0000   0.0055   0.0035    0.103

  Surface # 5     vertical_stabilizer                     
     # Chordwise = 10   # Spanwise = 30     First strip =121
     Surface area =   34.910358       Ave. chord =    4.190919
     CLsurf  =   0.00000     Clsurf  =   0.00000
     CYsurf  =   0.00000     Cmsurf  =  -0.00000
     CDsurf  =  -0.00000     Cnsurf  =  -0.00000
     CDisurf =  -0.00000     CDvsurf =   0.00000

  Forces referred to Ssurf, Cave about hinge axis thru LE
     CLsurf  =  -0.00000     CDsurf  =  -0.00000
     Deflect =

 Strip Forces referred to Strip Area, Chord
    j      Yle    Chord     Area     c cl      ai      cl_norm  cl       cd       cdv    cm_c/4    cm_LE  C.P.x/c
   121   0.0000  10.0347   0.6931  -0.0000   0.0000  -0.0000  -0.0000   0.0000   0.0000   0.0000   0.0000    0.445
   122   0.0000   9.8296   1.1101  -0.0000   0.0000  -0.0000  -0.0000   0.0000   0.0000   0.0000   0.0000    0.452
   123   0.0000   9.5266   1.4857  -0.0000  -0.0000  -0.0000  -0.0000   0.0000   0.0000   0.0000   0.0000    0.462
   124   0.0000   9.1281   1.8040  -0.0000   0.0000  -0.0000  -0.0000   0.0000   0.0000   0.0000   0.0000    0.469
   125   0.0000   8.6377   2.0517  -0.0000   0.0000  -0.0000  -0.0000   0.0000   0.0000   0.0000   0.0000    0.472
   126   0.0000   8.0598   2.2181  -0.0000   0.0000  -0.0000  -0.0000   0.0000   0.0000   0.0000   0.0000    0.464
   127   0.0000   7.4000   2.2957  -0.0000   0.0000  -0.0000  -0.0000   0.0000   0.0000   0.0000   0.0000    0.454
   128   0.0000   6.6646   2.2808  -0.0000   0.0000  -0.0000  -0.0000   0.0000   0.0000   0.0000   0.0000    0.437
   129   0.0000   5.8609   2.1733  -0.0000   0.0000  -0.0000  -0.0000   0.0000   0.0000   0.0000   0.0000    0.405
   130   0.0000   4.9969   1.9773  -0.0000   0.0000  -0.0000  -0.0000  -0.0000   0.0000   0.0000   0.0000    0.356
   131   0.0000   4.4389   1.6667  -0.0000   0.0000  -0.0000  -0.0000   0.0000   0.0000   0.0000   0.0000    0.313
   132   0.0000   4.2198   1.6478  -0.0000   0.0000  -0.0000  -0.0000  -0.0000   0.0000   0.0000   0.0000    0.297
   133   0.0000   3.9932   1.6033  -0.0000   0.0000  -0.0000  -0.0000  -0.0000   0.0000   0.0000   0.0000    0.282
   134   0.0000   3.7615   1.5362  -0.0000   0.0000  -0.0000  -0.0000  -0.0000   0.0000   0.0000   0.0000    0.271
   135   0.0000   3.5271   1.4499  -0.0000   0.0000  -0.0000  -0.0000  -0.0000   0.0000   0.0000   0.0000    0.265
   136   0.0000   3.2923   1.3482  -0.0000   0.0000  -0.0000  -0.0000  -0.0000   0.0000   0.0000   0.0000    0.262
   137   0.0000   3.0597   1.2352  -0.0000   0.0000  -0.0000  -0.0000  -0.0000   0.0000   0.0000   0.0000    0.254
   138   0.0000   2.8315   1.1147  -0.0000   0.0000  -0.0000  -0.0000  -0.0000   0.0000   0.0000   0.0000    0.250
   139   0.0000   2.6103   0.9908  -0.0000   0.0000  -0.0000  -0.0000  -0.0000   0.0000  -0.0000   0.0000    0.245
   140   0.0000   2.3983   0.8670  -0.0000   0.0000  -0.0000  -0.0000  -0.0000   0.0000  -0.0000   0.0000    0.237
   141   0.0000   2.1977   0.7464  -0.0000   0.0000  -0.0000  -0.0000  -0.0000   0.0000  -0.0000   0.0000    0.230
   142   0.0000   2.0106   0.6318  -0.0000   0.0000  -0.0000  -0.0000  -0.0000   0.0000  -0.0000   0.0000    0.224
   143   0.0000   1.8390   0.5251  -0.0000   0.0000  -0.0000  -0.0000  -0.0000   0.0000  -0.0000   0.0000    0.214
   144   0.0000   1.6847   0.4276  -0.0000   0.0000  -0.0000  -0.0000  -0.0000   0.0000  -0.0000   0.0000    0.203
   145   0.0000   1.5493   0.3400  -0.0000   0.0000  -0.0000  -0.0000  -0.0000   0.0000  -0.0000   0.0000    0.188
   146   0.0000   1.4342   0.2622  -0.0000   0.0000  -0.0000  -0.0000  -0.0000   0.0000  -0.0000   0.0000    0.170
   147   0.0000   1.3407   0.1933  -0.0000   0.0000  -0.0000  -0.0000  -0.0000   0.0000  -0.0000   0.0000    0.152
   148   0.0000   1.2696   0.1322  -0.0000   0.0000  -0.0000  -0.0000  -0.0000   0.0000  -0.0000   0.0000    0.129
   149   0.0000   1.2218   0.0769  -0.0000   0.0000  -0.0000  -0.0000  -0.0000   0.0000  -0.0000   0.0000    0.116
   150   0.0000   1.1978   0.0252  -0.0000   0.0000  -0.0000  -0.0000  -0.0000   0.0000  -0.0000   0.0000    0.100

  Surface # 6     fuselage_horizontal                     
     # Chordwise = 10   # Spanwise = 10     First strip =151
     Surface area =  123.841202       Ave. chord =   33.112617
     CLsurf  =   0.01039     Clsurf  =   0.00000
     CYsurf  =   0.00000     Cmsurf  =   0.06407
     CDsurf  =  -0.00018     Cnsurf  =  -0.00000
     CDisurf =  -0.00018     CDvsurf =   0.00000

  Forces referred to Ssurf, Cave about hinge axis thru LE
     CLsurf  =   0.01047     CDsurf  =  -0.00018
     Deflect =

 Strip Forces referred to Strip Area, Chord
    j      Yle    Chord     Area     c cl      ai      cl_norm  cl       cd       cdv    cm_c/4    cm_LE  C.P.x/c
   151  -1.6830  26.5957   9.9468   0.2360   0.1863   0.1007   0.0094  -0.0034   0.0000   0.0044   0.0003   -0.225
   152  -1.3090  31.2096  11.6724   0.3367   0.2014   0.0411   0.0110  -0.0010   0.0000   0.0056   0.0007   -0.258
   153  -0.9350  34.0626  12.7394   0.3660   0.1845   0.0259   0.0108  -0.0001   0.0000   0.0068   0.0014   -0.380
   154  -0.5610  36.1619  13.5246   0.3839   0.1800   0.0177   0.0106   0.0007   0.0000   0.0074   0.0021   -0.446
   155  -0.1870  37.5332  14.0374   0.3950   0.1808   0.0120   0.0104   0.0019   0.0000   0.0075   0.0034   -0.475
   156   0.1870  37.5332  14.0374   0.3950   0.1808   0.0120   0.0104   0.0019   0.0000   0.0075   0.0034   -0.475
   157   0.5610  36.1619  13.5246   0.3839   0.1800   0.0177   0.0106   0.0007   0.0000   0.0074   0.0021   -0.446
   158   0.9350  34.0626  12.7394   0.3660   0.1845   0.0259   0.0108  -0.0001   0.0000   0.0068   0.0014   -0.380
   159   1.3090  31.2096  11.6724   0.3367   0.2014   0.0411   0.0110  -0.0010   0.0000   0.0056   0.0007   -0.258
   160   1.6830  26.5957   9.9468   0.2360   0.1863   0.1007   0.0094  -0.0034   0.0000   0.0044   0.0003   -0.225

  Surface # 7     fuselage_vertical                       
     # Chordwise = 10   # Spanwise = 10     First strip =161
     Surface area =  123.841202       Ave. chord =   33.112617
     CLsurf  =  -0.00000     Clsurf  =  -0.00000
     CYsurf  =   0.00000     Cmsurf  =   0.00000
     CDsurf  =   0.00000     Cnsurf  =   0.00000
     CDisurf =   0.00000     CDvsurf =   0.00000

  Forces referred to Ssurf, Cave about hinge axis thru LE
     CLsurf  =  -0.00000     CDsurf  =   0.00000
     Deflect =

 Strip Forces referred to Strip Area, Chord
    j      Yle    Chord     Area     c cl      ai      cl_norm  cl       cd       cdv    cm_c/4    cm_LE  C.P.x/c
   161   0.0000  26.5957   9.9468  -0.0000  -0.0000  -0.0000  -0.0000  -0.0000   0.0000   0.0000   0.0000
   162   0.0000  31.2096  11.6724  -0.0000  -0.0000  -0.0000  -0.0000  -0.0000   0.0000  -0.0000  -0.0000
   163   0.0000  34.0626  12.7394  -0.0000   0.0000  -0.0000  -0.0000  -0.0000   0.0000  -0.0000  -0.0000
   164   0.0000  36.1619  13.5246  -0.0000   0.0000  -0.0000  -0.0000   0.0000   0.0000  -0.0000  -0.0000   -0.952
   165   0.0000  37.5332  14.0374  -0.0000   0.0000  -0.0000  -0.0000   0.0000   0.0000  -0.0000  -0.0000   -0.420
   166   0.0000  37.5332  14.0374  -0.0000   0.0000  -0.0000  -0.0000   0.0000   0.0000  -0.0000   0.0000    0.195
   167   0.0000  36.1619  13.5246  -0.0000  -0.0000  -0.0000  -0.0000   0.0000   0.0000   0.0000   0.0000    0.398
   168   0.0000  34.0626  12.7394  -0.0000  -0.0000  -0.0000  -0.0000  -0.0000   0.0000   0.0000   0.0000    0.529
   169   0.0000  31.2096  11.6724  -0.0000  -0.0000  -0.0000  -0.0000   0.0000   0.0000   0.0000   0.0000    0.632
   170   0.0000  26.5957   9.9468  -0.0000   0.0000  -0.0000  -0.0000  -0.0000   0.0000   0.0000   0.0000    0.717
 ---------------------------------------------------------------
