 ---------------------------------------------------------------
 Surface and Strip Forces by surface

  Forces referred to Sref, Cref, Bref about Xref, Yref, Zref
 Standard axis orientation,  X fwd, Z down         

  Surface # 1     main_wing                               
     # Chordwise = 10   # Spanwise = 30     First strip =  1
     Surface area =   63.793327       Ave. chord =    3.717556
     CLsurf  =   0.48104     Clsurf  =  -0.09488
     CYsurf  =  -0.02092     Cmsurf  =  -0.02532
     CDsurf  =   0.01670     Cnsurf  =  -0.01144
     CDisurf =   0.01670     CDvsurf =   0.00000

  Forces referred to Ssurf, Cave about hinge axis thru LE
     CLsurf  =   0.94159     CDsurf  =   0.03269
     Deflect =

 Strip Forces referred to Strip Area, Chord
    j      Yle    Chord     Area     c cl      ai      cl_norm  cl       cd       cdv    cm_c/4    cm_LE  C.P.x/c
     1   0.0123   7.7514   0.3815   5.2939   0.2261   0.6655   0.6654   0.1592   0.0000  -0.0020  -0.1699    0.253
     2   0.1106   7.6828   1.1303   5.2820   0.2211   0.6861   0.6860   0.0684   0.0000  -0.0019  -0.1709    0.253
     3   0.3062   7.5463   1.8369   5.2711   0.2143   0.6985   0.6985   0.0612   0.0000  -0.0016  -0.1734    0.252
     4   0.5968   7.3435   2.4751   5.2455   0.2060   0.7155   0.7155   0.0558   0.0000  -0.0015  -0.1772    0.252
     5   0.9793   7.0766   3.0215   5.2172   0.1943   0.7388   0.7388   0.0559   0.0000  -0.0013  -0.1826    0.252
     6   1.4496   6.7484   3.4567   5.1368   0.1757   0.7650   0.7649   0.0452   0.0000  -0.0019  -0.1891    0.253
     7   1.9610   6.3915   3.2367   5.0491   0.1505   0.7944   0.7943   0.0446   0.0000  -0.0028  -0.1970    0.254
     8   2.4995   6.0157   3.4229   4.9236   0.1279   0.8243   0.8242   0.0389   0.0000  -0.0041  -0.2053    0.255
     9   3.0975   5.5984   3.5010   4.8223   0.1120   0.8671   0.8670   0.0434   0.0000  -0.0044  -0.2162    0.255
    10   3.7485   5.1441   3.4716   4.6164   0.0985   0.9066   0.9066   0.0266   0.0000  -0.0072  -0.2278    0.258
    11   4.4453   4.6578   3.3395   4.4699   0.0825   0.9684   0.9683   0.0349   0.0000  -0.0084  -0.2443    0.259
    12   5.1804   4.1448   3.1137   4.2438   0.0601   1.0365   1.0364   0.0189   0.0000  -0.0126  -0.2642    0.262
    13   6.0123   3.7903   3.4546   4.0530   0.0462   1.0826   1.0826   0.0184   0.0000  -0.0161  -0.2830    0.265
    14   6.9353   3.6074   3.3620   3.8670   0.0372   1.0848   1.0848   0.0211   0.0000  -0.0176  -0.2852    0.266
    15   7.8737   3.4215   3.2240   3.6790   0.0288   1.0882   1.0881   0.0213   0.0000  -0.0182  -0.2866    0.267
    16   8.8173   3.2345   3.0478   3.4879   0.0255   1.0913   1.0913   0.0210   0.0000  -0.0184  -0.2875    0.267
    17   9.7557   3.0486   2.8411   3.2939   0.0255   1.0936   1.0935   0.0205   0.0000  -0.0183  -0.2880    0.267
    18  10.6786   2.8657   2.6118   3.0971   0.0267   1.0939   1.0939   0.0202   0.0000  -0.0181  -0.2878    0.267
    19  11.5760   2.6879   2.3677   2.8978   0.0286   1.0913   1.0912   0.0201   0.0000  -0.0178  -0.2868    0.266
    20  12.4467   2.5153   2.1582   2.6952   0.0310   1.0845   1.0844   0.0204   0.0000  -0.0173  -0.2847    0.266
    21  13.2645   2.3533   1.8259   2.4911   0.0343   1.0712   1.0712   0.0211   0.0000  -0.0165  -0.2807    0.265
    22  14.0130   2.2050   1.5853   2.2861   0.0389   1.0489   1.0488   0.0224   0.0000  -0.0152  -0.2740    0.265
    23  14.7005   2.0687   1.3533   2.0749   0.0453   1.0142   1.0142   0.0244   0.0000  -0.0134  -0.2637    0.263
    24  15.3195   1.9461   1.1330   1.8524   0.0542   0.9619   0.9618   0.0270   0.0000  -0.0106  -0.2482    0.261
    25  15.8633   1.8383   0.9263   1.6114   0.0660   0.8849   0.8848   0.0299   0.0000  -0.0067  -0.2255    0.258
    26  16.3259   1.7467   0.7336   1.3419   0.0816   0.7742   0.7742   0.0336   0.0000  -0.0015  -0.1933    0.252
    27  16.6722   1.4928   0.4112   1.0345   0.0721   0.6993   0.6991   0.0264   0.0000   0.0058  -0.1565    0.242
    28  16.9098   1.1466   0.2281   0.7333   0.0572   0.6472   0.6469   0.0141   0.0000   0.0125  -0.1377    0.231
    29  17.0696   0.9137   0.1099   0.4389   0.0536   0.4868   0.4866   0.0061   0.0000   0.0160  -0.0973    0.217
    30  17.1499   0.7966   0.0321   0.1467   0.0590   0.1869   0.1869   0.0009   0.0000   0.0087  -0.0349    0.204

  Surface # 2     main_wing (YDUP)                        
     # Chordwise = 10   # Spanwise = 30     First strip = 31
     Surface area =   63.793327       Ave. chord =    3.717556
     CLsurf  =   0.48104     Clsurf  =   0.09488
     CYsurf  =   0.02092     Cmsurf  =  -0.02532
     CDsurf  =   0.01670     Cnsurf  =   0.01144
     CDisurf =   0.01670     CDvsurf =   0.00000

  Forces referred to Ssurf, Cave about hinge axis thru LE
     CLsurf  =   0.94158     CDsurf  =   0.03269
     Deflect =

 Strip Forces referred to Strip Area, Chord
    j      Yle    Chord     Area     c cl      ai      cl_norm  cl       cd       cdv    cm_c/4    cm_LE  C.P.x/c
    31  -0.0123   7.7514   0.3815   5.2939   0.2264   0.6655   0.6654   0.1592   0.0000  -0.0020   0.1699    0.253
    32  -0.1106   7.6828   1.1303   5.2820   0.2211   0.6861   0.6860   0.0685   0.0000  -0.0019   0.1709    0.253
    33  -0.3062   7.5463   1.8369   5.2711   0.2143   0.6985   0.6985   0.0612   0.0000  -0.0016   0.1734    0.252
    34  -0.5968   7.3435   2.4751   5.2455   0.2060   0.7155   0.7155   0.0558   0.0000  -0.0015   0.1772    0.252
    35  -0.9793   7.0766   3.0215   5.2172   0.1943   0.7388   0.7388   0.0559   0.0000  -0.0013   0.1826    0.252
    36  -1.4496   6.7484   3.4567   5.1367   0.1757   0.7650   0.7649   0.0452   0.0000  -0.0019   0.1891    0.253
    37  -1.9610   6.3915   3.2367   5.0491   0.1505   0.7944   0.7943   0.0446   0.0000  -0.0028   0.1970    0.254
    38  -2.4995   6.0157   3.4229   4.9236   0.1279   0.8243   0.8242   0.0389   0.0000  -0.0041   0.2053    0.255
    39  -3.0975   5.5984   3.5010   4.8223   0.1120   0.8671   0.8670   0.0434   0.0000  -0.0044   0.2162    0.255
    40  -3.7485   5.1441   3.4716   4.6163   0.0985   0.9066   0.9066   0.0266   0.0000  -0.0072   0.2278    0.258
    41  -4.4453   4.6578   3.3395   4.4699   0.0825   0.9684   0.9683   0.0349   0.0000  -0.0084   0.2443    0.259
    42  -5.1804   4.1448   3.1137   4.2438   0.0601   1.0365   1.0364   0.0189   0.0000  -0.0126   0.2642    0.262
    43  -6.0123   3.7903   3.4546   4.0530   0.0462   1.0826   1.0826   0.0184   0.0000  -0.0161   0.2830    0.265
    44  -6.9353   3.6074   3.3620   3.8669   0.0371   1.0848   1.0848   0.0211   0.0000  -0.0176   0.2852    0.266
    45  -7.8737   3.4215   3.2240   3.6790   0.0288   1.0882   1.0881   0.0213   0.0000  -0.0182   0.2866    0.267
    46  -8.8173   3.2345   3.0478   3.4879   0.0255   1.0913   1.0913   0.0210   0.0000  -0.0184   0.2875    0.267
    47  -9.7557   3.0486   2.8411   3.2938   0.0255   1.0936   1.0935   0.0205   0.0000  -0.0183   0.2880    0.267
    48 -10.6786   2.8657   2.6118   3.0971   0.0267   1.0939   1.0938   0.0202   0.0000  -0.0181   0.2878    0.267
    49 -11.5760   2.6879   2.3677   2.8978   0.0286   1.0913   1.0912   0.0201   0.0000  -0.0178   0.2868    0.266
    50 -12.4467   2.5153   2.1582   2.6952   0.0310   1.0845   1.0844   0.0204   0.0000  -0.0173   0.2847    0.266
    51 -13.2645   2.3533   1.8259   2.4911   0.0343   1.0712   1.0712   0.0211   0.0000  -0.0165   0.2807    0.265
    52 -14.0130   2.2050   1.5853   2.2861   0.0389   1.0489   1.0488   0.0224   0.0000  -0.0152   0.2740    0.265
    53 -14.7005   2.0687   1.3533   2.0749   0.0453   1.0142   1.0141   0.0244   0.0000  -0.0134   0.2637    0.263
    54 -15.3195   1.9461   1.1330   1.8524   0.0542   0.9618   0.9618   0.0270   0.0000  -0.0106   0.2482    0.261
    55 -15.8633   1.8383   0.9263   1.6114   0.0660   0.8849   0.8848   0.0299   0.0000  -0.0067   0.2255    0.258
    56 -16.3259   1.7467   0.7336   1.3419   0.0816   0.7742   0.7742   0.0336   0.0000  -0.0015   0.1933    0.252
    57 -16.6722   1.4928   0.4112   1.0345   0.0721   0.6993   0.6990   0.0264   0.0000   0.0058   0.1565    0.242
    58 -16.9098   1.1466   0.2281   0.7333   0.0572   0.6472   0.6469   0.0141   0.0000   0.0125   0.1377    0.231
    59 -17.0696   0.9137   0.1099   0.4389   0.0536   0.4868   0.4866   0.0061   0.0000   0.0160   0.0973    0.217
    60 -17.1499   0.7966   0.0321   0.1467   0.0590   0.1869   0.1869   0.0009   0.0000   0.0087   0.0349    0.204

  Surface # 3     horizontal_stabilizer                   
     # Chordwise = 10   # Spanwise = 30     First strip = 61
     Surface area =   20.071465       Ave. chord =    2.826957
     CLsurf  =   0.06805     Clsurf  =  -0.00600
     CYsurf  =  -0.00436     Cmsurf  =  -0.30287
     CDsurf  =   0.00672     Cnsurf  =   0.00220
     CDisurf =   0.00672     CDvsurf =   0.00000

  Forces referred to Ssurf, Cave about hinge axis thru LE
     CLsurf  =   0.42341     CDsurf  =   0.04182
     Deflect =

 Strip Forces referred to Strip Area, Chord
    j      Yle    Chord     Area     c cl      ai      cl_norm  cl       cd       cdv    cm_c/4    cm_LE  C.P.x/c
    61   0.0046   4.6976   0.0861   1.6633   0.2051   0.3447   0.3446   0.0846   0.0000   0.0050  -0.0826    0.235
    62   0.0412   4.6783   0.2563   1.6546   0.2043   0.3514   0.3514   0.0441   0.0000   0.0049  -0.0827    0.236
    63   0.1140   4.6399   0.4206   1.6527   0.2028   0.3544   0.3543   0.0419   0.0000   0.0050  -0.0832    0.236
    64   0.2222   4.5828   0.5752   1.6503   0.2012   0.3585   0.3585   0.0408   0.0000   0.0052  -0.0840    0.236
    65   0.3647   4.5076   0.7167   1.6451   0.1989   0.3635   0.3635   0.0404   0.0000   0.0053  -0.0851    0.235
    66   0.5398   4.4152   0.8422   1.6370   0.1959   0.3694   0.3693   0.0405   0.0000   0.0054  -0.0864    0.235
    67   0.7511   4.3037   0.9974   1.6246   0.1916   0.3762   0.3762   0.0404   0.0000   0.0055  -0.0880    0.235
    68   0.9975   4.1737   1.0868   1.6064   0.1851   0.3837   0.3836   0.0408   0.0000   0.0055  -0.0898    0.236
    69   1.2712   4.0293   1.1531   1.5828   0.1755   0.3917   0.3917   0.0408   0.0000   0.0054  -0.0919    0.236
    70   1.5691   3.8721   1.1959   1.5532   0.1618   0.4000   0.3999   0.0419   0.0000   0.0053  -0.0940    0.237
    71   1.8880   3.7039   1.2153   1.5182   0.1449   0.4089   0.4088   0.0417   0.0000   0.0052  -0.0963    0.237
    72   2.2244   3.5264   1.2123   1.4769   0.1288   0.4180   0.4179   0.0416   0.0000   0.0050  -0.0987    0.238
    73   2.5747   3.3416   1.1886   1.4315   0.1171   0.4272   0.4272   0.0444   0.0000   0.0049  -0.1011    0.238
    74   2.9349   3.1516   1.1463   1.3809   0.1099   0.4373   0.4373   0.0435   0.0000   0.0049  -0.1036    0.239
    75   3.3011   2.9584   1.0879   1.3254   0.1053   0.4473   0.4472   0.0436   0.0000   0.0048  -0.1061    0.239
    76   3.6693   2.7641   1.0165   1.2674   0.1018   0.4577   0.4577   0.0449   0.0000   0.0049  -0.1086    0.239
    77   4.0356   2.5709   0.9351   1.2040   0.0988   0.4680   0.4679   0.0431   0.0000   0.0050  -0.1110    0.239
    78   4.3958   2.3808   0.8469   1.1376   0.0961   0.4783   0.4782   0.0397   0.0000   0.0052  -0.1132    0.239
    79   4.7460   2.1961   0.7550   1.0704   0.0937   0.4874   0.4873   0.0433   0.0000   0.0056  -0.1151    0.239
    80   5.0824   2.0186   0.6623   0.9989   0.0918   0.4950   0.4949   0.0431   0.0000   0.0060  -0.1165    0.238
    81   5.4013   1.8503   0.5714   0.9251   0.0905   0.5000   0.4999   0.0441   0.0000   0.0067  -0.1171    0.237
    82   5.6992   1.6931   0.4845   0.8488   0.0898   0.5018   0.5017   0.0418   0.0000   0.0075  -0.1166    0.235
    83   5.9729   1.5487   0.4033   0.7697   0.0899   0.4978   0.4977   0.0393   0.0000   0.0086  -0.1145    0.233
    84   6.2193   1.4187   0.3288   0.6887   0.0909   0.4859   0.4858   0.0406   0.0000   0.0099  -0.1104    0.230
    85   6.4358   1.3045   0.2616   0.6045   0.0927   0.4642   0.4641   0.0362   0.0000   0.0115  -0.1033    0.225
    86   6.6379   1.1979   0.2413   0.5132   0.0957   0.4287   0.4287   0.0363   0.0000   0.0133  -0.0928    0.219
    87   6.8184   1.1027   0.1754   0.4092   0.0997   0.3714   0.3713   0.0308   0.0000   0.0149  -0.0771    0.210
    88   6.9555   1.0303   0.1183   0.2989   0.1042   0.2899   0.2899   0.0268   0.0000   0.0149  -0.0570    0.199
    89   7.0478   0.9816   0.0681   0.1822   0.1085   0.1856   0.1855   0.0166   0.0000   0.0117  -0.0343    0.187
    90   7.0942   0.9572   0.0222   0.0613   0.1116   0.0640   0.0639   0.0062   0.0000   0.0046  -0.0113    0.178

  Surface # 4     horizontal_stabilizer (YDUP)            
     # Chordwise = 10   # Spanwise = 30     First strip = 91
     Surface area =   20.071465       Ave. chord =    2.826957
     CLsurf  =   0.06805     Clsurf  =   0.00600
     CYsurf  =   0.00436     Cmsurf  =  -0.30287
     CDsurf  =   0.00672     Cnsurf  =  -0.00220
     CDisurf =   0.00672     CDvsurf =   0.00000

  Forces referred to Ssurf, Cave about hinge axis thru LE
     CLsurf  =   0.42341     CDsurf  =   0.04182
     Deflect =

 Strip Forces referred to Strip Area, Chord
    j      Yle    Chord     Area     c cl      ai      cl_norm  cl       cd       cdv    cm_c/4    cm_LE  C.P.x/c
    91  -0.0046   4.6976   0.0861   1.6633   0.2052   0.3447   0.3446   0.0846   0.0000   0.0050   0.0826    0.235
    92  -0.0412   4.6783   0.2563   1.6546   0.2043   0.3514   0.3514   0.0441   0.0000   0.0049   0.0827    0.236
    93  -0.1140   4.6399   0.4206   1.6527   0.2028   0.3544   0.3543   0.0419   0.0000   0.0050   0.0832    0.236
    94  -0.2222   4.5828   0.5752   1.6503   0.2012   0.3585   0.3585   0.0408   0.0000   0.0052   0.0840    0.236
    95  -0.3647   4.5076   0.7167   1.6451   0.1989   0.3635   0.3635   0.0404   0.0000   0.0053   0.0851    0.235
    96  -0.5398   4.4152   0.8422   1.6370   0.1959   0.3694   0.3693   0.0405   0.0000   0.0054   0.0864    0.235
    97  -0.7511   4.3037   0.9974   1.6246   0.1916   0.3762   0.3762   0.0404   0.0000   0.0055   0.0880    0.235
    98  -0.9975   4.1737   1.0868   1.6064   0.1851   0.3837   0.3836   0.0408   0.0000   0.0055   0.0898    0.236
    99  -1.2712   4.0293   1.1531   1.5828   0.1755   0.3917   0.3917   0.0408   0.0000   0.0054   0.0919    0.236
   100  -1.5691   3.8721   1.1959   1.5532   0.1618   0.4000   0.3999   0.0419   0.0000   0.0053   0.0940    0.237
   101  -1.8880   3.7039   1.2153   1.5181   0.1449   0.4089   0.4088   0.0417   0.0000   0.0052   0.0963    0.237
   102  -2.2244   3.5264   1.2123   1.4769   0.1288   0.4180   0.4179   0.0416   0.0000   0.0050   0.0987    0.238
   103  -2.5747   3.3416   1.1886   1.4315   0.1171   0.4272   0.4272   0.0444   0.0000   0.0049   0.1011    0.238
   104  -2.9349   3.1516   1.1463   1.3809   0.1099   0.4373   0.4372   0.0435   0.0000   0.0049   0.1036    0.239
   105  -3.3011   2.9584   1.0879   1.3254   0.1053   0.4473   0.4472   0.0436   0.0000   0.0048   0.1061    0.239
   106  -3.6693   2.7641   1.0165   1.2673   0.1018   0.4577   0.4577   0.0449   0.0000   0.0049   0.1086    0.239
   107  -4.0356   2.5709   0.9351   1.2040   0.0988   0.4680   0.4679   0.0431   0.0000   0.0050   0.1110    0.239
   108  -4.3958   2.3808   0.8469   1.1376   0.0961   0.4783   0.4782   0.0397   0.0000   0.0052   0.1132    0.239
   109  -4.7460   2.1961   0.7550   1.0703   0.0937   0.4874   0.4873   0.0433   0.0000   0.0056   0.1151    0.239
   110  -5.0824   2.0186   0.6623   0.9989   0.0918   0.4950   0.4949   0.0431   0.0000   0.0060   0.1165    0.238
   111  -5.4013   1.8503   0.5714   0.9251   0.0905   0.5000   0.4999   0.0441   0.0000   0.0067   0.1171    0.237
   112  -5.6992   1.6931   0.4845   0.8488   0.0898   0.5018   0.5017   0.0418   0.0000   0.0075   0.1166    0.235
   113  -5.9729   1.5487   0.4033   0.7697   0.0899   0.4978   0.4977   0.0393   0.0000   0.0086   0.1145    0.233
   114  -6.2193   1.4187   0.3288   0.6887   0.0909   0.4859   0.4858   0.0406   0.0000   0.0099   0.1104    0.230
   115  -6.4358   1.3045   0.2616   0.6045   0.0927   0.4642   0.4641   0.0362   0.0000   0.0115   0.1033    0.225
   116  -6.6379   1.1979   0.2413   0.5132   0.0957   0.4287   0.4286   0.0363   0.0000   0.0133   0.0928    0.219
   117  -6.8184   1.1027   0.1754   0.4091   0.0997   0.3714   0.3713   0.0308   0.0000   0.0149   0.0771    0.210
   118  -6.9555   1.0303   0.1183   0.2989   0.1042   0.2899   0.2899   0.0268   0.0000   0.0149   0.0570    0.199
   119  -7.0478   0.9816   0.0681   0.1822   0.1085   0.1856   0.1855   0.0166   0.0000   0.0117   0.0343    0.187
   120  -7.0942   0.9572   0.0222   0.0613   0.1116   0.0640   0.0639   0.0062   0.0000   0.0046   0.0113    0.178

  Surface # 5     vertical_stabilizer                     
     # Chordwise = 10   # Spanwise = 30     First strip =121
     Surface area =   27.880133       Ave. chord =    3.584947
     CLsurf  =   0.00000     Clsurf  =   0.00000
     CYsurf  =   0.00000     Cmsurf  =  -0.00000
     CDsurf  =  -0.00000     Cnsurf  =  -0.00000
     CDisurf =  -0.00000     CDvsurf =   0.00000

  Forces referred to Ssurf, Cave about hinge axis thru LE
     CLsurf  =  -0.00000     CDsurf  =  -0.00000
     Deflect =

 Strip Forces referred to Strip Area, Chord
    j      Yle    Chord     Area     c cl      ai      cl_norm  cl       cd       cdv    cm_c/4    cm_LE  C.P.x/c
   121   0.0000   8.1257   0.4979  -0.0000   0.0000  -0.0000  -0.0000   0.0000   0.0000   0.0000   0.0000    0.463
   122   0.0000   7.9240   0.7939  -0.0000   0.0000  -0.0000  -0.0000  -0.0000   0.0000   0.0000   0.0000    0.467
   123   0.0000   7.6259   1.0550  -0.0000  -0.0000  -0.0000  -0.0000  -0.0000   0.0000   0.0000   0.0000    0.474
   124   0.0000   7.2338   1.2682  -0.0000   0.0000  -0.0000  -0.0000  -0.0000   0.0000   0.0000   0.0000    0.476
   125   0.0000   6.7513   1.4226  -0.0000   0.0000  -0.0000  -0.0000  -0.0000   0.0000   0.0000   0.0000    0.475
   126   0.0000   6.1827   1.5094  -0.0000   0.0000  -0.0000  -0.0000  -0.0000   0.0000   0.0000   0.0000    0.470
   127   0.0000   5.5336   1.5228  -0.0000   0.0000  -0.0000  -0.0000  -0.0000   0.0000   0.0000   0.0000    0.468
   128   0.0000   4.8100   1.4602  -0.0000   0.0000  -0.0000  -0.0000  -0.0000   0.0000   0.0000   0.0000    0.459
   129   0.0000   4.3478   1.3898  -0.0000   0.0000  -0.0000  -0.0000  -0.0000   0.0000   0.0000   0.0000    0.329
   130   0.0000   4.1900   1.4293  -0.0000   0.0000  -0.0000  -0.0000  -0.0000   0.0000   0.0000   0.0000    0.321
   131   0.0000   4.0228   1.4447  -0.0000   0.0000  -0.0000  -0.0000  -0.0000   0.0000   0.0000   0.0000    0.314
   132   0.0000   3.8479   1.4371  -0.0000   0.0000  -0.0000  -0.0000  -0.0000   0.0000   0.0000   0.0000    0.312
   133   0.0000   3.6670   1.4082  -0.0000   0.0000  -0.0000  -0.0000  -0.0000   0.0000   0.0000   0.0000    0.305
   134   0.0000   3.4821   1.3602  -0.0000   0.0000  -0.0000  -0.0000  -0.0000   0.0000   0.0000   0.0000    0.304
   135   0.0000   3.2949   1.2955  -0.0000   0.0000  -0.0000  -0.0000  -0.0000   0.0000   0.0000   0.0000    0.300
   136   0.0000   3.1075   1.2172  -0.0000   0.0000  -0.0000  -0.0000  -0.0000   0.0000   0.0000   0.0000    0.302
   137   0.0000   2.9218   1.1282  -0.0000   0.0000  -0.0000  -0.0000  -0.0000   0.0000   0.0000   0.0000    0.298
   138   0.0000   2.7397   1.0316  -0.0000   0.0000  -0.0000  -0.0000  -0.0000   0.0000   0.0000   0.0000    0.296
   139   0.0000   2.5631   0.9305  -0.0000   0.0000  -0.0000  -0.0000  -0.0000   0.0000   0.0000   0.0000    0.294
   140   0.0000   2.3939   0.8277  -0.0000   0.0000  -0.0000  -0.0000  -0.0000   0.0000   0.0000   0.0000    0.293
   141   0.0000   2.2338   0.7257  -0.0000   0.0000  -0.0000  -0.0000  -0.0000   0.0000   0.0000   0.0000    0.293
   142   0.0000   2.0845   0.6265  -0.0000   0.0000  -0.0000  -0.0000  -0.0000   0.0000   0.0000   0.0000    0.287
   143   0.0000   1.9475   0.5319  -0.0000   0.0000  -0.0000  -0.0000  -0.0000   0.0000   0.0000   0.0000    0.285
   144   0.0000   1.8243   0.4429  -0.0000   0.0000  -0.0000  -0.0000  -0.0000   0.0000   0.0000   0.0000    0.282
   145   0.0000   1.7162   0.3603  -0.0000   0.0000  -0.0000  -0.0000  -0.0000   0.0000   0.0000   0.0000    0.276
   146   0.0000   1.6244   0.2840  -0.0000   0.0000  -0.0000  -0.0000  -0.0000   0.0000   0.0000   0.0000    0.273
   147   0.0000   1.5497   0.2138  -0.0000   0.0000  -0.0000  -0.0000  -0.0000   0.0000   0.0000   0.0000    0.265
   148   0.0000   1.4930   0.1487  -0.0000   0.0000  -0.0000  -0.0000  -0.0000   0.0000   0.0000   0.0000    0.258
   149   0.0000   1.4548   0.0875  -0.0000   0.0000  -0.0000  -0.0000  -0.0000   0.0000  -0.0000   0.0000    0.249
   150   0.0000   1.4357   0.0289  -0.0000   0.0000  -0.0000  -0.0000  -0.0000   0.0000  -0.0000   0.0000    0.244

  Surface # 6     fuselage_horizontal                     
     # Chordwise = 10   # Spanwise = 10     First strip =151
     Surface area =  123.841209       Ave. chord =   33.112621
     CLsurf  =   0.01691     Clsurf  =   0.00000
     CYsurf  =   0.00000     Cmsurf  =   0.11378
     CDsurf  =  -0.00106     Cnsurf  =  -0.00000
     CDisurf =  -0.00106     CDvsurf =   0.00000

  Forces referred to Ssurf, Cave about hinge axis thru LE
     CLsurf  =   0.01705     CDsurf  =  -0.00107
     Deflect =

 Strip Forces referred to Strip Area, Chord
    j      Yle    Chord     Area     c cl      ai      cl_norm  cl       cd       cdv    cm_c/4    cm_LE  C.P.x/c
   151  -1.6830  26.5957   9.9468   0.4550   0.3032   0.1721   0.0184  -0.0060   0.0000   0.0069   0.0004   -0.125
   152  -1.3090  31.2096  11.6724   0.5546   0.2776   0.0664   0.0185  -0.0026   0.0000   0.0103   0.0014   -0.304
   153  -0.9350  34.0626  12.7394   0.5641   0.2313   0.0398   0.0170  -0.0010   0.0000   0.0128   0.0029   -0.502
   154  -0.5610  36.1619  13.5246   0.5813   0.2244   0.0268   0.0163   0.0002   0.0000   0.0137   0.0043   -0.590
   155  -0.1870  37.5333  14.0374   0.5937   0.2268   0.0181   0.0156   0.0024   0.0000   0.0138   0.0068   -0.634
   156   0.1870  37.5333  14.0374   0.5937   0.2268   0.0181   0.0156   0.0024   0.0000   0.0138   0.0068   -0.634
   157   0.5610  36.1619  13.5246   0.5813   0.2244   0.0268   0.0163   0.0002   0.0000   0.0137   0.0043   -0.590
   158   0.9350  34.0626  12.7394   0.5641   0.2313   0.0398   0.0170  -0.0010   0.0000   0.0128   0.0029   -0.502
   159   1.3090  31.2096  11.6724   0.5546   0.2776   0.0664   0.0185  -0.0026   0.0000   0.0103   0.0014   -0.304
   160   1.6830  26.5957   9.9468   0.4550   0.3032   0.1721   0.0184  -0.0060   0.0000   0.0069   0.0004   -0.125

  Surface # 7     fuselage_vertical                       
     # Chordwise = 10   # Spanwise = 10     First strip =161
     Surface area =  123.841209       Ave. chord =   33.112621
     CLsurf  =  -0.00000     Clsurf  =  -0.00000
     CYsurf  =   0.00000     Cmsurf  =   0.00000
     CDsurf  =  -0.00000     Cnsurf  =   0.00000
     CDisurf =  -0.00000     CDvsurf =   0.00000

  Forces referred to Ssurf, Cave about hinge axis thru LE
     CLsurf  =  -0.00000     CDsurf  =  -0.00000
     Deflect =

 Strip Forces referred to Strip Area, Chord
    j      Yle    Chord     Area     c cl      ai      cl_norm  cl       cd       cdv    cm_c/4    cm_LE  C.P.x/c
   161   0.0000  26.5957   9.9468   0.0000  -0.0000   0.0000   0.0000  -0.0000   0.0000  -0.0000  -0.0000
   162   0.0000  31.2096  11.6724   0.0000   0.0000   0.0000   0.0000  -0.0000   0.0000  -0.0000  -0.0000
   163   0.0000  34.0626  12.7394  -0.0000   0.0000  -0.0000  -0.0000   0.0000   0.0000  -0.0000  -0.0000
   164   0.0000  36.1619  13.5246  -0.0000   0.0000  -0.0000  -0.0000   0.0000   0.0000  -0.0000  -0.0000
   165   0.0000  37.5333  14.0374  -0.0000   0.0000  -0.0000  -0.0000  -0.0000   0.0000  -0.0000  -0.0000
   166   0.0000  37.5333  14.0374  -0.0000  -0.0000  -0.0000  -0.0000  -0.0000   0.0000  -0.0000   0.0000    0.097
   167   0.0000  36.1619  13.5246  -0.0000  -0.0000  -0.0000  -0.0000   0.0000   0.0000   0.0000   0.0000    0.366
   168   0.0000  34.0626  12.7394  -0.0000  -0.0000  -0.0000  -0.0000   0.0000   0.0000   0.0000   0.0000    0.534
   169   0.0000  31.2096  11.6724  -0.0000   0.0000  -0.0000  -0.0000   0.0000   0.0000   0.0000   0.0000    0.654
   170   0.0000  26.5957   9.9468  -0.0000   0.0000  -0.0000  -0.0000  -0.0000   0.0000   0.0000   0.0000    0.751
 ---------------------------------------------------------------
