 ---------------------------------------------------------------
 Surface and Strip Forces by surface

  Forces referred to Sref, Cref, Bref about Xref, Yref, Zref
 Standard axis orientation,  X fwd, Z down         

  Surface # 1     main_wing                               
     # Chordwise = 10   # Spanwise = 30     First strip =  1
     Surface area =   63.793327       Ave. chord =    3.717556
     CLsurf  =  -2.50991     Clsurf  =   0.54621
     CYsurf  =   0.11226     Cmsurf  =   0.31809
     CDsurf  =   0.19800     Cnsurf  =   0.16347
     CDisurf =   0.19800     CDvsurf =   0.00000

  Forces referred to Ssurf, Cave about hinge axis thru LE
     CLsurf  =  -4.91287     CDsurf  =   0.38754
     Deflect =

 Strip Forces referred to Strip Area, Chord
    j      Yle    Chord     Area     c cl      ai      cl_norm  cl       cd       cdv    cm_c/4    cm_LE  C.P.x/c
     1   0.0123   7.7514   0.3815 -19.5901  -0.7161   4.2468   4.2464 -77.5357   0.0000   1.0385   1.6430    0.005
     2   0.1106   7.6828   1.1303 -22.5243  -0.6473  -2.3179  -2.3177  -7.1467   0.0000   1.1318   1.8343    0.738
     3   0.3062   7.5463   1.8369 -22.8139  -0.5321  -2.8886  -2.8884  -1.6728   0.0000   1.1338   1.8588    0.643
     4   0.5968   7.3435   2.4751 -22.8694  -0.3760  -3.0804  -3.0802  -0.5254   0.0000   1.0915   1.8395    0.604
     5   0.9793   7.0766   3.0215 -20.8440  -0.1783  -3.0727  -3.0724   1.3220   0.0000   0.9416   1.6506    0.556
     6   1.4496   6.7484   3.4567 -21.1247   0.0524  -3.1723  -3.1720   0.3399   0.0000   0.7607   1.5181    0.490
     7   1.9610   6.3915   3.2367 -19.9787   0.1577  -3.2066  -3.2063   0.7834   0.0000   0.5379   1.2978    0.418
     8   2.4995   6.0157   3.4229 -20.3206   0.1020  -3.4411  -3.4408   0.5715   0.0000   0.4126   1.2365    0.370
     9   3.0975   5.5984   3.5010 -20.0382   0.0322  -3.6705  -3.6702   0.8828   0.0000   0.2917   1.1671    0.329
    10   3.7485   5.1441   3.4716 -20.7778  -0.0558  -4.1173  -4.1169   0.7129   0.0000   0.2112   1.2010    0.301
    11   4.4453   4.6578   3.3395 -20.5256  -0.1620  -4.5010  -4.5006   0.8802   0.0000   0.0991   1.1811    0.272
    12   5.1804   4.1448   3.1137 -21.2744  -0.2805  -5.2861  -5.2856   1.5224   0.0000   0.0335   1.2952    0.256
    13   6.0123   3.7903   3.4546 -21.4226  -0.3966  -5.8241  -5.8237   1.7171   0.0000  -0.0178   1.3929    0.247
    14   6.9353   3.6074   3.3620 -21.4065  -0.4499  -6.0970  -6.0966   1.5998   0.0000  -0.0285   1.4527    0.245
    15   7.8737   3.4215   3.2240 -21.0733  -0.4702  -6.3148  -6.3144   1.5068   0.0000  -0.0287   1.5086    0.245
    16   8.8173   3.2345   3.0478 -20.5085  -0.4636  -6.4899  -6.4894   1.4258   0.0000  -0.0259   1.5567    0.246
    17   9.7557   3.0486   2.8411 -19.7551  -0.4444  -6.6240  -6.6236   1.3572   0.0000  -0.0232   1.5943    0.247
    18  10.6786   2.8657   2.6118 -18.8600  -0.4235  -6.7205  -6.7200   1.2987   0.0000  -0.0214   1.6213    0.247
    19  11.5760   2.6879   2.3677 -17.8515  -0.4064  -6.7770  -6.7765   1.2540   0.0000  -0.0217   1.6360    0.247
    20  12.4467   2.5153   2.1582 -16.7536  -0.3978  -6.7940  -6.7936   1.2297   0.0000  -0.0229   1.6396    0.247
    21  13.2645   2.3533   1.8259 -15.5845  -0.3980  -6.7551  -6.7546   1.2219   0.0000  -0.0270   1.6260    0.246
    22  14.0130   2.2050   1.5853 -14.3633  -0.4095  -6.6476  -6.6472   1.2375   0.0000  -0.0343   1.5917    0.245
    23  14.7005   2.0687   1.3533 -13.0699  -0.4343  -6.4538  -6.4534   1.2746   0.0000  -0.0459   1.5311    0.243
    24  15.3195   1.9461   1.1330 -11.6803  -0.4743  -6.1414  -6.1410   1.3279   0.0000  -0.0634   1.4347    0.240
    25  15.8633   1.8383   0.9263 -10.1502  -0.5303  -5.6649  -5.6646   1.3949   0.0000  -0.0863   1.2920    0.235
    26  16.3259   1.7467   0.7336  -8.4342  -0.6009  -4.9772  -4.9769   1.4832   0.0000  -0.1113   1.0941    0.228
    27  16.6722   1.4928   0.4112  -6.5251  -0.5621  -4.4922  -4.4905   1.1747   0.0000  -0.1435   0.8870    0.218
    28  16.9098   1.1466   0.2281  -4.6406  -0.4824  -4.1211  -4.1196   0.6510   0.0000  -0.1806   0.7768    0.206
    29  17.0696   0.9137   0.1099  -2.7785  -0.4515  -3.0778  -3.0767   0.2780   0.0000  -0.1810   0.5412    0.191
    30  17.1499   0.7966   0.0321  -0.9267  -0.4552  -1.1683  -1.1679   0.0022   0.0000  -0.0861   0.1913    0.176

  Surface # 2     main_wing (YDUP)                        
     # Chordwise = 10   # Spanwise = 30     First strip = 31
     Surface area =   63.793327       Ave. chord =    3.717556
     CLsurf  =  -2.50988     Clsurf  =  -0.54620
     CYsurf  =  -0.11226     Cmsurf  =   0.31809
     CDsurf  =   0.19798     Cnsurf  =  -0.16347
     CDisurf =   0.19798     CDvsurf =   0.00000

  Forces referred to Ssurf, Cave about hinge axis thru LE
     CLsurf  =  -4.91283     CDsurf  =   0.38751
     Deflect =

 Strip Forces referred to Strip Area, Chord
    j      Yle    Chord     Area     c cl      ai      cl_norm  cl       cd       cdv    cm_c/4    cm_LE  C.P.x/c
    31  -0.0123   7.7514   0.3815 -19.5901  -0.7153   4.2469   4.2465 -77.5367   0.0000   1.0385  -1.6430    0.005
    32  -0.1106   7.6828   1.1303 -22.5242  -0.6474  -2.3180  -2.3178  -7.1465   0.0000   1.1318  -1.8343    0.738
    33  -0.3062   7.5463   1.8369 -22.8138  -0.5321  -2.8886  -2.8884  -1.6728   0.0000   1.1338  -1.8588    0.643
    34  -0.5968   7.3435   2.4751 -22.8692  -0.3759  -3.0804  -3.0801  -0.5256   0.0000   1.0915  -1.8395    0.604
    35  -0.9793   7.0766   3.0215 -20.8439  -0.1783  -3.0727  -3.0724   1.3220   0.0000   0.9416  -1.6506    0.556
    36  -1.4496   6.7484   3.4567 -21.1245   0.0524  -3.1723  -3.1720   0.3399   0.0000   0.7607  -1.5181    0.490
    37  -1.9610   6.3915   3.2367 -19.9785   0.1578  -3.2066  -3.2063   0.7834   0.0000   0.5379  -1.2978    0.418
    38  -2.4995   6.0157   3.4229 -20.3204   0.1021  -3.4411  -3.4408   0.5715   0.0000   0.4126  -1.2365    0.370
    39  -3.0975   5.5984   3.5010 -20.0380   0.0322  -3.6705  -3.6701   0.8828   0.0000   0.2917  -1.1671    0.329
    40  -3.7485   5.1441   3.4716 -20.7776  -0.0558  -4.1173  -4.1169   0.7128   0.0000   0.2112  -1.2010    0.301
    41  -4.4453   4.6578   3.3395 -20.5254  -0.1620  -4.5010  -4.5005   0.8802   0.0000   0.0991  -1.1811    0.272
    42  -5.1804   4.1448   3.1137 -21.2742  -0.2804  -5.2861  -5.2856   1.5223   0.0000   0.0335  -1.2952    0.256
    43  -6.0123   3.7903   3.4546 -21.4224  -0.3966  -5.8240  -5.8237   1.7170   0.0000  -0.0178  -1.3929    0.247
    44  -6.9353   3.6074   3.3620 -21.4063  -0.4499  -6.0969  -6.0965   1.5998   0.0000  -0.0285  -1.4527    0.245
    45  -7.8737   3.4215   3.2240 -21.0732  -0.4702  -6.3148  -6.3144   1.5068   0.0000  -0.0287  -1.5086    0.245
    46  -8.8173   3.2345   3.0478 -20.5084  -0.4636  -6.4898  -6.4894   1.4258   0.0000  -0.0259  -1.5567    0.246
    47  -9.7557   3.0486   2.8411 -19.7550  -0.4444  -6.6240  -6.6235   1.3572   0.0000  -0.0232  -1.5943    0.247
    48 -10.6786   2.8657   2.6118 -18.8598  -0.4235  -6.7204  -6.7200   1.2987   0.0000  -0.0214  -1.6213    0.247
    49 -11.5760   2.6879   2.3677 -17.8513  -0.4063  -6.7769  -6.7765   1.2539   0.0000  -0.0217  -1.6360    0.247
    50 -12.4467   2.5153   2.1582 -16.7534  -0.3978  -6.7939  -6.7935   1.2296   0.0000  -0.0229  -1.6396    0.247
    51 -13.2645   2.3533   1.8259 -15.5843  -0.3980  -6.7550  -6.7545   1.2219   0.0000  -0.0270  -1.6260    0.246
    52 -14.0130   2.2050   1.5853 -14.3631  -0.4095  -6.6475  -6.6471   1.2374   0.0000  -0.0343  -1.5917    0.245
    53 -14.7005   2.0687   1.3533 -13.0697  -0.4343  -6.4537  -6.4533   1.2746   0.0000  -0.0459  -1.5310    0.243
    54 -15.3195   1.9461   1.1330 -11.6801  -0.4743  -6.1413  -6.1409   1.3279   0.0000  -0.0634  -1.4347    0.240
    55 -15.8633   1.8383   0.9263 -10.1501  -0.5303  -5.6648  -5.6645   1.3949   0.0000  -0.0863  -1.2920    0.235
    56 -16.3259   1.7467   0.7336  -8.4341  -0.6009  -4.9772  -4.9769   1.4831   0.0000  -0.1113  -1.0941    0.228
    57 -16.6722   1.4928   0.4112  -6.5250  -0.5621  -4.4922  -4.4905   1.1747   0.0000  -0.1435  -0.8870    0.218
    58 -16.9098   1.1466   0.2281  -4.6406  -0.4824  -4.1211  -4.1195   0.6509   0.0000  -0.1806  -0.7768    0.206
    59 -17.0696   0.9137   0.1099  -2.7784  -0.4515  -3.0778  -3.0767   0.2780   0.0000  -0.1810  -0.5412    0.191
    60 -17.1499   0.7966   0.0321  -0.9267  -0.4552  -1.1683  -1.1679   0.0022   0.0000  -0.0861  -0.1913    0.176

  Surface # 3     horizontal_stabilizer                   
     # Chordwise = 10   # Spanwise = 30     First strip = 61
     Surface area =   20.071465       Ave. chord =    2.826957
     CLsurf  =   0.22417     Clsurf  =  -0.01971
     CYsurf  =  -0.00183     Cmsurf  =  -0.99218
     CDsurf  =  -0.03296     Cnsurf  =  -0.00373
     CDisurf =  -0.03296     CDvsurf =   0.00000

  Forces referred to Ssurf, Cave about hinge axis thru LE
     CLsurf  =   1.39453     CDsurf  =  -0.20502
     Deflect =

 Strip Forces referred to Strip Area, Chord
    j      Yle    Chord     Area     c cl      ai      cl_norm  cl       cd       cdv    cm_c/4    cm_LE  C.P.x/c
    61   0.0046   4.6976   0.0861   4.9656  -0.0080   1.0311   1.0310   0.3444   0.0000   0.0171  -0.2446    0.233
    62   0.0412   4.6783   0.2563   4.8853  -0.0101   1.0521   1.0520  -0.0424   0.0000   0.0158  -0.2428    0.235
    63   0.1140   4.6399   0.4206   4.8756  -0.0132   1.0609   1.0608  -0.0680   0.0000   0.0161  -0.2441    0.235
    64   0.2222   4.5828   0.5752   4.8706  -0.0157   1.0741   1.0739  -0.0809   0.0000   0.0168  -0.2464    0.234
    65   0.3647   4.5076   0.7167   4.8610  -0.0173   1.0906   1.0904  -0.0904   0.0000   0.0174  -0.2496    0.234
    66   0.5398   4.4152   0.8422   4.8467  -0.0174   1.1105   1.1103  -0.0964   0.0000   0.0181  -0.2537    0.234
    67   0.7511   4.3037   0.9974   4.8276  -0.0160   1.1355   1.1353  -0.1062   0.0000   0.0189  -0.2589    0.233
    68   0.9975   4.1737   1.0868   4.7960  -0.0142   1.1638   1.1637  -0.1164   0.0000   0.0196  -0.2650    0.233
    69   1.2712   4.0293   1.1531   4.7586  -0.0154   1.1969   1.1967  -0.1278   0.0000   0.0204  -0.2721    0.233
    70   1.5691   3.8721   1.1959   4.7132  -0.0240   1.2337   1.2335  -0.1330   0.0000   0.0213  -0.2802    0.233
    71   1.8880   3.7039   1.2153   4.6596  -0.0407   1.2760   1.2758  -0.1478   0.0000   0.0223  -0.2893    0.233
    72   2.2244   3.5264   1.2123   4.5872  -0.0582   1.3210   1.3208  -0.1716   0.0000   0.0230  -0.2992    0.233
    73   2.5747   3.3416   1.1886   4.5210  -0.0683   1.3728   1.3725  -0.1649   0.0000   0.0244  -0.3107    0.232
    74   2.9349   3.1516   1.1463   4.4268  -0.0711   1.4273   1.4271  -0.1949   0.0000   0.0254  -0.3225    0.232
    75   3.3011   2.9584   1.0879   4.3228  -0.0704   1.4868   1.4866  -0.2262   0.0000   0.0266  -0.3353    0.232
    76   3.6693   2.7641   1.0165   4.2158  -0.0694   1.5517   1.5514  -0.2328   0.0000   0.0286  -0.3492    0.232
    77   4.0356   2.5709   0.9351   4.0704  -0.0692   1.6140   1.6137  -0.2786   0.0000   0.0297  -0.3624    0.232
    78   4.3958   2.3808   0.8469   3.9117  -0.0703   1.6787   1.6785  -0.3338   0.0000   0.0311  -0.3759    0.231
    79   4.7460   2.1961   0.7550   3.7396  -0.0725   1.7402   1.7399  -0.3494   0.0000   0.0331  -0.3887    0.231
    80   5.0824   2.0186   0.6623   3.5417  -0.0756   1.7942   1.7939  -0.3728   0.0000   0.0351  -0.3995    0.230
    81   5.4013   1.8503   0.5714   3.3144  -0.0790   1.8319   1.8316  -0.3829   0.0000   0.0368  -0.4069    0.230
    82   5.6992   1.6931   0.4845   3.0657  -0.0821   1.8556   1.8553  -0.4306   0.0000   0.0390  -0.4096    0.229
    83   5.9729   1.5487   0.4033   2.7968  -0.0841   1.8516   1.8513  -0.4414   0.0000   0.0418  -0.4056    0.227
    84   6.2193   1.4187   0.3288   2.5141  -0.0841   1.8147   1.8144  -0.4064   0.0000   0.0458  -0.3932    0.225
    85   6.4358   1.3045   0.2616   2.2077  -0.0815   1.7366   1.7363  -0.4288   0.0000   0.0500  -0.3693    0.221
    86   6.6379   1.1979   0.2413   1.8763  -0.0754   1.6043   1.6040  -0.3623   0.0000   0.0556  -0.3326    0.215
    87   6.8184   1.1027   0.1754   1.4947  -0.0659   1.3885   1.3882  -0.3151   0.0000   0.0596  -0.2765    0.207
    88   6.9555   1.0303   0.1183   1.0914  -0.0542   1.0822   1.0821  -0.2145   0.0000   0.0580  -0.2048    0.196
    89   7.0478   0.9816   0.0681   0.6628  -0.0423   0.6906   0.6905  -0.1458   0.0000   0.0445  -0.1230    0.186
    90   7.0942   0.9572   0.0222   0.2228  -0.0331   0.2376   0.2376  -0.0450   0.0000   0.0172  -0.0405    0.177

  Surface # 4     horizontal_stabilizer (YDUP)            
     # Chordwise = 10   # Spanwise = 30     First strip = 91
     Surface area =   20.071465       Ave. chord =    2.826957
     CLsurf  =   0.22416     Clsurf  =   0.01971
     CYsurf  =   0.00183     Cmsurf  =  -0.99216
     CDsurf  =  -0.03296     Cnsurf  =   0.00373
     CDisurf =  -0.03296     CDvsurf =   0.00000

  Forces referred to Ssurf, Cave about hinge axis thru LE
     CLsurf  =   1.39450     CDsurf  =  -0.20502
     Deflect =

 Strip Forces referred to Strip Area, Chord
    j      Yle    Chord     Area     c cl      ai      cl_norm  cl       cd       cdv    cm_c/4    cm_LE  C.P.x/c
    91  -0.0046   4.6976   0.0861   4.9656  -0.0079   1.0311   1.0309   0.3444   0.0000   0.0171   0.2446    0.233
    92  -0.0412   4.6783   0.2563   4.8853  -0.0101   1.0521   1.0520  -0.0424   0.0000   0.0158   0.2428    0.235
    93  -0.1140   4.6399   0.4206   4.8755  -0.0132   1.0609   1.0608  -0.0680   0.0000   0.0161   0.2441    0.235
    94  -0.2222   4.5828   0.5752   4.8706  -0.0157   1.0741   1.0739  -0.0809   0.0000   0.0168   0.2464    0.234
    95  -0.3647   4.5076   0.7167   4.8610  -0.0173   1.0906   1.0904  -0.0904   0.0000   0.0174   0.2496    0.234
    96  -0.5398   4.4152   0.8422   4.8466  -0.0175   1.1105   1.1103  -0.0964   0.0000   0.0181   0.2537    0.234
    97  -0.7511   4.3037   0.9974   4.8276  -0.0160   1.1355   1.1353  -0.1062   0.0000   0.0189   0.2589    0.233
    98  -0.9975   4.1737   1.0868   4.7959  -0.0142   1.1638   1.1637  -0.1164   0.0000   0.0196   0.2650    0.233
    99  -1.2712   4.0293   1.1531   4.7586  -0.0154   1.1969   1.1967  -0.1278   0.0000   0.0204   0.2721    0.233
   100  -1.5691   3.8721   1.1959   4.7131  -0.0240   1.2337   1.2335  -0.1330   0.0000   0.0213   0.2802    0.233
   101  -1.8880   3.7039   1.2153   4.6596  -0.0407   1.2760   1.2758  -0.1478   0.0000   0.0222   0.2893    0.233
   102  -2.2244   3.5264   1.2123   4.5871  -0.0582   1.3210   1.3208  -0.1716   0.0000   0.0230   0.2992    0.233
   103  -2.5747   3.3416   1.1886   4.5210  -0.0683   1.3727   1.3725  -0.1648   0.0000   0.0244   0.3107    0.232
   104  -2.9349   3.1516   1.1463   4.4268  -0.0711   1.4272   1.4270  -0.1949   0.0000   0.0254   0.3225    0.232
   105  -3.3011   2.9584   1.0879   4.3227  -0.0704   1.4868   1.4866  -0.2262   0.0000   0.0266   0.3353    0.232
   106  -3.6693   2.7641   1.0165   4.2157  -0.0694   1.5516   1.5514  -0.2328   0.0000   0.0286   0.3492    0.232
   107  -4.0356   2.5709   0.9351   4.0703  -0.0692   1.6139   1.6137  -0.2786   0.0000   0.0297   0.3624    0.232
   108  -4.3958   2.3808   0.8469   3.9116  -0.0703   1.6787   1.6784  -0.3338   0.0000   0.0311   0.3759    0.231
   109  -4.7460   2.1961   0.7550   3.7395  -0.0725   1.7402   1.7399  -0.3494   0.0000   0.0331   0.3887    0.231
   110  -5.0824   2.0186   0.6623   3.5416  -0.0756   1.7941   1.7939  -0.3728   0.0000   0.0351   0.3995    0.230
   111  -5.4013   1.8503   0.5714   3.3143  -0.0790   1.8319   1.8316  -0.3829   0.0000   0.0368   0.4069    0.230
   112  -5.6992   1.6931   0.4845   3.0657  -0.0821   1.8555   1.8552  -0.4306   0.0000   0.0390   0.4095    0.229
   113  -5.9729   1.5487   0.4033   2.7967  -0.0841   1.8516   1.8513  -0.4414   0.0000   0.0418   0.4056    0.227
   114  -6.2193   1.4187   0.3288   2.5140  -0.0841   1.8146   1.8143  -0.4064   0.0000   0.0458   0.3932    0.225
   115  -6.4358   1.3045   0.2616   2.2076  -0.0815   1.7365   1.7362  -0.4288   0.0000   0.0500   0.3693    0.221
   116  -6.6379   1.1979   0.2413   1.8762  -0.0754   1.6042   1.6040  -0.3623   0.0000   0.0556   0.3326    0.215
   117  -6.8184   1.1027   0.1754   1.4946  -0.0659   1.3884   1.3882  -0.3150   0.0000   0.0596   0.2765    0.207
   118  -6.9555   1.0303   0.1183   1.0913  -0.0542   1.0822   1.0820  -0.2144   0.0000   0.0580   0.2048    0.196
   119  -7.0478   0.9816   0.0681   0.6628  -0.0423   0.6906   0.6905  -0.1458   0.0000   0.0445   0.1230    0.186
   120  -7.0942   0.9572   0.0222   0.2228  -0.0331   0.2376   0.2375  -0.0450   0.0000   0.0172   0.0405    0.177

  Surface # 5     vertical_stabilizer                     
     # Chordwise = 10   # Spanwise = 30     First strip =121
     Surface area =   27.880133       Ave. chord =    3.584947
     CLsurf  =   0.00000     Clsurf  =  -0.00000
     CYsurf  =  -0.00000     Cmsurf  =  -0.00000
     CDsurf  =  -0.00000     Cnsurf  =   0.00000
     CDisurf =  -0.00000     CDvsurf =   0.00000

  Forces referred to Ssurf, Cave about hinge axis thru LE
     CLsurf  =   0.00000     CDsurf  =  -0.00000
     Deflect =

 Strip Forces referred to Strip Area, Chord
    j      Yle    Chord     Area     c cl      ai      cl_norm  cl       cd       cdv    cm_c/4    cm_LE  C.P.x/c
   121   0.0000   8.1257   0.4979   0.0000  -0.0000   0.0000   0.0000  -0.0000   0.0000   0.0000   0.0000
   122   0.0000   7.9240   0.7939   0.0000   0.0000   0.0000   0.0000  -0.0000   0.0000   0.0000   0.0000
   123   0.0000   7.6259   1.0550   0.0000   0.0000   0.0000   0.0000  -0.0000   0.0000   0.0000   0.0000
   124   0.0000   7.2338   1.2682   0.0000  -0.0000   0.0000   0.0000  -0.0000   0.0000   0.0000   0.0000
   125   0.0000   6.7513   1.4226   0.0000  -0.0000   0.0000   0.0000  -0.0000   0.0000   0.0000   0.0000   -0.994
   126   0.0000   6.1827   1.5094   0.0000  -0.0000   0.0000   0.0000  -0.0000   0.0000   0.0000   0.0000   -0.710
   127   0.0000   5.5336   1.5228   0.0000  -0.0000   0.0000   0.0000  -0.0000   0.0000   0.0000   0.0000   -0.394
   128   0.0000   4.8100   1.4602   0.0000  -0.0000   0.0000   0.0000  -0.0000   0.0000   0.0000   0.0000   -0.132
   129   0.0000   4.3478   1.3898   0.0000  -0.0000   0.0000   0.0000  -0.0000   0.0000   0.0000   0.0000   -0.097
   130   0.0000   4.1900   1.4293   0.0000  -0.0000   0.0000   0.0000  -0.0000   0.0000   0.0000  -0.0000   -0.007
   131   0.0000   4.0228   1.4447   0.0000   0.0000   0.0000   0.0000  -0.0000   0.0000   0.0000  -0.0000    0.062
   132   0.0000   3.8479   1.4371   0.0000   0.0000   0.0000   0.0000  -0.0000   0.0000   0.0000  -0.0000    0.098
   133   0.0000   3.6670   1.4082   0.0000   0.0000   0.0000   0.0000  -0.0000   0.0000   0.0000  -0.0000    0.129
   134   0.0000   3.4821   1.3602   0.0000   0.0000   0.0000   0.0000  -0.0000   0.0000   0.0000  -0.0000    0.160
   135   0.0000   3.2949   1.2955   0.0000   0.0000   0.0000   0.0000  -0.0000   0.0000   0.0000  -0.0000    0.188
   136   0.0000   3.1075   1.2172   0.0000   0.0000   0.0000   0.0000  -0.0000   0.0000   0.0000  -0.0000    0.207
   137   0.0000   2.9218   1.1282   0.0000  -0.0000   0.0000   0.0000  -0.0000   0.0000   0.0000  -0.0000    0.218
   138   0.0000   2.7397   1.0316   0.0000  -0.0000   0.0000   0.0000  -0.0000   0.0000   0.0000  -0.0000    0.235
   139   0.0000   2.5631   0.9305   0.0000  -0.0000   0.0000   0.0000  -0.0000   0.0000   0.0000  -0.0000    0.239
   140   0.0000   2.3939   0.8277   0.0000  -0.0000   0.0000   0.0000  -0.0000   0.0000   0.0000  -0.0000    0.245
   141   0.0000   2.2338   0.7257   0.0000  -0.0000   0.0000   0.0000  -0.0000   0.0000   0.0000  -0.0000    0.246
   142   0.0000   2.0845   0.6265   0.0000  -0.0000   0.0000   0.0000  -0.0000   0.0000   0.0000  -0.0000    0.246
   143   0.0000   1.9475   0.5319   0.0000  -0.0000   0.0000   0.0000  -0.0000   0.0000   0.0000  -0.0000    0.244
   144   0.0000   1.8243   0.4429   0.0000  -0.0000   0.0000   0.0000  -0.0000   0.0000   0.0000  -0.0000    0.244
   145   0.0000   1.7162   0.3603   0.0000  -0.0000   0.0000   0.0000  -0.0000   0.0000   0.0000  -0.0000    0.236
   146   0.0000   1.6244   0.2840   0.0000  -0.0000   0.0000   0.0000  -0.0000   0.0000   0.0000  -0.0000    0.232
   147   0.0000   1.5497   0.2138   0.0000  -0.0000   0.0000   0.0000  -0.0000   0.0000   0.0000  -0.0000    0.225
   148   0.0000   1.4930   0.1487   0.0000  -0.0000   0.0000   0.0000  -0.0000   0.0000   0.0000  -0.0000    0.219
   149   0.0000   1.4548   0.0875   0.0000  -0.0000   0.0000   0.0000  -0.0000   0.0000   0.0000  -0.0000    0.213
   150   0.0000   1.4357   0.0289   0.0000  -0.0000   0.0000   0.0000  -0.0000   0.0000   0.0000  -0.0000    0.206

  Surface # 6     fuselage_horizontal                     
     # Chordwise = 10   # Spanwise = 10     First strip =151
     Surface area =  123.841209       Ave. chord =   33.112621
     CLsurf  =   0.01892     Clsurf  =  -0.00000
     CYsurf  =  -0.00000     Cmsurf  =  -0.02640
     CDsurf  =  -0.01998     Cnsurf  =   0.00000
     CDisurf =  -0.01998     CDvsurf =   0.00000

  Forces referred to Ssurf, Cave about hinge axis thru LE
     CLsurf  =   0.01907     CDsurf  =  -0.02015
     Deflect =

 Strip Forces referred to Strip Area, Chord
    j      Yle    Chord     Area     c cl      ai      cl_norm  cl       cd       cdv    cm_c/4    cm_LE  C.P.x/c
   151  -1.6830  26.5957   9.9468   0.4747   0.3879   0.1910   0.0165   0.0163   0.0000  -0.0100  -0.0019    0.855
   152  -1.3090  31.2096  11.6724   0.6461   0.2012   0.0789   0.0207   0.0013   0.0000  -0.0096  -0.0037    0.712
   153  -0.9350  34.0626  12.7394   0.6072  -0.0227   0.0460   0.0190  -0.0131   0.0000  -0.0061  -0.0035    0.569
   154  -0.5610  36.1619  13.5246   0.5788  -0.1077   0.0315   0.0188  -0.0314   0.0000  -0.0037  -0.0035    0.449
   155  -0.1870  37.5333  14.0374   0.5481  -0.1389   0.0230   0.0199  -0.0594   0.0000  -0.0020  -0.0039    0.348
   156   0.1870  37.5333  14.0374   0.5481  -0.1389   0.0230   0.0199  -0.0594   0.0000  -0.0020  -0.0039    0.348
   157   0.5610  36.1619  13.5246   0.5788  -0.1077   0.0315   0.0188  -0.0314   0.0000  -0.0037  -0.0035    0.449
   158   0.9350  34.0626  12.7394   0.6072  -0.0227   0.0460   0.0190  -0.0131   0.0000  -0.0061  -0.0035    0.569
   159   1.3090  31.2096  11.6724   0.6461   0.2012   0.0789   0.0207   0.0013   0.0000  -0.0096  -0.0037    0.712
   160   1.6830  26.5957   9.9468   0.4747   0.3879   0.1910   0.0165   0.0163   0.0000  -0.0100  -0.0019    0.855

  Surface # 7     fuselage_vertical                       
     # Chordwise = 10   # Spanwise = 10     First strip =161
     Surface area =  123.841209       Ave. chord =   33.112621
     CLsurf  =  -0.00000     Clsurf  =   0.00000
     CYsurf  =  -0.00000     Cmsurf  =   0.00000
     CDsurf  =  -0.00000     Cnsurf  =   0.00000
     CDisurf =  -0.00000     CDvsurf =   0.00000

  Forces referred to Ssurf, Cave about hinge axis thru LE
     CLsurf  =   0.00000     CDsurf  =  -0.00000
     Deflect =

 Strip Forces referred to Strip Area, Chord
    j      Yle    Chord     Area     c cl      ai      cl_norm  cl       cd       cdv    cm_c/4    cm_LE  C.P.x/c
   161   0.0000  26.5957   9.9468  -0.0000   0.0000  -0.0000  -0.0000   0.0000   0.0000   0.0000   0.0000
   162   0.0000  31.2096  11.6724   0.0000   0.0001   0.0000   0.0000   0.0000   0.0000   0.0000   0.0000    0.197
   163   0.0000  34.0626  12.7394   0.0000  -0.0000   0.0000   0.0000  -0.0000   0.0000  -0.0000  -0.0000    0.417
   164   0.0000  36.1619  13.5246   0.0000  -0.0000   0.0000   0.0000  -0.0000   0.0000  -0.0000  -0.0000    0.506
   165   0.0000  37.5333  14.0374   0.0000  -0.0000   0.0000   0.0000  -0.0000   0.0000  -0.0000  -0.0000    0.572
   166   0.0000  37.5333  14.0374   0.0000  -0.0000   0.0000   0.0000  -0.0000   0.0000  -0.0000  -0.0000    0.684
   167   0.0000  36.1619  13.5246   0.0000  -0.0000   0.0000   0.0000  -0.0000   0.0000  -0.0000  -0.0000    0.705
   168   0.0000  34.0626  12.7394   0.0000  -0.0000   0.0000   0.0000  -0.0000   0.0000  -0.0000  -0.0000    0.703
   169   0.0000  31.2096  11.6724   0.0000   0.0000   0.0000   0.0000  -0.0000   0.0000  -0.0000  -0.0000    0.671
   170   0.0000  26.5957   9.9468   0.0000  -0.0000   0.0000   0.0000  -0.0000   0.0000  -0.0000  -0.0000    0.689
 ---------------------------------------------------------------
