 ---------------------------------------------------------------
 Surface and Strip Forces by surface

  Forces referred to Sref, Cref, Bref about Xref, Yref, Zref
 Standard axis orientation,  X fwd, Z down         

  Surface # 1     main_wing                               
     # Chordwise = 10   # Spanwise = 30     First strip =  1
     Surface area =   63.793327       Ave. chord =    3.717556
     CLsurf  =   0.52868     Clsurf  =  -0.10692
     CYsurf  =  -0.01665     Cmsurf  =  -0.03848
     CDsurf  =   0.02001     Cnsurf  =  -0.00777
     CDisurf =   0.02001     CDvsurf =   0.00000

  Forces referred to Ssurf, Cave about hinge axis thru LE
     CLsurf  =   1.03481     CDsurf  =   0.03916
     Deflect =

 Strip Forces referred to Strip Area, Chord
    j      Yle    Chord     Area     c cl      ai      cl_norm  cl       cd       cdv    cm_c/4    cm_LE  C.P.x/c
     1   0.0123   7.7514   0.3815   5.5413   0.1787   0.6995   0.6994   0.1695   0.0000  -0.0136  -0.1892    0.269
     2   0.1106   7.6828   1.1303   5.5216   0.1772   0.7168   0.7167   0.0598   0.0000  -0.0138  -0.1903    0.269
     3   0.3062   7.5463   1.8369   5.5134   0.1739   0.7296   0.7295   0.0534   0.0000  -0.0138  -0.1932    0.269
     4   0.5968   7.3435   2.4751   5.4953   0.1691   0.7478   0.7477   0.0508   0.0000  -0.0139  -0.1977    0.269
     5   0.9793   7.0766   3.0215   5.4765   0.1613   0.7732   0.7731   0.0534   0.0000  -0.0138  -0.2039    0.268
     6   1.4496   6.7484   3.4567   5.4019   0.1490   0.8010   0.8010   0.0450   0.0000  -0.0146  -0.2112    0.268
     7   1.9610   6.3915   3.2367   5.3550   0.1327   0.8383   0.8382   0.0481   0.0000  -0.0145  -0.2203    0.267
     8   2.4995   6.0157   3.4229   5.2573   0.1177   0.8750   0.8749   0.0451   0.0000  -0.0151  -0.2298    0.267
     9   3.0975   5.5984   3.5010   5.1633   0.1064   0.9235   0.9234   0.0473   0.0000  -0.0153  -0.2419    0.267
    10   3.7485   5.1441   3.4716   5.0012   0.0962   0.9749   0.9748   0.0386   0.0000  -0.0169  -0.2557    0.267
    11   4.4453   4.6578   3.3395   4.8653   0.0840   1.0477   1.0476   0.0389   0.0000  -0.0174  -0.2740    0.267
    12   5.1804   4.1448   3.1137   4.6926   0.0670   1.1371   1.1370   0.0299   0.0000  -0.0195  -0.2976    0.267
    13   6.0123   3.7903   3.4546   4.5325   0.0596   1.2011   1.2010   0.0304   0.0000  -0.0229  -0.3214    0.269
    14   6.9353   3.6074   3.3620   4.3668   0.0540   1.2156   1.2156   0.0329   0.0000  -0.0248  -0.3269    0.270
    15   7.8737   3.4215   3.2240   4.1874   0.0481   1.2290   1.2289   0.0334   0.0000  -0.0260  -0.3314    0.271
    16   8.8173   3.2345   3.0478   3.9943   0.0454   1.2402   1.2401   0.0333   0.0000  -0.0267  -0.3348    0.271
    17   9.7557   3.0486   2.8411   3.7888   0.0449   1.2482   1.2481   0.0328   0.0000  -0.0269  -0.3370    0.272
    18  10.6786   2.8657   2.6118   3.5717   0.0452   1.2518   1.2518   0.0322   0.0000  -0.0267  -0.3377    0.271
    19  11.5760   2.6879   2.3677   3.3437   0.0459   1.2495   1.2494   0.0318   0.0000  -0.0260  -0.3365    0.271
    20  12.4467   2.5153   2.1582   3.1045   0.0470   1.2397   1.2396   0.0315   0.0000  -0.0249  -0.3330    0.270
    21  13.2645   2.3533   1.8259   2.8567   0.0488   1.2193   1.2192   0.0313   0.0000  -0.0232  -0.3262    0.269
    22  14.0130   2.2050   1.5853   2.6024   0.0513   1.1853   1.1853   0.0313   0.0000  -0.0208  -0.3153    0.268
    23  14.7005   2.0687   1.3533   2.3369   0.0548   1.1343   1.1342   0.0314   0.0000  -0.0175  -0.2994    0.265
    24  15.3195   1.9461   1.1330   2.0571   0.0594   1.0612   1.0611   0.0316   0.0000  -0.0131  -0.2769    0.262
    25  15.8633   1.8383   0.9263   1.7590   0.0655   0.9602   0.9601   0.0318   0.0000  -0.0078  -0.2466    0.258
    26  16.3259   1.7467   0.7336   1.4368   0.0733   0.8248   0.8248   0.0325   0.0000  -0.0015  -0.2068    0.252
    27  16.6722   1.4928   0.4112   1.0888   0.0551   0.7326   0.7323   0.0205   0.0000   0.0079  -0.1630    0.239
    28  16.9098   1.1466   0.2281   0.7624   0.0365   0.6696   0.6694   0.0042   0.0000   0.0160  -0.1404    0.226
    29  17.0696   0.9137   0.1099   0.4512   0.0270   0.4985   0.4983  -0.0068   0.0000   0.0186  -0.0979    0.213
    30  17.1499   0.7966   0.0321   0.1497   0.0267   0.1905   0.1904  -0.0091   0.0000   0.0091  -0.0354    0.202

  Surface # 2     main_wing (YDUP)                        
     # Chordwise = 10   # Spanwise = 30     First strip = 31
     Surface area =   63.793327       Ave. chord =    3.717556
     CLsurf  =   0.52868     Clsurf  =   0.10692
     CYsurf  =   0.01665     Cmsurf  =  -0.03848
     CDsurf  =   0.02001     Cnsurf  =   0.00777
     CDisurf =   0.02001     CDvsurf =   0.00000

  Forces referred to Ssurf, Cave about hinge axis thru LE
     CLsurf  =   1.03481     CDsurf  =   0.03916
     Deflect =

 Strip Forces referred to Strip Area, Chord
    j      Yle    Chord     Area     c cl      ai      cl_norm  cl       cd       cdv    cm_c/4    cm_LE  C.P.x/c
    31  -0.0123   7.7514   0.3815   5.5413   0.1788   0.6995   0.6994   0.1696   0.0000  -0.0136   0.1892    0.269
    32  -0.1106   7.6828   1.1303   5.5216   0.1772   0.7168   0.7167   0.0599   0.0000  -0.0138   0.1903    0.269
    33  -0.3062   7.5463   1.8369   5.5134   0.1739   0.7296   0.7295   0.0534   0.0000  -0.0138   0.1932    0.269
    34  -0.5968   7.3435   2.4751   5.4953   0.1691   0.7478   0.7477   0.0508   0.0000  -0.0139   0.1977    0.269
    35  -0.9793   7.0766   3.0215   5.4765   0.1613   0.7732   0.7731   0.0534   0.0000  -0.0138   0.2039    0.268
    36  -1.4496   6.7484   3.4567   5.4019   0.1490   0.8010   0.8010   0.0450   0.0000  -0.0146   0.2112    0.268
    37  -1.9610   6.3915   3.2367   5.3550   0.1327   0.8383   0.8382   0.0481   0.0000  -0.0145   0.2203    0.267
    38  -2.4995   6.0157   3.4229   5.2573   0.1177   0.8750   0.8749   0.0451   0.0000  -0.0151   0.2298    0.267
    39  -3.0975   5.5984   3.5010   5.1633   0.1064   0.9235   0.9234   0.0473   0.0000  -0.0153   0.2419    0.267
    40  -3.7485   5.1441   3.4716   5.0012   0.0962   0.9749   0.9748   0.0386   0.0000  -0.0169   0.2557    0.267
    41  -4.4453   4.6578   3.3395   4.8653   0.0840   1.0477   1.0476   0.0389   0.0000  -0.0174   0.2740    0.267
    42  -5.1804   4.1448   3.1137   4.6925   0.0670   1.1371   1.1370   0.0299   0.0000  -0.0195   0.2976    0.267
    43  -6.0123   3.7903   3.4546   4.5325   0.0596   1.2011   1.2010   0.0304   0.0000  -0.0229   0.3214    0.269
    44  -6.9353   3.6074   3.3620   4.3668   0.0540   1.2156   1.2155   0.0329   0.0000  -0.0248   0.3269    0.270
    45  -7.8737   3.4215   3.2240   4.1874   0.0481   1.2290   1.2289   0.0334   0.0000  -0.0260   0.3314    0.271
    46  -8.8173   3.2345   3.0478   3.9943   0.0454   1.2402   1.2401   0.0333   0.0000  -0.0267   0.3348    0.271
    47  -9.7557   3.0486   2.8411   3.7888   0.0449   1.2482   1.2481   0.0328   0.0000  -0.0269   0.3370    0.272
    48 -10.6786   2.8657   2.6118   3.5716   0.0452   1.2518   1.2517   0.0322   0.0000  -0.0267   0.3377    0.271
    49 -11.5760   2.6879   2.3677   3.3436   0.0459   1.2495   1.2494   0.0318   0.0000  -0.0260   0.3365    0.271
    50 -12.4467   2.5153   2.1582   3.1045   0.0470   1.2397   1.2396   0.0315   0.0000  -0.0249   0.3330    0.270
    51 -13.2645   2.3533   1.8259   2.8566   0.0488   1.2192   1.2192   0.0313   0.0000  -0.0232   0.3262    0.269
    52 -14.0130   2.2050   1.5853   2.6024   0.0513   1.1853   1.1852   0.0313   0.0000  -0.0208   0.3153    0.268
    53 -14.7005   2.0687   1.3533   2.3368   0.0548   1.1343   1.1342   0.0314   0.0000  -0.0175   0.2994    0.265
    54 -15.3195   1.9461   1.1330   2.0571   0.0594   1.0612   1.0611   0.0316   0.0000  -0.0131   0.2769    0.262
    55 -15.8633   1.8383   0.9263   1.7590   0.0655   0.9602   0.9601   0.0318   0.0000  -0.0078   0.2466    0.258
    56 -16.3259   1.7467   0.7336   1.4368   0.0733   0.8248   0.8247   0.0325   0.0000  -0.0015   0.2068    0.252
    57 -16.6722   1.4928   0.4112   1.0888   0.0551   0.7326   0.7323   0.0205   0.0000   0.0079   0.1630    0.239
    58 -16.9098   1.1466   0.2281   0.7624   0.0365   0.6696   0.6694   0.0042   0.0000   0.0160   0.1404    0.226
    59 -17.0696   0.9137   0.1099   0.4512   0.0270   0.4985   0.4983  -0.0068   0.0000   0.0186   0.0979    0.213
    60 -17.1499   0.7966   0.0321   0.1497   0.0267   0.1905   0.1904  -0.0091   0.0000   0.0091   0.0354    0.202

  Surface # 3     horizontal_stabilizer                   
     # Chordwise = 10   # Spanwise = 30     First strip = 61
     Surface area =   20.071465       Ave. chord =    2.826957
     CLsurf  =   0.04891     Clsurf  =  -0.00427
     CYsurf  =  -0.00240     Cmsurf  =  -0.21647
     CDsurf  =   0.00431     Cnsurf  =   0.00130
     CDisurf =   0.00431     CDvsurf =   0.00000

  Forces referred to Ssurf, Cave about hinge axis thru LE
     CLsurf  =   0.30430     CDsurf  =   0.02684
     Deflect =

 Strip Forces referred to Strip Area, Chord
    j      Yle    Chord     Area     c cl      ai      cl_norm  cl       cd       cdv    cm_c/4    cm_LE  C.P.x/c
    61   0.0046   4.6976   0.0861   1.2025   0.1621   0.2487   0.2486   0.0755   0.0000   0.0089  -0.0546    0.214
    62   0.0412   4.6783   0.2563   1.1938   0.1619   0.2536   0.2536   0.0288   0.0000   0.0087  -0.0545    0.216
    63   0.1140   4.6399   0.4206   1.1925   0.1614   0.2558   0.2558   0.0257   0.0000   0.0088  -0.0549    0.216
    64   0.2222   4.5828   0.5752   1.1909   0.1607   0.2588   0.2587   0.0251   0.0000   0.0090  -0.0554    0.215
    65   0.3647   4.5076   0.7167   1.1878   0.1595   0.2625   0.2624   0.0250   0.0000   0.0092  -0.0561    0.215
    66   0.5398   4.4152   0.8422   1.1826   0.1577   0.2668   0.2668   0.0250   0.0000   0.0093  -0.0570    0.215
    67   0.7511   4.3037   0.9974   1.1741   0.1550   0.2718   0.2718   0.0250   0.0000   0.0095  -0.0581    0.215
    68   0.9975   4.1737   1.0868   1.1615   0.1508   0.2773   0.2773   0.0254   0.0000   0.0096  -0.0594    0.215
    69   1.2712   4.0293   1.1531   1.1447   0.1446   0.2832   0.2831   0.0254   0.0000   0.0096  -0.0608    0.216
    70   1.5691   3.8721   1.1959   1.1233   0.1359   0.2891   0.2891   0.0262   0.0000   0.0096  -0.0623    0.217
    71   1.8880   3.7039   1.2153   1.0973   0.1250   0.2953   0.2952   0.0263   0.0000   0.0095  -0.0639    0.218
    72   2.2244   3.5264   1.2123   1.0671   0.1146   0.3017   0.3016   0.0263   0.0000   0.0094  -0.0656    0.219
    73   2.5747   3.3416   1.1886   1.0334   0.1068   0.3082   0.3082   0.0276   0.0000   0.0093  -0.0673    0.220
    74   2.9349   3.1516   1.1463   0.9957   0.1017   0.3149   0.3149   0.0277   0.0000   0.0092  -0.0691    0.221
    75   3.3011   2.9584   1.0879   0.9552   0.0982   0.3219   0.3219   0.0281   0.0000   0.0092  -0.0708    0.221
    76   3.6693   2.7641   1.0165   0.9124   0.0954   0.3291   0.3290   0.0288   0.0000   0.0093  -0.0725    0.222
    77   4.0356   2.5709   0.9351   0.8662   0.0930   0.3361   0.3360   0.0281   0.0000   0.0095  -0.0740    0.222
    78   4.3958   2.3808   0.8469   0.8182   0.0909   0.3430   0.3429   0.0274   0.0000   0.0097  -0.0754    0.222
    79   4.7460   2.1961   0.7550   0.7686   0.0891   0.3491   0.3491   0.0290   0.0000   0.0102  -0.0765    0.221
    80   5.0824   2.0186   0.6623   0.7166   0.0876   0.3541   0.3541   0.0292   0.0000   0.0108  -0.0772    0.220
    81   5.4013   1.8503   0.5714   0.6625   0.0865   0.3572   0.3571   0.0295   0.0000   0.0115  -0.0773    0.218
    82   5.6992   1.6931   0.4845   0.6063   0.0858   0.3574   0.3573   0.0282   0.0000   0.0123  -0.0764    0.216
    83   5.9729   1.5487   0.4033   0.5483   0.0854   0.3534   0.3533   0.0275   0.0000   0.0133  -0.0745    0.212
    84   6.2193   1.4187   0.3288   0.4885   0.0854   0.3436   0.3435   0.0274   0.0000   0.0143  -0.0711    0.208
    85   6.4358   1.3045   0.2616   0.4264   0.0856   0.3264   0.3263   0.0244   0.0000   0.0152  -0.0658    0.203
    86   6.6379   1.1979   0.2413   0.3593   0.0862   0.2994   0.2994   0.0229   0.0000   0.0159  -0.0585    0.197
    87   6.8184   1.1027   0.1754   0.2842   0.0870   0.2574   0.2573   0.0196   0.0000   0.0158  -0.0482    0.189
    88   6.9555   1.0303   0.1183   0.2057   0.0880   0.1993   0.1993   0.0155   0.0000   0.0140  -0.0356    0.180
    89   7.0478   0.9816   0.0681   0.1246   0.0891   0.1268   0.1268   0.0093   0.0000   0.0100  -0.0215    0.171
    90   7.0942   0.9572   0.0222   0.0418   0.0899   0.0436   0.0436   0.0029   0.0000   0.0037  -0.0072    0.166

  Surface # 4     horizontal_stabilizer (YDUP)            
     # Chordwise = 10   # Spanwise = 30     First strip = 91
     Surface area =   20.071465       Ave. chord =    2.826957
     CLsurf  =   0.04891     Clsurf  =   0.00427
     CYsurf  =   0.00240     Cmsurf  =  -0.21646
     CDsurf  =   0.00431     Cnsurf  =  -0.00130
     CDisurf =   0.00431     CDvsurf =   0.00000

  Forces referred to Ssurf, Cave about hinge axis thru LE
     CLsurf  =   0.30429     CDsurf  =   0.02684
     Deflect =

 Strip Forces referred to Strip Area, Chord
    j      Yle    Chord     Area     c cl      ai      cl_norm  cl       cd       cdv    cm_c/4    cm_LE  C.P.x/c
    91  -0.0046   4.6976   0.0861   1.2025   0.1622   0.2487   0.2486   0.0755   0.0000   0.0089   0.0546    0.214
    92  -0.0412   4.6783   0.2563   1.1938   0.1619   0.2536   0.2536   0.0288   0.0000   0.0087   0.0545    0.216
    93  -0.1140   4.6399   0.4206   1.1925   0.1614   0.2558   0.2558   0.0257   0.0000   0.0088   0.0549    0.216
    94  -0.2222   4.5828   0.5752   1.1909   0.1607   0.2588   0.2587   0.0251   0.0000   0.0090   0.0554    0.215
    95  -0.3647   4.5076   0.7167   1.1878   0.1595   0.2625   0.2624   0.0250   0.0000   0.0092   0.0561    0.215
    96  -0.5398   4.4152   0.8422   1.1826   0.1577   0.2668   0.2668   0.0250   0.0000   0.0093   0.0570    0.215
    97  -0.7511   4.3037   0.9974   1.1741   0.1550   0.2718   0.2718   0.0250   0.0000   0.0095   0.0581    0.215
    98  -0.9975   4.1737   1.0868   1.1615   0.1508   0.2773   0.2773   0.0254   0.0000   0.0096   0.0594    0.215
    99  -1.2712   4.0293   1.1531   1.1447   0.1446   0.2831   0.2831   0.0254   0.0000   0.0096   0.0608    0.216
   100  -1.5691   3.8721   1.1959   1.1233   0.1359   0.2891   0.2891   0.0262   0.0000   0.0096   0.0623    0.217
   101  -1.8880   3.7039   1.2153   1.0972   0.1250   0.2953   0.2952   0.0263   0.0000   0.0095   0.0639    0.218
   102  -2.2244   3.5264   1.2123   1.0671   0.1146   0.3017   0.3016   0.0263   0.0000   0.0094   0.0656    0.219
   103  -2.5747   3.3416   1.1886   1.0334   0.1068   0.3082   0.3082   0.0276   0.0000   0.0093   0.0673    0.220
   104  -2.9349   3.1516   1.1463   0.9956   0.1017   0.3149   0.3149   0.0277   0.0000   0.0092   0.0691    0.221
   105  -3.3011   2.9584   1.0879   0.9552   0.0982   0.3219   0.3219   0.0281   0.0000   0.0092   0.0708    0.221
   106  -3.6693   2.7641   1.0165   0.9123   0.0954   0.3291   0.3290   0.0288   0.0000   0.0093   0.0725    0.222
   107  -4.0356   2.5709   0.9351   0.8662   0.0930   0.3361   0.3360   0.0281   0.0000   0.0095   0.0740    0.222
   108  -4.3958   2.3808   0.8469   0.8182   0.0909   0.3429   0.3429   0.0274   0.0000   0.0097   0.0754    0.222
   109  -4.7460   2.1961   0.7550   0.7686   0.0891   0.3491   0.3490   0.0290   0.0000   0.0102   0.0765    0.221
   110  -5.0824   2.0186   0.6623   0.7165   0.0876   0.3541   0.3541   0.0292   0.0000   0.0108   0.0772    0.220
   111  -5.4013   1.8503   0.5714   0.6624   0.0865   0.3571   0.3571   0.0295   0.0000   0.0115   0.0773    0.218
   112  -5.6992   1.6931   0.4845   0.6063   0.0858   0.3574   0.3573   0.0282   0.0000   0.0123   0.0764    0.216
   113  -5.9729   1.5487   0.4033   0.5483   0.0854   0.3534   0.3533   0.0275   0.0000   0.0133   0.0745    0.212
   114  -6.2193   1.4187   0.3288   0.4885   0.0854   0.3436   0.3435   0.0274   0.0000   0.0143   0.0711    0.208
   115  -6.4358   1.3045   0.2616   0.4264   0.0856   0.3264   0.3263   0.0244   0.0000   0.0152   0.0658    0.203
   116  -6.6379   1.1979   0.2413   0.3593   0.0862   0.2994   0.2994   0.0229   0.0000   0.0159   0.0585    0.197
   117  -6.8184   1.1027   0.1754   0.2842   0.0870   0.2573   0.2573   0.0196   0.0000   0.0158   0.0482    0.189
   118  -6.9555   1.0303   0.1183   0.2057   0.0880   0.1993   0.1993   0.0155   0.0000   0.0140   0.0356    0.180
   119  -7.0478   0.9816   0.0681   0.1246   0.0891   0.1268   0.1268   0.0093   0.0000   0.0100   0.0215    0.171
   120  -7.0942   0.9572   0.0222   0.0418   0.0899   0.0436   0.0436   0.0029   0.0000   0.0037   0.0072    0.166

  Surface # 5     vertical_stabilizer                     
     # Chordwise = 10   # Spanwise = 30     First strip =121
     Surface area =   27.880133       Ave. chord =    3.584947
     CLsurf  =   0.00000     Clsurf  =   0.00000
     CYsurf  =   0.00000     Cmsurf  =  -0.00000
     CDsurf  =  -0.00000     Cnsurf  =  -0.00000
     CDisurf =  -0.00000     CDvsurf =   0.00000

  Forces referred to Ssurf, Cave about hinge axis thru LE
     CLsurf  =  -0.00000     CDsurf  =  -0.00000
     Deflect =

 Strip Forces referred to Strip Area, Chord
    j      Yle    Chord     Area     c cl      ai      cl_norm  cl       cd       cdv    cm_c/4    cm_LE  C.P.x/c
   121   0.0000   8.1257   0.4979  -0.0000   0.0000  -0.0000  -0.0000  -0.0000   0.0000   0.0000   0.0000    0.466
   122   0.0000   7.9240   0.7939  -0.0000   0.0000  -0.0000  -0.0000  -0.0000   0.0000   0.0000   0.0000    0.469
   123   0.0000   7.6259   1.0550  -0.0000  -0.0000  -0.0000  -0.0000   0.0000   0.0000   0.0000   0.0000    0.473
   124   0.0000   7.2338   1.2682  -0.0000   0.0000  -0.0000  -0.0000   0.0000   0.0000   0.0000   0.0000    0.479
   125   0.0000   6.7513   1.4226  -0.0000   0.0000  -0.0000  -0.0000   0.0000   0.0000   0.0000   0.0000    0.482
   126   0.0000   6.1827   1.5094  -0.0000   0.0000  -0.0000  -0.0000   0.0000   0.0000   0.0000   0.0000    0.482
   127   0.0000   5.5336   1.5228  -0.0000   0.0000  -0.0000  -0.0000   0.0000   0.0000   0.0000   0.0000    0.475
   128   0.0000   4.8100   1.4602  -0.0000   0.0000  -0.0000  -0.0000  -0.0000   0.0000   0.0000   0.0000    0.465
   129   0.0000   4.3478   1.3898  -0.0000   0.0000  -0.0000  -0.0000  -0.0000   0.0000   0.0000   0.0000    0.372
   130   0.0000   4.1900   1.4293  -0.0000   0.0000  -0.0000  -0.0000  -0.0000   0.0000   0.0000   0.0000    0.358
   131   0.0000   4.0228   1.4447  -0.0000   0.0000  -0.0000  -0.0000  -0.0000   0.0000   0.0000   0.0000    0.342
   132   0.0000   3.8479   1.4371  -0.0000   0.0000  -0.0000  -0.0000  -0.0000   0.0000   0.0000   0.0000    0.327
   133   0.0000   3.6670   1.4082  -0.0000   0.0000  -0.0000  -0.0000  -0.0000   0.0000   0.0000   0.0000    0.314
   134   0.0000   3.4821   1.3602  -0.0000   0.0000  -0.0000  -0.0000  -0.0000   0.0000   0.0000   0.0000    0.307
   135   0.0000   3.2949   1.2955  -0.0000   0.0000  -0.0000  -0.0000  -0.0000   0.0000   0.0000   0.0000    0.298
   136   0.0000   3.1075   1.2172  -0.0000   0.0000  -0.0000  -0.0000  -0.0000   0.0000   0.0000   0.0000    0.287
   137   0.0000   2.9218   1.1282  -0.0000   0.0000  -0.0000  -0.0000  -0.0000   0.0000   0.0000   0.0000    0.281
   138   0.0000   2.7397   1.0316  -0.0000   0.0000  -0.0000  -0.0000  -0.0000   0.0000   0.0000   0.0000    0.277
   139   0.0000   2.5631   0.9305  -0.0000   0.0000  -0.0000  -0.0000  -0.0000   0.0000   0.0000   0.0000    0.272
   140   0.0000   2.3939   0.8277  -0.0000   0.0000  -0.0000  -0.0000  -0.0000   0.0000   0.0000   0.0000    0.269
   141   0.0000   2.2338   0.7257  -0.0000   0.0000  -0.0000  -0.0000  -0.0000   0.0000   0.0000   0.0000    0.265
   142   0.0000   2.0845   0.6265  -0.0000   0.0000  -0.0000  -0.0000  -0.0000   0.0000   0.0000   0.0000    0.259
   143   0.0000   1.9475   0.5319  -0.0000   0.0000  -0.0000  -0.0000  -0.0000   0.0000   0.0000   0.0000    0.256
   144   0.0000   1.8243   0.4429  -0.0000   0.0000  -0.0000  -0.0000  -0.0000   0.0000   0.0000   0.0000    0.252
   145   0.0000   1.7162   0.3603  -0.0000   0.0000  -0.0000  -0.0000  -0.0000   0.0000  -0.0000   0.0000    0.246
   146   0.0000   1.6244   0.2840  -0.0000   0.0000  -0.0000  -0.0000  -0.0000   0.0000  -0.0000   0.0000    0.240
   147   0.0000   1.5497   0.2138  -0.0000   0.0000  -0.0000  -0.0000  -0.0000   0.0000  -0.0000   0.0000    0.233
   148   0.0000   1.4930   0.1487  -0.0000   0.0000  -0.0000  -0.0000  -0.0000   0.0000  -0.0000   0.0000    0.230
   149   0.0000   1.4548   0.0875  -0.0000   0.0000  -0.0000  -0.0000  -0.0000   0.0000  -0.0000   0.0000    0.228
   150   0.0000   1.4357   0.0289  -0.0000   0.0000  -0.0000  -0.0000  -0.0000   0.0000  -0.0000   0.0000    0.225

  Surface # 6     fuselage_horizontal                     
     # Chordwise = 10   # Spanwise = 10     First strip =151
     Surface area =  123.841209       Ave. chord =   33.112621
     CLsurf  =   0.00881     Clsurf  =   0.00000
     CYsurf  =   0.00000     Cmsurf  =   0.08188
     CDsurf  =  -0.00096     Cnsurf  =  -0.00000
     CDisurf =  -0.00096     CDvsurf =   0.00000

  Forces referred to Ssurf, Cave about hinge axis thru LE
     CLsurf  =   0.00889     CDsurf  =  -0.00097
     Deflect =

 Strip Forces referred to Strip Area, Chord
    j      Yle    Chord     Area     c cl      ai      cl_norm  cl       cd       cdv    cm_c/4    cm_LE  C.P.x/c
   151  -1.6830  26.5957   9.9468   0.2499   0.2244   0.1077   0.0100  -0.0045   0.0000   0.0056   0.0004   -0.305
   152  -1.3090  31.2096  11.6724   0.2887   0.2055   0.0359   0.0096  -0.0023   0.0000   0.0080   0.0014   -0.588
   153  -0.9350  34.0626  12.7394   0.2859   0.1755   0.0205   0.0086  -0.0009   0.0000   0.0098   0.0026   -0.889
   154  -0.5610  36.1619  13.5246   0.3025   0.1768   0.0140   0.0084   0.0000   0.0000   0.0102   0.0036   -0.962
   155  -0.1870  37.5333  14.0374   0.3138   0.1814   0.0095   0.0082   0.0015   0.0000   0.0103   0.0056   -0.995
   156   0.1870  37.5333  14.0374   0.3138   0.1814   0.0095   0.0082   0.0015   0.0000   0.0103   0.0056   -0.995
   157   0.5610  36.1619  13.5246   0.3025   0.1768   0.0140   0.0084   0.0000   0.0000   0.0102   0.0036   -0.962
   158   0.9350  34.0626  12.7394   0.2859   0.1755   0.0205   0.0086  -0.0009   0.0000   0.0098   0.0026   -0.889
   159   1.3090  31.2096  11.6724   0.2887   0.2056   0.0359   0.0096  -0.0023   0.0000   0.0080   0.0014   -0.588
   160   1.6830  26.5957   9.9468   0.2499   0.2244   0.1077   0.0100  -0.0045   0.0000   0.0056   0.0004   -0.305

  Surface # 7     fuselage_vertical                       
     # Chordwise = 10   # Spanwise = 10     First strip =161
     Surface area =  123.841209       Ave. chord =   33.112621
     CLsurf  =  -0.00000     Clsurf  =  -0.00000
     CYsurf  =   0.00000     Cmsurf  =   0.00000
     CDsurf  =  -0.00000     Cnsurf  =   0.00000
     CDisurf =  -0.00000     CDvsurf =   0.00000

  Forces referred to Ssurf, Cave about hinge axis thru LE
     CLsurf  =  -0.00000     CDsurf  =  -0.00000
     Deflect =

 Strip Forces referred to Strip Area, Chord
    j      Yle    Chord     Area     c cl      ai      cl_norm  cl       cd       cdv    cm_c/4    cm_LE  C.P.x/c
   161   0.0000  26.5957   9.9468   0.0000   0.0000   0.0000   0.0000  -0.0000   0.0000  -0.0000  -0.0000
   162   0.0000  31.2096  11.6724  -0.0000   0.0000  -0.0000  -0.0000  -0.0000   0.0000  -0.0000  -0.0000
   163   0.0000  34.0626  12.7394   0.0000  -0.0000   0.0000   0.0000   0.0000   0.0000  -0.0000  -0.0000
   164   0.0000  36.1619  13.5246   0.0000  -0.0000   0.0000   0.0000   0.0000   0.0000  -0.0000  -0.0000
   165   0.0000  37.5333  14.0374   0.0000  -0.0000   0.0000   0.0000  -0.0000   0.0000  -0.0000  -0.0000
   166   0.0000  37.5333  14.0374  -0.0000  -0.0000  -0.0000  -0.0000  -0.0000   0.0000  -0.0000  -0.0000
   167   0.0000  36.1619  13.5246  -0.0000  -0.0000  -0.0000  -0.0000   0.0000   0.0000  -0.0000   0.0000   -0.050
   168   0.0000  34.0626  12.7394  -0.0000  -0.0000  -0.0000  -0.0000   0.0000   0.0000   0.0000   0.0000    0.372
   169   0.0000  31.2096  11.6724  -0.0000   0.0000  -0.0000  -0.0000  -0.0000   0.0000   0.0000   0.0000    0.584
   170   0.0000  26.5957   9.9468  -0.0000   0.0000  -0.0000  -0.0000  -0.0000   0.0000   0.0000   0.0000    0.687
 ---------------------------------------------------------------
