 ---------------------------------------------------------------
 Surface and Strip Forces by surface

  Forces referred to Sref, Cref, Bref about Xref, Yref, Zref
 Standard axis orientation,  X fwd, Z down         

  Surface # 1     main_wing                               
     # Chordwise = 10   # Spanwise = 30     First strip =  1
     Surface area =   63.968842       Ave. chord =    3.715026
     CLsurf  =   0.37642     Clsurf  =  -0.07316
     CYsurf  =  -0.02014     Cmsurf  =  -0.33620
     CDsurf  =   0.01217     Cnsurf  =  -0.00693
     CDisurf =   0.01217     CDvsurf =   0.00000

  Forces referred to Ssurf, Cave about hinge axis thru LE
     CLsurf  =   0.73570     CDsurf  =   0.02375
     Deflect =

 Strip Forces referred to Strip Area, Chord
    j      Yle    Chord     Area     c cl      ai      cl_norm  cl       cd       cdv    cm_c/4    cm_LE  C.P.x/c
     1   0.0114   7.7520   0.3539   4.8537   0.1730   0.7228   0.5598   0.5773   0.0000  -0.0325  -0.1552    0.308
     2   0.1025   7.6885   1.0491   4.4612   0.1727   0.7364   0.5704   0.1158   0.0000  -0.0325  -0.1459    0.307
     3   0.2837   7.5620   1.7073   4.4272   0.1716   0.7477   0.5791   0.0871   0.0000  -0.0302  -0.1452    0.302
     4   0.5530   7.3741   2.3052   4.4044   0.1688   0.7650   0.5925   0.0753   0.0000  -0.0267  -0.1447    0.295
     5   0.9075   7.1267   2.8223   4.3713   0.1629   0.7868   0.6094   0.0696   0.0000  -0.0229  -0.1449    0.288
     6   1.3432   6.8226   3.2414   4.3127   0.1501   0.8129   0.6296   0.0590   0.0000  -0.0194  -0.1460    0.281
     7   1.8554   6.4651   3.5491   4.2221   0.1247   0.8424   0.6525   0.0446   0.0000  -0.0168  -0.1482    0.276
     8   2.4386   6.0582   3.7368   4.1003   0.0992   0.8740   0.6769   0.0406   0.0000  -0.0149  -0.1516    0.272
     9   3.0862   5.6062   3.8005   3.9430   0.0856   0.9096   0.7045   0.0332   0.0000  -0.0141  -0.1563    0.270
    10   3.7613   5.1351   3.4440   3.7550   0.0737   0.9467   0.7332   0.0286   0.0000  -0.0139  -0.1620    0.269
    11   4.4532   4.6522   3.3149   3.5592   0.0598   0.9930   0.7690   0.0144   0.0000  -0.0142  -0.1691    0.268
    12   5.1831   4.1429   3.0930   3.3278   0.0386   1.0445   0.8089   0.0031   0.0000  -0.0130  -0.1761    0.266
    13   6.0123   3.7903   3.4706   3.0972   0.0244   1.0108   0.8236  -0.0026   0.0000  -0.0092  -0.1930    0.261
    14   6.9353   3.6075   3.3775   2.9167   0.0226   1.0000   0.8147  -0.0013   0.0000  -0.0097  -0.1915    0.262
    15   7.8737   3.4215   3.2389   2.7534   0.0190   0.9953   0.8109  -0.0014   0.0000  -0.0104  -0.1912    0.263
    16   8.8172   3.2345   3.0619   2.5988   0.0164   0.9938   0.8097  -0.0020   0.0000  -0.0113  -0.1917    0.264
    17   9.7556   3.0486   2.8543   2.4478   0.0157   0.9933   0.8093  -0.0027   0.0000  -0.0123  -0.1925    0.265
    18  10.6786   2.8657   2.6239   2.3005   0.0162   0.9932   0.8092  -0.0034   0.0000  -0.0134  -0.1935    0.267
    19  11.5760   2.6879   2.3787   2.1568   0.0175   0.9929   0.8089  -0.0042   0.0000  -0.0145  -0.1944    0.268
    20  12.4328   2.5181   2.1010   2.0177   0.0200   0.9916   0.8079  -0.0046   0.0000  -0.0149  -0.1945    0.268
    21  13.2400   2.3582   1.8520   1.8822   0.0241   0.9877   0.8047  -0.0044   0.0000  -0.0144  -0.1933    0.268
    22  13.9941   2.2087   1.6074   1.7462   0.0296   0.9783   0.7970  -0.0042   0.0000  -0.0133  -0.1906    0.267
    23  14.6868   2.0715   1.3716   1.6052   0.0372   0.9588   0.7812  -0.0038   0.0000  -0.0114  -0.1853    0.265
    24  15.3105   1.9479   1.1479   1.4530   0.0468   0.9228   0.7519  -0.0029   0.0000  -0.0083  -0.1761    0.261
    25  15.8583   1.8393   0.9381   1.2809   0.0578   0.8613   0.7017  -0.0010   0.0000  -0.0050  -0.1620    0.257
    26  16.3244   1.7470   0.7427   1.0813   0.0689   0.7646   0.6229   0.0054   0.0000  -0.0064  -0.1457    0.260
    27  16.6722   1.4928   0.4131   0.8623   0.0797   1.9526   0.5845  -0.0194   0.0000  -0.0083  -0.0759    0.264
    28  16.9098   1.1466   0.2292   0.6386   0.0940   1.8942   0.5670  -0.0467   0.0000   0.0141  -0.0631    0.225
    29  17.0696   0.9138   0.1104   0.3943   0.1054   1.4804   0.4431  -0.0673   0.0000   0.0355  -0.0377    0.170
    30  17.1499   0.7967   0.0322   0.1334   0.1115   0.5848   0.1751  -0.0504   0.0000   0.0232  -0.0103    0.118

  Surface # 2     main_wing (YDUP)                        
     # Chordwise = 10   # Spanwise = 30     First strip = 31
     Surface area =   63.968842       Ave. chord =    3.715026
     CLsurf  =   0.37642     Clsurf  =   0.07316
     CYsurf  =   0.02014     Cmsurf  =  -0.33620
     CDsurf  =   0.01217     Cnsurf  =   0.00693
     CDisurf =   0.01217     CDvsurf =   0.00000

  Forces referred to Ssurf, Cave about hinge axis thru LE
     CLsurf  =   0.73570     CDsurf  =   0.02375
     Deflect =

 Strip Forces referred to Strip Area, Chord
    j      Yle    Chord     Area     c cl      ai      cl_norm  cl       cd       cdv    cm_c/4    cm_LE  C.P.x/c
    31  -0.0114   7.7520   0.3539   4.8537   0.1730   0.7228   0.5598   0.5773   0.0000  -0.0325   0.1552    0.308
    32  -0.1025   7.6885   1.0491   4.4612   0.1727   0.7364   0.5704   0.1158   0.0000  -0.0325   0.1459    0.307
    33  -0.2837   7.5620   1.7073   4.4272   0.1716   0.7477   0.5791   0.0871   0.0000  -0.0302   0.1452    0.302
    34  -0.5530   7.3741   2.3052   4.4044   0.1688   0.7650   0.5925   0.0753   0.0000  -0.0267   0.1447    0.295
    35  -0.9075   7.1267   2.8223   4.3713   0.1629   0.7868   0.6094   0.0696   0.0000  -0.0229   0.1449    0.288
    36  -1.3432   6.8226   3.2414   4.3127   0.1501   0.8129   0.6296   0.0590   0.0000  -0.0194   0.1460    0.281
    37  -1.8554   6.4651   3.5491   4.2221   0.1247   0.8424   0.6525   0.0446   0.0000  -0.0168   0.1482    0.276
    38  -2.4386   6.0582   3.7368   4.1003   0.0992   0.8740   0.6769   0.0406   0.0000  -0.0149   0.1516    0.272
    39  -3.0862   5.6062   3.8005   3.9430   0.0856   0.9096   0.7045   0.0332   0.0000  -0.0141   0.1563    0.270
    40  -3.7613   5.1351   3.4440   3.7550   0.0737   0.9467   0.7332   0.0286   0.0000  -0.0139   0.1620    0.269
    41  -4.4532   4.6522   3.3149   3.5592   0.0598   0.9930   0.7690   0.0144   0.0000  -0.0142   0.1691    0.268
    42  -5.1831   4.1429   3.0930   3.3278   0.0386   1.0445   0.8089   0.0031   0.0000  -0.0130   0.1761    0.266
    43  -6.0123   3.7903   3.4706   3.0972   0.0244   1.0108   0.8236  -0.0026   0.0000  -0.0092   0.1930    0.261
    44  -6.9353   3.6075   3.3775   2.9167   0.0226   1.0000   0.8147  -0.0013   0.0000  -0.0097   0.1915    0.262
    45  -7.8737   3.4215   3.2389   2.7534   0.0190   0.9953   0.8109  -0.0014   0.0000  -0.0104   0.1912    0.263
    46  -8.8172   3.2345   3.0619   2.5988   0.0164   0.9938   0.8097  -0.0020   0.0000  -0.0113   0.1917    0.264
    47  -9.7556   3.0486   2.8543   2.4478   0.0157   0.9933   0.8093  -0.0027   0.0000  -0.0123   0.1925    0.265
    48 -10.6786   2.8657   2.6239   2.3005   0.0162   0.9932   0.8092  -0.0034   0.0000  -0.0134   0.1935    0.267
    49 -11.5760   2.6879   2.3787   2.1568   0.0175   0.9929   0.8089  -0.0042   0.0000  -0.0145   0.1944    0.268
    50 -12.4328   2.5181   2.1010   2.0177   0.0200   0.9916   0.8079  -0.0046   0.0000  -0.0149   0.1945    0.268
    51 -13.2400   2.3582   1.8520   1.8822   0.0241   0.9877   0.8047  -0.0044   0.0000  -0.0144   0.1933    0.268
    52 -13.9941   2.2087   1.6074   1.7462   0.0296   0.9783   0.7970  -0.0042   0.0000  -0.0133   0.1906    0.267
    53 -14.6868   2.0715   1.3716   1.6052   0.0372   0.9588   0.7812  -0.0038   0.0000  -0.0114   0.1853    0.265
    54 -15.3105   1.9479   1.1479   1.4530   0.0468   0.9228   0.7519  -0.0029   0.0000  -0.0083   0.1761    0.261
    55 -15.8583   1.8393   0.9381   1.2809   0.0578   0.8613   0.7017  -0.0010   0.0000  -0.0050   0.1620    0.257
    56 -16.3244   1.7470   0.7427   1.0813   0.0689   0.7646   0.6229   0.0054   0.0000  -0.0064   0.1457    0.260
    57 -16.6722   1.4928   0.4131   0.8623   0.0797   1.9526   0.5845  -0.0194   0.0000  -0.0083   0.0759    0.264
    58 -16.9098   1.1466   0.2292   0.6386   0.0940   1.8941   0.5670  -0.0467   0.0000   0.0141   0.0631    0.225
    59 -17.0696   0.9138   0.1104   0.3943   0.1054   1.4804   0.4431  -0.0673   0.0000   0.0355   0.0377    0.170
    60 -17.1499   0.7967   0.0322   0.1334   0.1115   0.5848   0.1751  -0.0504   0.0000   0.0232   0.0103    0.118

  Surface # 3     horizontal_stabilizer                   
     # Chordwise = 10   # Spanwise = 30     First strip = 61
     Surface area =   20.744604       Ave. chord =    2.848572
     CLsurf  =   0.04124     Clsurf  =  -0.00431
     CYsurf  =  -0.00652     Cmsurf  =  -0.20181
     CDsurf  =   0.00309     Cnsurf  =   0.00360
     CDisurf =   0.00309     CDvsurf =   0.00000

  Forces referred to Ssurf, Cave about hinge axis thru LE
     CLsurf  =   0.25129     CDsurf  =   0.01861
     Deflect =

 Strip Forces referred to Strip Area, Chord
    j      Yle    Chord     Area     c cl      ai      cl_norm  cl       cd       cdv    cm_c/4    cm_LE  C.P.x/c
    61   0.0047   4.2713   0.0803   0.9566   0.1212   0.2795   0.2133   0.1001   0.0000  -0.0110  -0.0579    0.302
    62   0.0418   4.2566   0.2392   0.8416   0.1216   0.2569   0.1960   0.0257   0.0000  -0.0109  -0.0523    0.306
    63   0.1156   4.2274   0.3930   0.8331   0.1217   0.2568   0.1960   0.0209   0.0000  -0.0103  -0.0516    0.303
    64   0.2254   4.1839   0.5386   0.8307   0.1212   0.2589   0.1976   0.0197   0.0000  -0.0093  -0.0511    0.297
    65   0.3698   4.1268   0.6730   0.8304   0.1200   0.2625   0.2003   0.0193   0.0000  -0.0080  -0.0506    0.290
    66   0.5474   4.0565   0.7936   0.8294   0.1180   0.2668   0.2036   0.0191   0.0000  -0.0067  -0.0502    0.283
    67   0.7617   3.9717   0.9441   0.8282   0.1148   0.2722   0.2078   0.0189   0.0000  -0.0055  -0.0501    0.276
    68   1.0116   3.8728   1.0344   0.8254   0.1103   0.2783   0.2124   0.0186   0.0000  -0.0043  -0.0501    0.270
    69   1.2891   3.7630   1.1046   0.8228   0.1047   0.2856   0.2180   0.0186   0.0000  -0.0034  -0.0505    0.265
    70   1.5912   3.6435   1.1542   0.8191   0.0984   0.2937   0.2242   0.0186   0.0000  -0.0026  -0.0512    0.261
    71   1.9146   3.5155   1.1831   0.8143   0.0920   0.3028   0.2311   0.0187   0.0000  -0.0019  -0.0522    0.258
    72   2.2558   3.3805   1.1921   0.8086   0.0864   0.3127   0.2387   0.0189   0.0000  -0.0014  -0.0534    0.256
    73   2.6109   3.2400   1.1821   0.8023   0.0818   0.3238   0.2471   0.0190   0.0000  -0.0009  -0.0548    0.254
    74   2.9762   3.0955   1.1548   0.7951   0.0784   0.3360   0.2564   0.0192   0.0000  -0.0004  -0.0564    0.252
    75   3.3476   2.9485   1.1122   0.7861   0.0760   0.3488   0.2662   0.0193   0.0000   0.0001  -0.0581    0.250
    76   3.7210   2.8008   1.0564   0.7751   0.0743   0.3622   0.2764   0.0194   0.0000   0.0006  -0.0599    0.248
    77   4.0924   2.6538   0.9900   0.7617   0.0732   0.3758   0.2868   0.0193   0.0000   0.0012  -0.0617    0.246
    78   4.4577   2.5093   0.9155   0.7454   0.0728   0.3890   0.2969   0.0192   0.0000   0.0019  -0.0633    0.244
    79   4.8128   2.3687   0.8353   0.7251   0.0729   0.4010   0.3060   0.0190   0.0000   0.0028  -0.0645    0.241
    80   5.1540   2.2338   0.7518   0.7002   0.0736   0.4108   0.3135   0.0186   0.0000   0.0038  -0.0652    0.238
    81   5.4774   2.1058   0.6671   0.6703   0.0751   0.4173   0.3185   0.0181   0.0000   0.0052  -0.0651    0.234
    82   5.7795   1.9862   0.5830   0.6345   0.0771   0.4189   0.3197   0.0171   0.0000   0.0069  -0.0639    0.228
    83   6.0570   1.8764   0.5012   0.5929   0.0798   0.4145   0.3163   0.0162   0.0000   0.0091  -0.0614    0.221
    84   6.3069   1.7776   0.4225   0.5441   0.0829   0.4017   0.3066   0.0149   0.0000   0.0117  -0.0571    0.212
    85   6.5264   1.6907   0.3478   0.4883   0.0861   0.3791   0.2894   0.0131   0.0000   0.0144  -0.0510    0.200
    86   6.7314   1.6096   0.3326   0.4219   0.0895   0.3442   0.2627   0.0110   0.0000   0.0171  -0.0430    0.185
    87   6.9144   1.5372   0.2507   0.3406   0.0927   0.2912   0.2222   0.0083   0.0000   0.0187  -0.0328    0.166
    88   7.0535   1.4822   0.1746   0.2503   0.0953   0.2221   0.1695   0.0053   0.0000   0.0177  -0.0221    0.145
    89   7.1471   1.4451   0.1029   0.1531   0.0971   0.1395   0.1064   0.0023   0.0000   0.0131  -0.0122    0.127
    90   7.1941   1.4265   0.0340   0.0516   0.0981   0.0478   0.0365  -0.0006   0.0000   0.0048  -0.0038    0.117

  Surface # 4     horizontal_stabilizer (YDUP)            
     # Chordwise = 10   # Spanwise = 30     First strip = 91
     Surface area =   20.744604       Ave. chord =    2.848572
     CLsurf  =   0.04124     Clsurf  =   0.00431
     CYsurf  =   0.00652     Cmsurf  =  -0.20181
     CDsurf  =   0.00309     Cnsurf  =  -0.00360
     CDisurf =   0.00309     CDvsurf =   0.00000

  Forces referred to Ssurf, Cave about hinge axis thru LE
     CLsurf  =   0.25129     CDsurf  =   0.01861
     Deflect =

 Strip Forces referred to Strip Area, Chord
    j      Yle    Chord     Area     c cl      ai      cl_norm  cl       cd       cdv    cm_c/4    cm_LE  C.P.x/c
    91  -0.0047   4.2713   0.0803   0.9566   0.1212   0.2795   0.2133   0.1001   0.0000  -0.0110   0.0579    0.302
    92  -0.0418   4.2566   0.2392   0.8416   0.1216   0.2569   0.1960   0.0257   0.0000  -0.0109   0.0523    0.306
    93  -0.1156   4.2274   0.3930   0.8331   0.1217   0.2568   0.1960   0.0209   0.0000  -0.0103   0.0516    0.303
    94  -0.2254   4.1839   0.5386   0.8307   0.1212   0.2589   0.1976   0.0197   0.0000  -0.0093   0.0511    0.297
    95  -0.3698   4.1268   0.6730   0.8304   0.1200   0.2625   0.2003   0.0193   0.0000  -0.0080   0.0506    0.290
    96  -0.5474   4.0565   0.7936   0.8294   0.1180   0.2668   0.2036   0.0191   0.0000  -0.0067   0.0502    0.283
    97  -0.7617   3.9717   0.9441   0.8282   0.1148   0.2722   0.2078   0.0189   0.0000  -0.0055   0.0501    0.276
    98  -1.0116   3.8728   1.0344   0.8254   0.1103   0.2783   0.2124   0.0186   0.0000  -0.0043   0.0501    0.270
    99  -1.2891   3.7630   1.1046   0.8228   0.1047   0.2856   0.2180   0.0186   0.0000  -0.0034   0.0505    0.265
   100  -1.5912   3.6435   1.1542   0.8191   0.0984   0.2937   0.2242   0.0186   0.0000  -0.0026   0.0512    0.261
   101  -1.9146   3.5155   1.1831   0.8143   0.0920   0.3028   0.2311   0.0187   0.0000  -0.0019   0.0522    0.258
   102  -2.2558   3.3805   1.1921   0.8086   0.0864   0.3127   0.2387   0.0189   0.0000  -0.0014   0.0534    0.256
   103  -2.6109   3.2400   1.1821   0.8023   0.0818   0.3238   0.2471   0.0190   0.0000  -0.0009   0.0548    0.254
   104  -2.9762   3.0955   1.1548   0.7951   0.0784   0.3360   0.2564   0.0192   0.0000  -0.0004   0.0564    0.252
   105  -3.3476   2.9485   1.1122   0.7861   0.0760   0.3488   0.2662   0.0193   0.0000   0.0001   0.0581    0.250
   106  -3.7210   2.8008   1.0564   0.7751   0.0743   0.3622   0.2764   0.0194   0.0000   0.0006   0.0599    0.248
   107  -4.0924   2.6538   0.9900   0.7617   0.0732   0.3758   0.2868   0.0193   0.0000   0.0012   0.0617    0.246
   108  -4.4577   2.5093   0.9155   0.7454   0.0728   0.3890   0.2969   0.0192   0.0000   0.0019   0.0633    0.244
   109  -4.8128   2.3687   0.8353   0.7251   0.0729   0.4010   0.3060   0.0190   0.0000   0.0028   0.0645    0.241
   110  -5.1540   2.2338   0.7518   0.7002   0.0736   0.4108   0.3135   0.0186   0.0000   0.0038   0.0652    0.238
   111  -5.4774   2.1058   0.6671   0.6703   0.0751   0.4173   0.3185   0.0181   0.0000   0.0052   0.0651    0.234
   112  -5.7795   1.9862   0.5830   0.6345   0.0771   0.4189   0.3197   0.0171   0.0000   0.0069   0.0639    0.228
   113  -6.0570   1.8764   0.5012   0.5929   0.0798   0.4145   0.3163   0.0162   0.0000   0.0091   0.0614    0.221
   114  -6.3069   1.7776   0.4225   0.5441   0.0829   0.4017   0.3066   0.0149   0.0000   0.0117   0.0571    0.212
   115  -6.5264   1.6907   0.3478   0.4883   0.0861   0.3791   0.2894   0.0131   0.0000   0.0144   0.0510    0.200
   116  -6.7314   1.6096   0.3326   0.4219   0.0895   0.3442   0.2627   0.0110   0.0000   0.0171   0.0430    0.185
   117  -6.9144   1.5372   0.2507   0.3406   0.0927   0.2912   0.2222   0.0083   0.0000   0.0187   0.0328    0.166
   118  -7.0535   1.4822   0.1746   0.2503   0.0953   0.2221   0.1695   0.0053   0.0000   0.0177   0.0221    0.145
   119  -7.1471   1.4451   0.1029   0.1531   0.0971   0.1395   0.1064   0.0023   0.0000   0.0131   0.0122    0.127
   120  -7.1941   1.4265   0.0340   0.0516   0.0981   0.0478   0.0365  -0.0006   0.0000   0.0048   0.0038    0.117

  Surface # 5     vertical_stabilizer                     
     # Chordwise = 10   # Spanwise = 30     First strip =121
     Surface area =   34.910358       Ave. chord =    4.190919
     CLsurf  =   0.00000     Clsurf  =   0.00000
     CYsurf  =   0.00000     Cmsurf  =  -0.00000
     CDsurf  =  -0.00000     Cnsurf  =  -0.00000
     CDisurf =  -0.00000     CDvsurf =   0.00000

  Forces referred to Ssurf, Cave about hinge axis thru LE
     CLsurf  =  -0.00000     CDsurf  =  -0.00000
     Deflect =

 Strip Forces referred to Strip Area, Chord
    j      Yle    Chord     Area     c cl      ai      cl_norm  cl       cd       cdv    cm_c/4    cm_LE  C.P.x/c
   121   0.0000  10.0347   0.6931  -0.0000  -0.0000  -0.0000  -0.0000   0.0000   0.0000   0.0000   0.0000    0.321
   122   0.0000   9.8296   1.1101  -0.0000  -0.0000  -0.0000  -0.0000   0.0000   0.0000   0.0000   0.0000    0.321
   123   0.0000   9.5266   1.4857  -0.0000  -0.0000  -0.0000  -0.0000   0.0000   0.0000   0.0000   0.0000    0.323
   124   0.0000   9.1281   1.8040  -0.0000   0.0000  -0.0000  -0.0000   0.0000   0.0000   0.0000   0.0000    0.335
   125   0.0000   8.6377   2.0517  -0.0000   0.0000  -0.0000  -0.0000   0.0000   0.0000   0.0000   0.0000    0.334
   126   0.0000   8.0598   2.2181  -0.0000   0.0000  -0.0000  -0.0000   0.0000   0.0000   0.0000   0.0000    0.335
   127   0.0000   7.4000   2.2957  -0.0000   0.0000  -0.0000  -0.0000   0.0000   0.0000   0.0000   0.0000    0.342
   128   0.0000   6.6646   2.2808  -0.0000  -0.0000  -0.0000  -0.0000   0.0000   0.0000   0.0000   0.0000    0.332
   129   0.0000   5.8609   2.1733  -0.0000   0.0000  -0.0000  -0.0000  -0.0000   0.0000   0.0000   0.0000    0.313
   130   0.0000   4.9969   1.9773  -0.0000  -0.0000  -0.0000  -0.0000  -0.0000   0.0000   0.0000   0.0000    0.278
   131   0.0000   4.4389   1.6667  -0.0000   0.0000  -0.0000  -0.0000  -0.0000   0.0000  -0.0000   0.0000    0.248
   132   0.0000   4.2198   1.6478  -0.0000   0.0000  -0.0000  -0.0000  -0.0000   0.0000  -0.0000   0.0000    0.247
   133   0.0000   3.9932   1.6033  -0.0000   0.0000  -0.0000  -0.0000  -0.0000   0.0000  -0.0000   0.0000    0.247
   134   0.0000   3.7615   1.5362  -0.0000   0.0000  -0.0000  -0.0000  -0.0000   0.0000  -0.0000   0.0000    0.234
   135   0.0000   3.5271   1.4499  -0.0000   0.0000  -0.0000  -0.0000  -0.0000   0.0000  -0.0000   0.0000    0.236
   136   0.0000   3.2923   1.3482  -0.0000   0.0000  -0.0000  -0.0000  -0.0000   0.0000  -0.0000   0.0000    0.238
   137   0.0000   3.0597   1.2352  -0.0000   0.0000  -0.0000  -0.0000  -0.0000   0.0000  -0.0000   0.0000    0.230
   138   0.0000   2.8315   1.1147  -0.0000   0.0000  -0.0000  -0.0000  -0.0000   0.0000  -0.0000   0.0000    0.232
   139   0.0000   2.6103   0.9908  -0.0000   0.0000  -0.0000  -0.0000  -0.0000   0.0000  -0.0000   0.0000    0.231
   140   0.0000   2.3983   0.8670  -0.0000   0.0000  -0.0000  -0.0000  -0.0000   0.0000  -0.0000   0.0000    0.230
   141   0.0000   2.1977   0.7464  -0.0000   0.0000  -0.0000  -0.0000  -0.0000   0.0000  -0.0000   0.0000    0.227
   142   0.0000   2.0106   0.6318  -0.0000   0.0000  -0.0000  -0.0000  -0.0000   0.0000  -0.0000   0.0000    0.223
   143   0.0000   1.8390   0.5251  -0.0000   0.0000  -0.0000  -0.0000  -0.0000   0.0000  -0.0000   0.0000    0.224
   144   0.0000   1.6847   0.4276  -0.0000   0.0000  -0.0000  -0.0000  -0.0000   0.0000  -0.0000   0.0000    0.213
   145   0.0000   1.5493   0.3400  -0.0000   0.0000  -0.0000  -0.0000  -0.0000   0.0000  -0.0000   0.0000    0.200
   146   0.0000   1.4342   0.2622  -0.0000   0.0000  -0.0000  -0.0000  -0.0000   0.0000  -0.0000   0.0000    0.183
   147   0.0000   1.3407   0.1933  -0.0000   0.0000  -0.0000  -0.0000  -0.0000   0.0000  -0.0000   0.0000    0.165
   148   0.0000   1.2696   0.1322  -0.0000   0.0000  -0.0000  -0.0000  -0.0000   0.0000  -0.0000   0.0000    0.144
   149   0.0000   1.2218   0.0769  -0.0000   0.0000  -0.0000  -0.0000  -0.0000   0.0000  -0.0000   0.0000    0.124
   150   0.0000   1.1978   0.0252  -0.0000   0.0000  -0.0000  -0.0000  -0.0000   0.0000  -0.0000   0.0000    0.112

  Surface # 6     fuselage_horizontal                     
     # Chordwise = 10   # Spanwise = 10     First strip =151
     Surface area =  123.841202       Ave. chord =   33.112617
     CLsurf  =   0.01087     Clsurf  =   0.00000
     CYsurf  =   0.00000     Cmsurf  =   0.06682
     CDsurf  =  -0.00025     Cnsurf  =  -0.00000
     CDisurf =  -0.00025     CDvsurf =   0.00000

  Forces referred to Ssurf, Cave about hinge axis thru LE
     CLsurf  =   0.01096     CDsurf  =  -0.00025
     Deflect =

 Strip Forces referred to Strip Area, Chord
    j      Yle    Chord     Area     c cl      ai      cl_norm  cl       cd       cdv    cm_c/4    cm_LE  C.P.x/c
   151  -1.6830  26.5957   9.9468   0.2469   0.1784   0.1046   0.0097  -0.0030   0.0000   0.0048   0.0003   -0.242
   152  -1.3090  31.2096  11.6724   0.3494   0.1913   0.0426   0.0114  -0.0010   0.0000   0.0059   0.0008   -0.272
   153  -0.9350  34.0626  12.7394   0.3839   0.1772   0.0272   0.0114  -0.0002   0.0000   0.0071   0.0014   -0.373
   154  -0.5610  36.1619  13.5246   0.4029   0.1723   0.0186   0.0112   0.0005   0.0000   0.0076   0.0022   -0.433
   155  -0.1870  37.5332  14.0374   0.4135   0.1724   0.0126   0.0109   0.0016   0.0000   0.0078   0.0035   -0.461
   156   0.1870  37.5332  14.0374   0.4135   0.1724   0.0126   0.0109   0.0016   0.0000   0.0078   0.0035   -0.461
   157   0.5610  36.1619  13.5246   0.4029   0.1723   0.0186   0.0112   0.0005   0.0000   0.0076   0.0022   -0.433
   158   0.9350  34.0626  12.7394   0.3839   0.1772   0.0272   0.0114  -0.0002   0.0000   0.0071   0.0014   -0.373
   159   1.3090  31.2096  11.6724   0.3494   0.1913   0.0426   0.0114  -0.0010   0.0000   0.0059   0.0008   -0.272
   160   1.6830  26.5957   9.9468   0.2469   0.1784   0.1046   0.0097  -0.0030   0.0000   0.0048   0.0003   -0.242

  Surface # 7     fuselage_vertical                       
     # Chordwise = 10   # Spanwise = 10     First strip =161
     Surface area =  123.841202       Ave. chord =   33.112617
     CLsurf  =   0.00000     Clsurf  =  -0.00000
     CYsurf  =   0.00000     Cmsurf  =   0.00000
     CDsurf  =   0.00000     Cnsurf  =  -0.00000
     CDisurf =   0.00000     CDvsurf =   0.00000

  Forces referred to Ssurf, Cave about hinge axis thru LE
     CLsurf  =  -0.00000     CDsurf  =   0.00000
     Deflect =

 Strip Forces referred to Strip Area, Chord
    j      Yle    Chord     Area     c cl      ai      cl_norm  cl       cd       cdv    cm_c/4    cm_LE  C.P.x/c
   161   0.0000  26.5957   9.9468  -0.0000  -0.0000  -0.0000  -0.0000  -0.0000   0.0000   0.0000   0.0000
   162   0.0000  31.2096  11.6724  -0.0000  -0.0000  -0.0000  -0.0000  -0.0000   0.0000  -0.0000  -0.0000   -0.590
   163   0.0000  34.0626  12.7394  -0.0000   0.0000  -0.0000  -0.0000   0.0000   0.0000  -0.0000  -0.0000   -0.113
   164   0.0000  36.1619  13.5246  -0.0000   0.0000  -0.0000  -0.0000   0.0000   0.0000  -0.0000  -0.0000    0.080
   165   0.0000  37.5332  14.0374  -0.0000   0.0000  -0.0000  -0.0000   0.0000   0.0000  -0.0000   0.0000    0.245
   166   0.0000  37.5332  14.0374  -0.0000  -0.0000  -0.0000  -0.0000   0.0000   0.0000   0.0000   0.0000    0.509
   167   0.0000  36.1619  13.5246  -0.0000  -0.0000  -0.0000  -0.0000   0.0000   0.0000   0.0000   0.0000    0.577
   168   0.0000  34.0626  12.7394  -0.0000   0.0000  -0.0000  -0.0000  -0.0000   0.0000   0.0000   0.0000    0.621
   169   0.0000  31.2096  11.6724  -0.0000   0.0000  -0.0000  -0.0000   0.0000   0.0000   0.0000   0.0000    0.663
   170   0.0000  26.5957   9.9468  -0.0000   0.0000  -0.0000  -0.0000   0.0000   0.0000   0.0000   0.0000    0.740
 ---------------------------------------------------------------
