 ---------------------------------------------------------------
 Surface and Strip Forces by surface

  Forces referred to Sref, Cref, Bref about Xref, Yref, Zref
 Standard axis orientation,  X fwd, Z down         

  Surface # 1     main_wing                               
     # Chordwise = 10   # Spanwise = 30     First strip =  1
     Surface area =   63.793327       Ave. chord =    3.717556
     CLsurf  =  -2.51262     Clsurf  =   0.55034
     CYsurf  =   0.08985     Cmsurf  =   0.32635
     CDsurf  =   0.28464     Cnsurf  =   0.11918
     CDisurf =   0.28464     CDvsurf =   0.00000

  Forces referred to Ssurf, Cave about hinge axis thru LE
     CLsurf  =  -4.91813     CDsurf  =   0.55712
     Deflect =

 Strip Forces referred to Strip Area, Chord
    j      Yle    Chord     Area     c cl      ai      cl_norm  cl       cd       cdv    cm_c/4    cm_LE  C.P.x/c
     1   0.0123   7.7514   0.3815 -20.8832  -0.7931  -2.6944  -2.6941 -61.0510   0.0000   1.0047   1.6508    0.623
     2   0.1106   7.6828   1.1303 -23.1193  -0.7191  -3.0095  -3.0092  -5.6292   0.0000   1.0767   1.7991    0.608
     3   0.3062   7.5463   1.8369 -23.2402  -0.5997  -3.0799  -3.0797  -1.2655   0.0000   1.0718   1.8116    0.598
     4   0.5968   7.3435   2.4751 -22.9445  -0.4391  -3.1247  -3.1245  -0.1808   0.0000   1.0182   1.7699    0.576
     5   0.9793   7.0766   3.0215 -21.1880  -0.2376  -2.9944  -2.9941   1.3328   0.0000   0.8657   1.5878    0.539
     6   1.4496   6.7484   3.4567 -21.3955  -0.0028  -3.1707  -3.1705   0.5922   0.0000   0.7034   1.4716    0.472
     7   1.9610   6.3915   3.2367 -20.6611   0.1067  -3.2329  -3.2326   0.8882   0.0000   0.4823   1.2693    0.399
     8   2.4995   6.0157   3.4229 -20.8797   0.0510  -3.4712  -3.4709   0.6488   0.0000   0.3616   1.2092    0.354
     9   3.0975   5.5984   3.5010 -20.7490  -0.0219  -3.7066  -3.7062   0.8864   0.0000   0.2533   1.1606    0.318
    10   3.7485   5.1441   3.4716 -21.3008  -0.1094  -4.1412  -4.1408   0.7266   0.0000   0.1702   1.1857    0.291
    11   4.4453   4.6578   3.3395 -21.1872  -0.2072  -4.5492  -4.5488   1.0970   0.0000   0.0769   1.1942    0.267
    12   5.1804   4.1448   3.1137 -21.5937  -0.3092  -5.2103  -5.2099   1.6147   0.0000   0.0245   1.3053    0.255
    13   6.0123   3.7903   3.4546 -21.7933  -0.4050  -5.7501  -5.7497   1.6682   0.0000  -0.0181   1.4170    0.247
    14   6.9353   3.6074   3.3620 -21.6718  -0.4412  -6.0079  -6.0075   1.5523   0.0000  -0.0243   1.4752    0.246
    15   7.8737   3.4215   3.2240 -21.2506  -0.4491  -6.2113  -6.2109   1.4510   0.0000  -0.0226   1.5277    0.246
    16   8.8173   3.2345   3.0478 -20.6084  -0.4370  -6.3718  -6.3714   1.3676   0.0000  -0.0195   1.5707    0.247
    17   9.7557   3.0486   2.8411 -19.7988  -0.4165  -6.4948  -6.4944   1.2963   0.0000  -0.0169   1.6041    0.247
    18  10.6786   2.8657   2.6118 -18.8620  -0.3961  -6.5824  -6.5820   1.2366   0.0000  -0.0153   1.6275    0.248
    19  11.5760   2.6879   2.3677 -17.8307  -0.3813  -6.6342  -6.6337   1.1953   0.0000  -0.0150   1.6407    0.248
    20  12.4467   2.5153   2.1582 -16.7186  -0.3735  -6.6471  -6.6467   1.1708   0.0000  -0.0165   1.6425    0.248
    21  13.2645   2.3533   1.8259 -15.5533  -0.3759  -6.6096  -6.6092   1.1694   0.0000  -0.0202   1.6295    0.247
    22  14.0130   2.2050   1.5853 -14.3473  -0.3905  -6.5072  -6.5068   1.1946   0.0000  -0.0267   1.5974    0.246
    23  14.7005   2.0687   1.3533 -13.0756  -0.4195  -6.3209  -6.3205   1.2478   0.0000  -0.0372   1.5405    0.244
    24  15.3195   1.9461   1.1330 -11.7144  -0.4660  -6.0198  -6.0195   1.3233   0.0000  -0.0533   1.4492    0.241
    25  15.8633   1.8383   0.9263 -10.2124  -0.5314  -5.5556  -5.5552   1.4171   0.0000  -0.0752   1.3115    0.236
    26  16.3259   1.7467   0.7336  -8.5232  -0.6156  -4.8800  -4.8797   1.5374   0.0000  -0.1015   1.1166    0.229
    27  16.6722   1.4928   0.4112  -6.6108  -0.5818  -4.4301  -4.4285   1.2511   0.0000  -0.1355   0.9078    0.219
    28  16.9098   1.1466   0.2281  -4.7109  -0.5042  -4.1100  -4.1085   0.7376   0.0000  -0.1728   0.7982    0.208
    29  17.0696   0.9137   0.1099  -2.8259  -0.4802  -3.0939  -3.0927   0.3751   0.0000  -0.1771   0.5569    0.193
    30  17.1499   0.7966   0.0321  -0.9439  -0.4919  -1.1853  -1.1849   0.0720   0.0000  -0.0862   0.1962    0.177

  Surface # 2     main_wing (YDUP)                        
     # Chordwise = 10   # Spanwise = 30     First strip = 31
     Surface area =   63.793327       Ave. chord =    3.717556
     CLsurf  =  -2.51260     Clsurf  =  -0.55033
     CYsurf  =  -0.08985     Cmsurf  =   0.32635
     CDsurf  =   0.28462     Cnsurf  =  -0.11918
     CDisurf =   0.28462     CDvsurf =   0.00000

  Forces referred to Ssurf, Cave about hinge axis thru LE
     CLsurf  =  -4.91809     CDsurf  =   0.55708
     Deflect =

 Strip Forces referred to Strip Area, Chord
    j      Yle    Chord     Area     c cl      ai      cl_norm  cl       cd       cdv    cm_c/4    cm_LE  C.P.x/c
    31  -0.0123   7.7514   0.3815 -20.8832  -0.7922  -2.6944  -2.6941 -61.0519   0.0000   1.0047  -1.6508    0.623
    32  -0.1106   7.6828   1.1303 -23.1192  -0.7189  -3.0095  -3.0092  -5.6295   0.0000   1.0767  -1.7991    0.608
    33  -0.3062   7.5463   1.8369 -23.2401  -0.5998  -3.0799  -3.0797  -1.2654   0.0000   1.0718  -1.8116    0.598
    34  -0.5968   7.3435   2.4751 -22.9444  -0.4390  -3.1247  -3.1244  -0.1809   0.0000   1.0182  -1.7699    0.576
    35  -0.9793   7.0766   3.0215 -21.1878  -0.2376  -2.9944  -2.9941   1.3328   0.0000   0.8657  -1.5878    0.539
    36  -1.4496   6.7484   3.4567 -21.3954  -0.0028  -3.1707  -3.1704   0.5922   0.0000   0.7034  -1.4716    0.472
    37  -1.9610   6.3915   3.2367 -20.6610   0.1067  -3.2329  -3.2326   0.8881   0.0000   0.4822  -1.2693    0.399
    38  -2.4995   6.0157   3.4229 -20.8795   0.0511  -3.4711  -3.4708   0.6488   0.0000   0.3616  -1.2092    0.354
    39  -3.0975   5.5984   3.5010 -20.7489  -0.0219  -3.7065  -3.7062   0.8864   0.0000   0.2533  -1.1606    0.318
    40  -3.7485   5.1441   3.4716 -21.3006  -0.1094  -4.1412  -4.1408   0.7266   0.0000   0.1702  -1.1857    0.291
    41  -4.4453   4.6578   3.3395 -21.1871  -0.2072  -4.5492  -4.5488   1.0970   0.0000   0.0769  -1.1942    0.267
    42  -5.1804   4.1448   3.1137 -21.5935  -0.3092  -5.2103  -5.2098   1.6147   0.0000   0.0245  -1.3053    0.255
    43  -6.0123   3.7903   3.4546 -21.7931  -0.4050  -5.7500  -5.7497   1.6682   0.0000  -0.0181  -1.4170    0.247
    44  -6.9353   3.6074   3.3620 -21.6717  -0.4411  -6.0078  -6.0075   1.5522   0.0000  -0.0243  -1.4752    0.246
    45  -7.8737   3.4215   3.2240 -21.2504  -0.4491  -6.2112  -6.2108   1.4510   0.0000  -0.0226  -1.5276    0.246
    46  -8.8173   3.2345   3.0478 -20.6082  -0.4370  -6.3717  -6.3713   1.3675   0.0000  -0.0195  -1.5707    0.247
    47  -9.7557   3.0486   2.8411 -19.7987  -0.4165  -6.4948  -6.4944   1.2963   0.0000  -0.0169  -1.6041    0.247
    48 -10.6786   2.8657   2.6118 -18.8618  -0.3961  -6.5823  -6.5819   1.2365   0.0000  -0.0153  -1.6275    0.248
    49 -11.5760   2.6879   2.3677 -17.8305  -0.3813  -6.6341  -6.6337   1.1953   0.0000  -0.0150  -1.6407    0.248
    50 -12.4467   2.5153   2.1582 -16.7185  -0.3735  -6.6470  -6.6466   1.1708   0.0000  -0.0165  -1.6424    0.248
    51 -13.2645   2.3533   1.8259 -15.5531  -0.3759  -6.6095  -6.6091   1.1693   0.0000  -0.0202  -1.6294    0.247
    52 -14.0130   2.2050   1.5853 -14.3471  -0.3904  -6.5071  -6.5067   1.1945   0.0000  -0.0267  -1.5974    0.246
    53 -14.7005   2.0687   1.3533 -13.0754  -0.4195  -6.3209  -6.3205   1.2478   0.0000  -0.0372  -1.5404    0.244
    54 -15.3195   1.9461   1.1330 -11.7142  -0.4660  -6.0198  -6.0194   1.3233   0.0000  -0.0533  -1.4492    0.241
    55 -15.8633   1.8383   0.9263 -10.2123  -0.5314  -5.5555  -5.5552   1.4170   0.0000  -0.0752  -1.3115    0.236
    56 -16.3259   1.7467   0.7336  -8.5231  -0.6156  -4.8799  -4.8796   1.5373   0.0000  -0.1015  -1.1166    0.229
    57 -16.6722   1.4928   0.4112  -6.6107  -0.5818  -4.4301  -4.4284   1.2511   0.0000  -0.1355  -0.9078    0.219
    58 -16.9098   1.1466   0.2281  -4.7109  -0.5042  -4.1100  -4.1084   0.7375   0.0000  -0.1728  -0.7982    0.208
    59 -17.0696   0.9137   0.1099  -2.8259  -0.4802  -3.0938  -3.0927   0.3751   0.0000  -0.1771  -0.5569    0.193
    60 -17.1499   0.7966   0.0321  -0.9439  -0.4919  -1.1853  -1.1849   0.0720   0.0000  -0.0862  -0.1962    0.177

  Surface # 3     horizontal_stabilizer                   
     # Chordwise = 10   # Spanwise = 30     First strip = 61
     Surface area =   20.071465       Ave. chord =    2.826957
     CLsurf  =   0.16040     Clsurf  =  -0.01430
     CYsurf  =   0.00345     Cmsurf  =  -0.71934
     CDsurf  =  -0.03070     Cnsurf  =  -0.00498
     CDisurf =  -0.03070     CDvsurf =   0.00000

  Forces referred to Ssurf, Cave about hinge axis thru LE
     CLsurf  =   0.99779     CDsurf  =  -0.19100
     Deflect =

 Strip Forces referred to Strip Area, Chord
    j      Yle    Chord     Area     c cl      ai      cl_norm  cl       cd       cdv    cm_c/4    cm_LE  C.P.x/c
    61   0.0046   4.6976   0.0861   3.4999  -0.1032   0.7452   0.7450   0.0917   0.0000   0.0105  -0.1740    0.236
    62   0.0412   4.6783   0.2563   3.4634  -0.1049   0.7404   0.7403  -0.0785   0.0000   0.0100  -0.1733    0.237
    63   0.1140   4.6399   0.4206   3.4584  -0.1072   0.7455   0.7454  -0.0901   0.0000   0.0102  -0.1743    0.236
    64   0.2222   4.5828   0.5752   3.4551  -0.1089   0.7540   0.7539  -0.0973   0.0000   0.0107  -0.1760    0.236
    65   0.3647   4.5076   0.7167   3.4490  -0.1095   0.7653   0.7651  -0.1020   0.0000   0.0111  -0.1784    0.235
    66   0.5398   4.4152   0.8422   3.4405  -0.1084   0.7794   0.7792  -0.1080   0.0000   0.0116  -0.1814    0.235
    67   0.7511   4.3037   0.9974   3.4288  -0.1054   0.7968   0.7967  -0.1144   0.0000   0.0121  -0.1851    0.235
    68   0.9975   4.1737   1.0868   3.4102  -0.1012   0.8172   0.8171  -0.1207   0.0000   0.0126  -0.1897    0.235
    69   1.2712   4.0293   1.1531   3.3890  -0.0984   0.8412   0.8411  -0.1284   0.0000   0.0132  -0.1951    0.234
    70   1.5691   3.8721   1.1959   3.3640  -0.1006   0.8689   0.8688  -0.1338   0.0000   0.0138  -0.2013    0.234
    71   1.8880   3.7039   1.2153   3.3329  -0.1088   0.9000   0.8998  -0.1453   0.0000   0.0144  -0.2084    0.234
    72   2.2244   3.5264   1.2123   3.2945  -0.1181   0.9344   0.9342  -0.1619   0.0000   0.0150  -0.2163    0.234
    73   2.5747   3.3416   1.1886   3.2562  -0.1227   0.9746   0.9744  -0.1640   0.0000   0.0160  -0.2253    0.234
    74   2.9349   3.1516   1.1463   3.2054  -0.1226   1.0172   1.0171  -0.1847   0.0000   0.0169  -0.2350    0.233
    75   3.3011   2.9584   1.0879   3.1467  -0.1206   1.0638   1.0636  -0.2044   0.0000   0.0179  -0.2455    0.233
    76   3.6693   2.7641   1.0165   3.0802  -0.1187   1.1145   1.1144  -0.2160   0.0000   0.0192  -0.2568    0.233
    77   4.0356   2.5709   0.9351   2.9955  -0.1179   1.1653   1.1652  -0.2432   0.0000   0.0202  -0.2683    0.233
    78   4.3958   2.3808   0.8469   2.8899  -0.1182   1.2140   1.2138  -0.2916   0.0000   0.0211  -0.2795    0.233
    79   4.7460   2.1961   0.7550   2.7786  -0.1197   1.2655   1.2653  -0.3017   0.0000   0.0226  -0.2907    0.232
    80   5.0824   2.0186   0.6623   2.6394  -0.1221   1.3078   1.3076  -0.3169   0.0000   0.0237  -0.3001    0.232
    81   5.4013   1.8503   0.5714   2.4807  -0.1249   1.3409   1.3407  -0.3357   0.0000   0.0248  -0.3072    0.231
    82   5.6992   1.6931   0.4845   2.3041  -0.1275   1.3611   1.3608  -0.3538   0.0000   0.0263  -0.3107    0.231
    83   5.9729   1.5487   0.4033   2.1071  -0.1292   1.3607   1.3605  -0.3689   0.0000   0.0281  -0.3089    0.229
    84   6.2193   1.4187   0.3288   1.8972  -0.1291   1.3375   1.3373  -0.3581   0.0000   0.0308  -0.3005    0.227
    85   6.4358   1.3045   0.2616   1.6715  -0.1265   1.2815   1.2813  -0.3564   0.0000   0.0340  -0.2834    0.223
    86   6.6379   1.1979   0.2413   1.4235  -0.1208   1.1885   1.1883  -0.3097   0.0000   0.0384  -0.2561    0.218
    87   6.8184   1.1027   0.1754   1.1366  -0.1119   1.0310   1.0308  -0.2671   0.0000   0.0420  -0.2135    0.209
    88   6.9555   1.0303   0.1183   0.8302  -0.1011   0.8059   0.8058  -0.1931   0.0000   0.0419  -0.1580    0.198
    89   7.0478   0.9816   0.0681   0.5063  -0.0903   0.5158   0.5157  -0.1220   0.0000   0.0330  -0.0950    0.186
    90   7.0942   0.9572   0.0222   0.1702  -0.0821   0.1778   0.1778  -0.0394   0.0000   0.0130  -0.0312    0.177

  Surface # 4     horizontal_stabilizer (YDUP)            
     # Chordwise = 10   # Spanwise = 30     First strip = 91
     Surface area =   20.071465       Ave. chord =    2.826957
     CLsurf  =   0.16040     Clsurf  =   0.01430
     CYsurf  =  -0.00345     Cmsurf  =  -0.71933
     CDsurf  =  -0.03070     Cnsurf  =   0.00498
     CDisurf =  -0.03070     CDvsurf =   0.00000

  Forces referred to Ssurf, Cave about hinge axis thru LE
     CLsurf  =   0.99777     CDsurf  =  -0.19100
     Deflect =

 Strip Forces referred to Strip Area, Chord
    j      Yle    Chord     Area     c cl      ai      cl_norm  cl       cd       cdv    cm_c/4    cm_LE  C.P.x/c
    91  -0.0046   4.6976   0.0861   3.4999  -0.1032   0.7452   0.7450   0.0917   0.0000   0.0105   0.1740    0.236
    92  -0.0412   4.6783   0.2563   3.4634  -0.1049   0.7404   0.7403  -0.0785   0.0000   0.0100   0.1733    0.237
    93  -0.1140   4.6399   0.4206   3.4584  -0.1072   0.7455   0.7454  -0.0902   0.0000   0.0102   0.1743    0.236
    94  -0.2222   4.5828   0.5752   3.4550  -0.1089   0.7540   0.7539  -0.0973   0.0000   0.0107   0.1760    0.236
    95  -0.3647   4.5076   0.7167   3.4490  -0.1095   0.7653   0.7651  -0.1020   0.0000   0.0111   0.1784    0.235
    96  -0.5398   4.4152   0.8422   3.4405  -0.1084   0.7794   0.7792  -0.1080   0.0000   0.0116   0.1814    0.235
    97  -0.7511   4.3037   0.9974   3.4288  -0.1054   0.7968   0.7967  -0.1144   0.0000   0.0121   0.1851    0.235
    98  -0.9975   4.1737   1.0868   3.4102  -0.1012   0.8172   0.8171  -0.1207   0.0000   0.0126   0.1897    0.235
    99  -1.2712   4.0293   1.1531   3.3890  -0.0984   0.8412   0.8411  -0.1284   0.0000   0.0132   0.1951    0.234
   100  -1.5691   3.8721   1.1959   3.3640  -0.1006   0.8689   0.8688  -0.1338   0.0000   0.0138   0.2013    0.234
   101  -1.8880   3.7039   1.2153   3.3328  -0.1088   0.9000   0.8998  -0.1453   0.0000   0.0144   0.2084    0.234
   102  -2.2244   3.5264   1.2123   3.2944  -0.1181   0.9344   0.9342  -0.1619   0.0000   0.0150   0.2163    0.234
   103  -2.5747   3.3416   1.1886   3.2561  -0.1227   0.9746   0.9744  -0.1640   0.0000   0.0160   0.2253    0.234
   104  -2.9349   3.1516   1.1463   3.2053  -0.1226   1.0172   1.0171  -0.1847   0.0000   0.0169   0.2350    0.233
   105  -3.3011   2.9584   1.0879   3.1466  -0.1206   1.0638   1.0636  -0.2044   0.0000   0.0179   0.2455    0.233
   106  -3.6693   2.7641   1.0165   3.0801  -0.1187   1.1145   1.1143  -0.2160   0.0000   0.0192   0.2568    0.233
   107  -4.0356   2.5709   0.9351   2.9954  -0.1179   1.1653   1.1651  -0.2431   0.0000   0.0202   0.2683    0.233
   108  -4.3958   2.3808   0.8469   2.8898  -0.1182   1.2140   1.2138  -0.2916   0.0000   0.0211   0.2795    0.233
   109  -4.7460   2.1961   0.7550   2.7785  -0.1197   1.2654   1.2652  -0.3017   0.0000   0.0226   0.2907    0.232
   110  -5.0824   2.0186   0.6623   2.6394  -0.1221   1.3077   1.3075  -0.3169   0.0000   0.0237   0.3001    0.232
   111  -5.4013   1.8503   0.5714   2.4806  -0.1249   1.3408   1.3406  -0.3357   0.0000   0.0248   0.3072    0.231
   112  -5.6992   1.6931   0.4845   2.3040  -0.1275   1.3610   1.3608  -0.3538   0.0000   0.0263   0.3107    0.231
   113  -5.9729   1.5487   0.4033   2.1070  -0.1292   1.3607   1.3605  -0.3689   0.0000   0.0281   0.3088    0.229
   114  -6.2193   1.4187   0.3288   1.8972  -0.1291   1.3374   1.3372  -0.3581   0.0000   0.0308   0.3004    0.227
   115  -6.4358   1.3045   0.2616   1.6714  -0.1265   1.2814   1.2812  -0.3564   0.0000   0.0340   0.2834    0.223
   116  -6.6379   1.1979   0.2413   1.4234  -0.1208   1.1884   1.1883  -0.3097   0.0000   0.0384   0.2561    0.218
   117  -6.8184   1.1027   0.1754   1.1366  -0.1119   1.0309   1.0308  -0.2671   0.0000   0.0420   0.2135    0.209
   118  -6.9555   1.0303   0.1183   0.8302  -0.1011   0.8059   0.8058  -0.1931   0.0000   0.0419   0.1580    0.198
   119  -7.0478   0.9816   0.0681   0.5062  -0.0903   0.5158   0.5157  -0.1220   0.0000   0.0330   0.0950    0.186
   120  -7.0942   0.9572   0.0222   0.1702  -0.0821   0.1778   0.1778  -0.0394   0.0000   0.0130   0.0312    0.177

  Surface # 5     vertical_stabilizer                     
     # Chordwise = 10   # Spanwise = 30     First strip =121
     Surface area =   27.880133       Ave. chord =    3.584947
     CLsurf  =   0.00000     Clsurf  =  -0.00000
     CYsurf  =  -0.00000     Cmsurf  =  -0.00000
     CDsurf  =  -0.00000     Cnsurf  =   0.00000
     CDisurf =  -0.00000     CDvsurf =   0.00000

  Forces referred to Ssurf, Cave about hinge axis thru LE
     CLsurf  =   0.00000     CDsurf  =  -0.00000
     Deflect =

 Strip Forces referred to Strip Area, Chord
    j      Yle    Chord     Area     c cl      ai      cl_norm  cl       cd       cdv    cm_c/4    cm_LE  C.P.x/c
   121   0.0000   8.1257   0.4979   0.0000  -0.0000   0.0000   0.0000  -0.0000   0.0000   0.0000   0.0000   -0.290
   122   0.0000   7.9240   0.7939   0.0000   0.0000   0.0000   0.0000  -0.0000   0.0000   0.0000   0.0000   -0.321
   123   0.0000   7.6259   1.0550   0.0000   0.0000   0.0000   0.0000  -0.0000   0.0000   0.0000   0.0000   -0.399
   124   0.0000   7.2338   1.2682   0.0000  -0.0000   0.0000   0.0000  -0.0000   0.0000   0.0000   0.0000   -0.351
   125   0.0000   6.7513   1.4226   0.0000  -0.0000   0.0000   0.0000  -0.0000   0.0000   0.0000   0.0000   -0.270
   126   0.0000   6.1827   1.5094   0.0000  -0.0000   0.0000   0.0000  -0.0000   0.0000   0.0000   0.0000   -0.227
   127   0.0000   5.5336   1.5228   0.0000  -0.0000   0.0000   0.0000  -0.0000   0.0000   0.0000   0.0000   -0.132
   128   0.0000   4.8100   1.4602   0.0000  -0.0000   0.0000   0.0000  -0.0000   0.0000   0.0000   0.0000   -0.048
   129   0.0000   4.3478   1.3898   0.0000  -0.0000   0.0000   0.0000  -0.0000   0.0000   0.0000  -0.0000    0.037
   130   0.0000   4.1900   1.4293   0.0000  -0.0000   0.0000   0.0000  -0.0000   0.0000   0.0000  -0.0000    0.075
   131   0.0000   4.0228   1.4447   0.0000  -0.0000   0.0000   0.0000  -0.0000   0.0000   0.0000  -0.0000    0.118
   132   0.0000   3.8479   1.4371   0.0000  -0.0000   0.0000   0.0000  -0.0000   0.0000   0.0000  -0.0000    0.151
   133   0.0000   3.6670   1.4082   0.0000  -0.0000   0.0000   0.0000  -0.0000   0.0000   0.0000  -0.0000    0.165
   134   0.0000   3.4821   1.3602   0.0000  -0.0000   0.0000   0.0000  -0.0000   0.0000   0.0000  -0.0000    0.184
   135   0.0000   3.2949   1.2955   0.0000  -0.0000   0.0000   0.0000  -0.0000   0.0000   0.0000  -0.0000    0.200
   136   0.0000   3.1075   1.2172   0.0000  -0.0000   0.0000   0.0000  -0.0000   0.0000   0.0000  -0.0000    0.204
   137   0.0000   2.9218   1.1282   0.0000  -0.0000   0.0000   0.0000  -0.0000   0.0000   0.0000  -0.0000    0.211
   138   0.0000   2.7397   1.0316   0.0000  -0.0000   0.0000   0.0000  -0.0000   0.0000   0.0000  -0.0000    0.223
   139   0.0000   2.5631   0.9305   0.0000  -0.0000   0.0000   0.0000  -0.0000   0.0000   0.0000  -0.0000    0.227
   140   0.0000   2.3939   0.8277   0.0000  -0.0000   0.0000   0.0000  -0.0000   0.0000   0.0000  -0.0000    0.232
   141   0.0000   2.2338   0.7257   0.0000  -0.0000   0.0000   0.0000  -0.0000   0.0000   0.0000  -0.0000    0.229
   142   0.0000   2.0845   0.6265   0.0000  -0.0000   0.0000   0.0000  -0.0000   0.0000   0.0000  -0.0000    0.233
   143   0.0000   1.9475   0.5319   0.0000  -0.0000   0.0000   0.0000  -0.0000   0.0000   0.0000  -0.0000    0.229
   144   0.0000   1.8243   0.4429   0.0000  -0.0000   0.0000   0.0000  -0.0000   0.0000   0.0000  -0.0000    0.231
   145   0.0000   1.7162   0.3603   0.0000  -0.0000   0.0000   0.0000  -0.0000   0.0000   0.0000  -0.0000    0.225
   146   0.0000   1.6244   0.2840   0.0000  -0.0000   0.0000   0.0000  -0.0000   0.0000   0.0000  -0.0000    0.215
   147   0.0000   1.5497   0.2138   0.0000  -0.0000   0.0000   0.0000  -0.0000   0.0000   0.0000  -0.0000    0.205
   148   0.0000   1.4930   0.1487   0.0000  -0.0000   0.0000   0.0000  -0.0000   0.0000   0.0000  -0.0000    0.199
   149   0.0000   1.4548   0.0875   0.0000  -0.0000   0.0000   0.0000  -0.0000   0.0000   0.0000  -0.0000    0.197
   150   0.0000   1.4357   0.0289   0.0000  -0.0000   0.0000   0.0000  -0.0000   0.0000   0.0000  -0.0000    0.186

  Surface # 6     fuselage_horizontal                     
     # Chordwise = 10   # Spanwise = 10     First strip =151
     Surface area =  123.841209       Ave. chord =   33.112621
     CLsurf  =   0.00577     Clsurf  =  -0.00000
     CYsurf  =  -0.00000     Cmsurf  =  -0.07675
     CDsurf  =  -0.01814     Cnsurf  =  -0.00000
     CDisurf =  -0.01814     CDvsurf =   0.00000

  Forces referred to Ssurf, Cave about hinge axis thru LE
     CLsurf  =   0.00582     CDsurf  =  -0.01829
     Deflect =

 Strip Forces referred to Strip Area, Chord
    j      Yle    Chord     Area     c cl      ai      cl_norm  cl       cd       cdv    cm_c/4    cm_LE  C.P.x/c
   151  -1.6830  26.5957   9.9468   0.2824   0.2171   0.1338   0.0106   0.0081   0.0000  -0.0138  -0.0022    1.547
   152  -1.3090  31.2096  11.6724   0.2807   0.0589   0.0351   0.0090  -0.0019   0.0000  -0.0134  -0.0039    1.737
   153  -0.9350  34.0626  12.7394   0.1888  -0.1181   0.0135   0.0055  -0.0133   0.0000  -0.0108  -0.0041
   154  -0.5610  36.1619  13.5246   0.1231  -0.1966   0.0057   0.0034  -0.0272   0.0000  -0.0088  -0.0043
   155  -0.1870  37.5333  14.0374   0.0889  -0.2299   0.0028   0.0024  -0.0465   0.0000  -0.0074  -0.0055
   156   0.1870  37.5333  14.0374   0.0889  -0.2299   0.0028   0.0024  -0.0465   0.0000  -0.0074  -0.0055
   157   0.5610  36.1619  13.5246   0.1231  -0.1966   0.0057   0.0034  -0.0272   0.0000  -0.0088  -0.0043
   158   0.9350  34.0626  12.7394   0.1888  -0.1181   0.0135   0.0055  -0.0133   0.0000  -0.0108  -0.0041
   159   1.3090  31.2096  11.6724   0.2807   0.0589   0.0351   0.0090  -0.0019   0.0000  -0.0134  -0.0039    1.737
   160   1.6830  26.5957   9.9468   0.2824   0.2171   0.1338   0.0106   0.0081   0.0000  -0.0138  -0.0022    1.546

  Surface # 7     fuselage_vertical                       
     # Chordwise = 10   # Spanwise = 10     First strip =161
     Surface area =  123.841209       Ave. chord =   33.112621
     CLsurf  =  -0.00000     Clsurf  =  -0.00000
     CYsurf  =  -0.00000     Cmsurf  =   0.00000
     CDsurf  =  -0.00000     Cnsurf  =   0.00000
     CDisurf =  -0.00000     CDvsurf =   0.00000

  Forces referred to Ssurf, Cave about hinge axis thru LE
     CLsurf  =   0.00000     CDsurf  =  -0.00000
     Deflect =

 Strip Forces referred to Strip Area, Chord
    j      Yle    Chord     Area     c cl      ai      cl_norm  cl       cd       cdv    cm_c/4    cm_LE  C.P.x/c
   161   0.0000  26.5957   9.9468   0.0000   0.0000   0.0000   0.0000   0.0000   0.0000  -0.0000  -0.0000    0.516
   162   0.0000  31.2096  11.6724   0.0000   0.0001   0.0000   0.0000   0.0000   0.0000  -0.0000  -0.0000    0.574
   163   0.0000  34.0626  12.7394   0.0000  -0.0000   0.0000   0.0000  -0.0000   0.0000  -0.0000  -0.0000    0.592
   164   0.0000  36.1619  13.5246   0.0000  -0.0000   0.0000   0.0000  -0.0000   0.0000  -0.0000  -0.0000    0.588
   165   0.0000  37.5333  14.0374   0.0000  -0.0000   0.0000   0.0000  -0.0000   0.0000  -0.0000  -0.0000    0.589
   166   0.0000  37.5333  14.0374   0.0000  -0.0000   0.0000   0.0000  -0.0000   0.0000  -0.0000  -0.0000    0.589
   167   0.0000  36.1619  13.5246   0.0000  -0.0000   0.0000   0.0000  -0.0000   0.0000  -0.0000  -0.0000    0.586
   168   0.0000  34.0626  12.7394   0.0000  -0.0000   0.0000   0.0000  -0.0000   0.0000  -0.0000  -0.0000    0.568
   169   0.0000  31.2096  11.6724   0.0000   0.0000   0.0000   0.0000  -0.0000   0.0000  -0.0000  -0.0000    0.509
   170   0.0000  26.5957   9.9468   0.0000  -0.0000   0.0000   0.0000  -0.0000   0.0000  -0.0000  -0.0000    0.463
 ---------------------------------------------------------------
