 ---------------------------------------------------------------
 Surface and Strip Forces by surface

  Forces referred to Sref, Cref, Bref about Xref, Yref, Zref
 Standard axis orientation,  X fwd, Z down         

  Surface # 1     main_wing                               
     # Chordwise = 10   # Spanwise = 20     First strip =  1
     Surface area =   63.790974       Ave. chord =    3.717419
     CLsurf  =  -2.94641     Clsurf  =   0.65049
     CYsurf  =   0.01174     Cmsurf  =   0.50361
     CDsurf  =   0.25337     Cnsurf  =   0.18526
     CDisurf =   0.25337     CDvsurf =   0.00000

  Forces referred to Ssurf, Cave about hinge axis thru LE
     CLsurf  =  -5.76721     CDsurf  =   0.49593
     Deflect =

 Strip Forces referred to Strip Area, Chord
    j      Yle    Chord     Area     c cl      ai      cl_norm  cl       cd       cdv    cm_c/4    cm_LE  C.P.x/c
     1   0.0271   7.7411   0.8376 -24.9137  -0.8027  -3.2187  -3.2184 -64.1256   0.0000   1.3923   2.1609    0.683
     2   0.2428   7.5905   2.4436 -27.2805  -0.6848  -3.5943  -3.5940  -4.5839   0.0000   1.4811   2.3407    0.662
     3   0.6690   7.2932   3.8488 -26.9185  -0.4999  -3.6913  -3.6909  -0.1760   0.0000   1.4575   2.3414    0.645
     4   1.2950   6.8563   4.9402 -26.0422  -0.2595  -3.7987  -3.7983   0.5934   0.0000   1.3121   2.2247    0.595
     5   2.1056   6.2906   5.6339 -24.6071   0.0107  -3.9121  -3.9117   0.7598   0.0000   0.9783   1.9242    0.500
     6   3.0065   5.6619   5.0672 -23.5750   0.1357  -4.1642  -4.1638   1.1704   0.0000   0.5951   1.6093    0.393
     7   3.9586   4.9974   5.0150 -23.2720  -0.0023  -4.6572  -4.6568   1.7771   0.0000   0.3020   1.4422    0.315
     8   5.0073   4.2656   4.6382 -24.3937  -0.2226  -5.7192  -5.7187   1.9900   0.0000   0.1225   1.5268    0.271
     9   6.1989   3.7534   4.8429 -25.1260  -0.4548  -6.6947  -6.6942   2.5534   0.0000  -0.0198   1.6511    0.247
    10   7.5095   3.4937   4.6216 -25.1227  -0.5412  -7.1914  -7.1909   2.3320   0.0000  -0.0453   1.7496    0.244
    11   8.8364   3.2307   4.2738 -24.4390  -0.5516  -7.5650  -7.5645   2.1704   0.0000  -0.0463   1.8418    0.244
    12  10.1470   2.9710   3.8335 -23.2565  -0.5288  -7.8282  -7.8277   2.0316   0.0000  -0.0418   1.9120    0.245
    13  11.4090   2.7210   3.3357 -21.7092  -0.5053  -7.9790  -7.9785   1.9469   0.0000  -0.0431   1.9484    0.245
    14  12.6340   2.4782   3.0105 -19.8599  -0.4938  -8.0143  -8.0138   1.8851   0.0000  -0.0472   1.9530    0.244
    15  13.7866   2.2498   2.4374 -17.7336  -0.5024  -7.8827  -7.8822   1.8708   0.0000  -0.0593   1.9081    0.242
    16  14.7941   2.0502   1.8970 -15.3887  -0.5383  -7.5064  -7.5060   1.9002   0.0000  -0.0829   1.7907    0.239
    17  15.6315   1.8843   1.4027 -12.7972  -0.6031  -6.7920  -6.7916   1.9451   0.0000  -0.1199   1.5754    0.232
    18  16.2783   1.7561   0.9575  -9.8894  -0.6889  -5.6318  -5.6315   1.9700   0.0000  -0.1607   1.2452    0.221
    19  16.8016   1.3043   0.6198  -6.3235  -0.6051  -4.8500  -4.8482   1.2273   0.0000  -0.2253   0.9219    0.204
    20  17.1200   0.8402   0.1342  -2.1124  -0.5191  -2.5149  -2.5140   0.1649   0.0000  -0.1943   0.4057    0.173

  Surface # 2     main_wing (YDUP)                        
     # Chordwise = 10   # Spanwise = 20     First strip = 21
     Surface area =   63.790974       Ave. chord =    3.717419
     CLsurf  =  -2.94640     Clsurf  =  -0.65049
     CYsurf  =  -0.01174     Cmsurf  =   0.50361
     CDsurf  =   0.25336     Cnsurf  =  -0.18526
     CDisurf =   0.25336     CDvsurf =   0.00000

  Forces referred to Ssurf, Cave about hinge axis thru LE
     CLsurf  =  -5.76720     CDsurf  =   0.49591
     Deflect =

 Strip Forces referred to Strip Area, Chord
    j      Yle    Chord     Area     c cl      ai      cl_norm  cl       cd       cdv    cm_c/4    cm_LE  C.P.x/c
    21  -0.0271   7.7411   0.8376 -24.9137  -0.8024  -3.2187  -3.2184 -64.1261   0.0000   1.3923  -2.1609    0.683
    22  -0.2428   7.5905   2.4436 -27.2805  -0.6848  -3.5943  -3.5940  -4.5838   0.0000   1.4811  -2.3407    0.662
    23  -0.6690   7.2932   3.8488 -26.9185  -0.4999  -3.6913  -3.6909  -0.1760   0.0000   1.4575  -2.3414    0.645
    24  -1.2950   6.8563   4.9402 -26.0421  -0.2595  -3.7987  -3.7983   0.5933   0.0000   1.3121  -2.2247    0.595
    25  -2.1056   6.2906   5.6339 -24.6071   0.0107  -3.9121  -3.9117   0.7598   0.0000   0.9783  -1.9242    0.500
    26  -3.0065   5.6619   5.0672 -23.5750   0.1357  -4.1642  -4.1638   1.1704   0.0000   0.5951  -1.6093    0.393
    27  -3.9586   4.9974   5.0150 -23.2720  -0.0023  -4.6572  -4.6568   1.7771   0.0000   0.3020  -1.4422    0.315
    28  -5.0073   4.2656   4.6382 -24.3936  -0.2226  -5.7192  -5.7187   1.9900   0.0000   0.1225  -1.5268    0.271
    29  -6.1989   3.7534   4.8429 -25.1259  -0.4548  -6.6946  -6.6942   2.5534   0.0000  -0.0198  -1.6511    0.247
    30  -7.5095   3.4937   4.6216 -25.1227  -0.5412  -7.1914  -7.1909   2.3319   0.0000  -0.0453  -1.7496    0.244
    31  -8.8364   3.2307   4.2738 -24.4390  -0.5516  -7.5650  -7.5645   2.1704   0.0000  -0.0463  -1.8418    0.244
    32 -10.1470   2.9710   3.8335 -23.2564  -0.5288  -7.8282  -7.8277   2.0316   0.0000  -0.0418  -1.9120    0.245
    33 -11.4090   2.7210   3.3357 -21.7092  -0.5053  -7.9790  -7.9785   1.9469   0.0000  -0.0431  -1.9484    0.245
    34 -12.6340   2.4782   3.0105 -19.8598  -0.4938  -8.0142  -8.0137   1.8851   0.0000  -0.0472  -1.9530    0.244
    35 -13.7866   2.2498   2.4374 -17.7336  -0.5024  -7.8827  -7.8822   1.8708   0.0000  -0.0593  -1.9081    0.242
    36 -14.7941   2.0502   1.8970 -15.3887  -0.5383  -7.5064  -7.5059   1.9002   0.0000  -0.0829  -1.7907    0.239
    37 -15.6315   1.8843   1.4027 -12.7971  -0.6031  -6.7920  -6.7916   1.9451   0.0000  -0.1199  -1.5754    0.232
    38 -16.2783   1.7561   0.9575  -9.8893  -0.6889  -5.6318  -5.6314   1.9699   0.0000  -0.1607  -1.2451    0.221
    39 -16.8016   1.3043   0.6198  -6.3235  -0.6051  -4.8500  -4.8482   1.2273   0.0000  -0.2253  -0.9219    0.204
    40 -17.1200   0.8402   0.1342  -2.1123  -0.5191  -2.5149  -2.5139   0.1649   0.0000  -0.1943  -0.4057    0.173

  Surface # 3     horizontal_stabilizer                   
     # Chordwise = 10   # Spanwise = 20     First strip = 41
     Surface area =   20.072786       Ave. chord =    2.827143
     CLsurf  =   0.20557     Clsurf  =  -0.01818
     CYsurf  =   0.00449     Cmsurf  =  -0.92122
     CDsurf  =  -0.03993     Cnsurf  =  -0.00645
     CDisurf =  -0.03993     CDvsurf =   0.00000

  Forces referred to Ssurf, Cave about hinge axis thru LE
     CLsurf  =   1.27864     CDsurf  =  -0.24835
     Deflect =

 Strip Forces referred to Strip Area, Chord
    j      Yle    Chord     Area     c cl      ai      cl_norm  cl       cd       cdv    cm_c/4    cm_LE  C.P.x/c
    41   0.0103   4.6946   0.1934   4.5682  -0.0900   0.9732   0.9731   0.0620   0.0000   0.0194  -0.2216    0.230
    42   0.0924   4.6512   0.5701   4.5306  -0.0929   0.9742   0.9741  -0.1122   0.0000   0.0192  -0.2220    0.230
    43   0.2547   4.5656   0.9173   4.5221  -0.0950   0.9906   0.9905  -0.1286   0.0000   0.0201  -0.2252    0.230
    44   0.4930   4.4399   1.2180   4.5073  -0.0939   1.0153   1.0152  -0.1436   0.0000   0.0212  -0.2302    0.229
    45   0.8160   4.2695   1.5847   4.4782  -0.0897   1.0490   1.0489  -0.1573   0.0000   0.0224  -0.2374    0.229
    46   1.2202   4.0563   1.7628   4.4295  -0.0897   1.0922   1.0920  -0.1728   0.0000   0.0236  -0.2469    0.228
    47   1.6825   3.8123   1.8577   4.3584  -0.1056   1.1434   1.1432  -0.1911   0.0000   0.0247  -0.2585    0.228
    48   2.1917   3.5437   1.8711   4.2626  -0.1272   1.2031   1.2029  -0.2122   0.0000   0.0257  -0.2722    0.229
    49   2.7353   3.2569   1.8099   4.1367  -0.1308   1.2703   1.2701  -0.2275   0.0000   0.0273  -0.2873    0.229
    50   3.2997   2.9591   1.6859   3.9952  -0.1222   1.3504   1.3501  -0.2586   0.0000   0.0292  -0.3052    0.228
    51   3.8713   2.6576   1.5141   3.8289  -0.1143   1.4410   1.4408  -0.3019   0.0000   0.0320  -0.3249    0.228
    52   4.4357   2.3597   1.3114   3.6240  -0.1113   1.5360   1.5358  -0.3394   0.0000   0.0356  -0.3448    0.227
    53   4.9793   2.0730   1.0945   3.3764  -0.1128   1.6290   1.6288  -0.3942   0.0000   0.0395  -0.3639    0.226
    54   5.4885   1.8043   0.8792   3.0672  -0.1173   1.7002   1.6999  -0.4405   0.0000   0.0439  -0.3772    0.224
    55   5.9508   1.5604   0.6781   2.6909  -0.1222   1.7248   1.7245  -0.4675   0.0000   0.0495  -0.3777    0.221
    56   6.3550   1.3472   0.5000   2.2513  -0.1242   1.6713   1.6711  -0.4687   0.0000   0.0565  -0.3576    0.216
    57   6.6617   1.1853   0.2890   1.7787  -0.1212   1.5008   1.5006  -0.4226   0.0000   0.0627  -0.3092    0.208
    58   6.8736   1.0735   0.1917   1.3026  -0.1136   1.2135   1.2134  -0.3459   0.0000   0.0643  -0.2366    0.197
    59   7.0178   0.9975   0.1087   0.7958  -0.1037   0.7980   0.7979  -0.2130   0.0000   0.0532  -0.1448    0.183
    60   7.0908   0.9589   0.0351   0.2684  -0.0947   0.2799   0.2799  -0.0728   0.0000   0.0217  -0.0478    0.173

  Surface # 4     horizontal_stabilizer (YDUP)            
     # Chordwise = 10   # Spanwise = 20     First strip = 61
     Surface area =   20.072786       Ave. chord =    2.827143
     CLsurf  =   0.20557     Clsurf  =   0.01818
     CYsurf  =  -0.00449     Cmsurf  =  -0.92121
     CDsurf  =  -0.03992     Cnsurf  =   0.00645
     CDisurf =  -0.03992     CDvsurf =   0.00000

  Forces referred to Ssurf, Cave about hinge axis thru LE
     CLsurf  =   1.27864     CDsurf  =  -0.24835
     Deflect =

 Strip Forces referred to Strip Area, Chord
    j      Yle    Chord     Area     c cl      ai      cl_norm  cl       cd       cdv    cm_c/4    cm_LE  C.P.x/c
    61  -0.0103   4.6946   0.1934   4.5682  -0.0900   0.9732   0.9731   0.0620   0.0000   0.0194   0.2216    0.230
    62  -0.0924   4.6512   0.5701   4.5306  -0.0929   0.9742   0.9741  -0.1123   0.0000   0.0192   0.2220    0.230
    63  -0.2547   4.5656   0.9173   4.5221  -0.0950   0.9906   0.9905  -0.1286   0.0000   0.0201   0.2252    0.230
    64  -0.4930   4.4399   1.2180   4.5073  -0.0939   1.0153   1.0152  -0.1436   0.0000   0.0212   0.2302    0.229
    65  -0.8160   4.2695   1.5847   4.4782  -0.0897   1.0490   1.0489  -0.1573   0.0000   0.0224   0.2374    0.229
    66  -1.2202   4.0563   1.7628   4.4295  -0.0897   1.0922   1.0920  -0.1728   0.0000   0.0236   0.2469    0.228
    67  -1.6825   3.8123   1.8577   4.3584  -0.1056   1.1434   1.1432  -0.1911   0.0000   0.0247   0.2585    0.228
    68  -2.1917   3.5437   1.8711   4.2626  -0.1272   1.2031   1.2029  -0.2122   0.0000   0.0257   0.2722    0.229
    69  -2.7353   3.2569   1.8099   4.1367  -0.1308   1.2703   1.2701  -0.2275   0.0000   0.0273   0.2873    0.229
    70  -3.2997   2.9591   1.6859   3.9952  -0.1222   1.3503   1.3501  -0.2586   0.0000   0.0292   0.3052    0.228
    71  -3.8713   2.6576   1.5141   3.8289  -0.1143   1.4410   1.4408  -0.3019   0.0000   0.0320   0.3249    0.228
    72  -4.4357   2.3597   1.3114   3.6240  -0.1113   1.5360   1.5358  -0.3394   0.0000   0.0356   0.3448    0.227
    73  -4.9793   2.0730   1.0945   3.3764  -0.1128   1.6290   1.6288  -0.3942   0.0000   0.0395   0.3639    0.226
    74  -5.4885   1.8043   0.8792   3.0672  -0.1173   1.7002   1.6999  -0.4405   0.0000   0.0439   0.3772    0.224
    75  -5.9508   1.5604   0.6781   2.6909  -0.1222   1.7248   1.7245  -0.4675   0.0000   0.0495   0.3777    0.221
    76  -6.3550   1.3472   0.5000   2.2512  -0.1242   1.6713   1.6711  -0.4687   0.0000   0.0565   0.3576    0.216
    77  -6.6617   1.1853   0.2890   1.7786  -0.1212   1.5008   1.5005  -0.4226   0.0000   0.0627   0.3092    0.208
    78  -6.8736   1.0735   0.1917   1.3026  -0.1136   1.2135   1.2133  -0.3459   0.0000   0.0643   0.2366    0.197
    79  -7.0178   0.9975   0.1087   0.7958  -0.1038   0.7980   0.7979  -0.2130   0.0000   0.0532   0.1448    0.183
    80  -7.0908   0.9589   0.0351   0.2684  -0.0947   0.2799   0.2799  -0.0728   0.0000   0.0217   0.0478    0.173

  Surface # 5     vertical_stabilizer                     
     # Chordwise = 10   # Spanwise = 20     First strip = 81
     Surface area =   26.974527       Ave. chord =    3.612513
     CLsurf  =   0.00000     Clsurf  =  -0.00000
     CYsurf  =  -0.00000     Cmsurf  =  -0.00000
     CDsurf  =  -0.00000     Cnsurf  =   0.00000
     CDisurf =  -0.00000     CDvsurf =   0.00000

  Forces referred to Ssurf, Cave about hinge axis thru LE
     CLsurf  =   0.00000     CDsurf  =  -0.00000
     Deflect =

 Strip Forces referred to Strip Area, Chord
    j      Yle    Chord     Area     c cl      ai      cl_norm  cl       cd       cdv    cm_c/4    cm_LE  C.P.x/c
    81   0.0000   8.1033   0.7081   0.0000  -0.0000   0.0000   0.0000  -0.0000   0.0000   0.0000  -0.0000    0.025
    82   0.0000   7.7953   1.2357   0.0000   0.0000   0.0000   0.0000  -0.0000   0.0000   0.0000  -0.0000    0.051
    83   0.0000   7.3128   1.6577   0.0000  -0.0000   0.0000   0.0000  -0.0000   0.0000   0.0000  -0.0000    0.046
    84   0.0000   6.6651   1.9342   0.0000  -0.0000   0.0000   0.0000  -0.0000   0.0000   0.0000  -0.0000    0.018
    85   0.0000   5.8661   2.0384   0.0000  -0.0000   0.0000   0.0000  -0.0000   0.0000   0.0000  -0.0000    0.030
    86   0.0000   4.9330   1.9589   0.0000  -0.0000   0.0000   0.0000  -0.0000   0.0000   0.0000  -0.0000    0.074
    87   0.0000   4.2949   2.2317   0.0000   0.0000   0.0000   0.0000  -0.0000   0.0000   0.0000  -0.0000    0.113
    88   0.0000   4.0244   2.2380   0.0000  -0.0000   0.0000   0.0000  -0.0000   0.0000   0.0000  -0.0000    0.133
    89   0.0000   3.7387   2.1678   0.0000  -0.0000   0.0000   0.0000  -0.0000   0.0000   0.0000  -0.0000    0.165
    90   0.0000   3.4444   2.0327   0.0000   0.0000   0.0000   0.0000  -0.0000   0.0000   0.0000  -0.0000    0.201
    91   0.0000   3.1483   1.8474   0.0000  -0.0000   0.0000   0.0000  -0.0000   0.0000   0.0000  -0.0000    0.189
    92   0.0000   2.8574   1.6279   0.0000  -0.0000   0.0000   0.0000  -0.0000   0.0000   0.0000  -0.0000    0.244
    93   0.0000   2.5785   1.3906   0.0000  -0.0000   0.0000   0.0000  -0.0000   0.0000   0.0000  -0.0000    0.225
    94   0.0000   2.3180   1.1503   0.0000  -0.0000   0.0000   0.0000  -0.0000   0.0000   0.0000  -0.0000    0.227
    95   0.0000   2.0821   0.9193   0.0000  -0.0000   0.0000   0.0000  -0.0000   0.0000   0.0000  -0.0000    0.214
    96   0.0000   1.8763   0.7063   0.0000  -0.0000   0.0000   0.0000  -0.0000   0.0000   0.0000  -0.0000    0.217
    97   0.0000   1.7056   0.5158   0.0000  -0.0000   0.0000   0.0000  -0.0000   0.0000   0.0000  -0.0000    0.200
    98   0.0000   1.5739   0.3482   0.0000  -0.0000   0.0000   0.0000  -0.0000   0.0000   0.0000  -0.0000    0.204
    99   0.0000   1.4843   0.2002   0.0000  -0.0000   0.0000   0.0000  -0.0000   0.0000   0.0000  -0.0000    0.196
   100   0.0000   1.4389   0.0652   0.0000  -0.0000   0.0000   0.0000  -0.0000   0.0000   0.0000  -0.0000    0.196

  Surface # 6     fuselage_horizontal                     
     # Chordwise = 10   # Spanwise = 10     First strip =101
     Surface area =  112.392822       Ave. chord =   30.376440
     CLsurf  =  -0.03454     Clsurf  =   0.00000
     CYsurf  =   0.00002     Cmsurf  =  -0.10859
     CDsurf  =  -0.02092     Cnsurf  =  -0.00000
     CDisurf =  -0.02092     CDvsurf =   0.00000

  Forces referred to Ssurf, Cave about hinge axis thru LE
     CLsurf  =  -0.03837     CDsurf  =  -0.02324
     Deflect =

 Strip Forces referred to Strip Area, Chord
    j      Yle    Chord     Area     c cl      ai      cl_norm  cl       cd       cdv    cm_c/4    cm_LE  C.P.x/c
   101  -1.6650  21.5445   7.9715  -1.0705   0.1304  -1.1080  -0.0497   0.0853   0.0000  -0.0080   0.0005    0.089
   102  -1.2950  27.3129  10.1058  -1.9722   0.0999  -0.3290  -0.0722   0.1005   0.0000  -0.0016   0.0033    0.227
   103  -0.9250  31.3629  11.6043  -1.6640   0.0382  -0.1196  -0.0531   0.0506   0.0000  -0.0067   0.0018    0.124
   104  -0.5550  34.6182  12.8087  -0.9748  -0.2051  -0.0371  -0.0282  -0.0383   0.0000  -0.0113  -0.0016   -0.152
   105  -0.1850  37.0437  13.7062  -0.1468  -0.2808  -0.0040  -0.0040  -0.2261   0.0000  -0.0160  -0.0091
   106   0.1850  37.0437  13.7062  -0.1468  -0.2808  -0.0040  -0.0040  -0.2261   0.0000  -0.0160  -0.0091
   107   0.5550  34.6182  12.8087  -0.9748  -0.2051  -0.0371  -0.0282  -0.0382   0.0000  -0.0113  -0.0016   -0.152
   108   0.9250  31.3629  11.6043  -1.6640   0.0382  -0.1196  -0.0531   0.0506   0.0000  -0.0067   0.0018    0.124
   109   1.2950  27.3129  10.1058  -1.9722   0.0999  -0.3290  -0.0722   0.1005   0.0000  -0.0016   0.0033    0.227
   110   1.6650  21.5445   7.9715  -1.0705   0.1304  -1.1080  -0.0497   0.0853   0.0000  -0.0080   0.0005    0.089

  Surface # 7     fuselage_vertical                       
     # Chordwise = 10   # Spanwise = 10     First strip =111
     Surface area =  114.215408       Ave. chord =   30.376440
     CLsurf  =  -0.00000     Clsurf  =  -0.00000
     CYsurf  =  -0.00000     Cmsurf  =   0.00000
     CDsurf  =  -0.00000     Cnsurf  =   0.00000
     CDisurf =  -0.00000     CDvsurf =   0.00000

  Forces referred to Ssurf, Cave about hinge axis thru LE
     CLsurf  =   0.00000     CDsurf  =  -0.00000
     Deflect =

 Strip Forces referred to Strip Area, Chord
    j      Yle    Chord     Area     c cl      ai      cl_norm  cl       cd       cdv    cm_c/4    cm_LE  C.P.x/c
   111   0.0000  21.5445   8.1007   0.0000   0.0000   0.0000   0.0000   0.0000   0.0000  -0.0000  -0.0000    0.499
   112   0.0000  27.3129  10.2696   0.0000   0.0001   0.0000   0.0000   0.0000   0.0000  -0.0000  -0.0000    0.448
   113   0.0000  31.3629  11.7925   0.0000  -0.0000   0.0000   0.0000   0.0000   0.0000  -0.0000  -0.0000    0.425
   114   0.0000  34.6182  13.0164   0.0000  -0.0000   0.0000   0.0000   0.0000   0.0000  -0.0000  -0.0000    0.404
   115   0.0000  37.0437  13.9284   0.0000  -0.0000   0.0000   0.0000  -0.0000   0.0000  -0.0000  -0.0000    0.491
   116   0.0000  37.0437  13.9284   0.0000   0.0000   0.0000   0.0000  -0.0000   0.0000  -0.0000  -0.0000    0.499
   117   0.0000  34.6182  13.0164   0.0000  -0.0000   0.0000   0.0000   0.0000   0.0000  -0.0000  -0.0000    0.486
   118   0.0000  31.3629  11.7925   0.0000  -0.0000   0.0000   0.0000   0.0000   0.0000  -0.0000  -0.0000    0.327
   119   0.0000  27.3129  10.2696   0.0000   0.0000   0.0000   0.0000   0.0000   0.0000  -0.0000  -0.0000    0.452
   120   0.0000  21.5445   8.1007   0.0000   0.0000   0.0000   0.0000  -0.0000   0.0000  -0.0000  -0.0000    0.465
 ---------------------------------------------------------------
