 ---------------------------------------------------------------
 Surface and Strip Forces by surface

  Forces referred to Sref, Cref, Bref about Xref, Yref, Zref
 Standard axis orientation,  X fwd, Z down         

  Surface # 1     main_wing                               
     # Chordwise = 10   # Spanwise = 20     First strip =  1
     Surface area =   63.790974       Ave. chord =    3.717419
     CLsurf  =  -2.47890     Clsurf  =   0.54886
     CYsurf  =   0.04221     Cmsurf  =   0.41993
     CDsurf  =   0.23659     Cnsurf  =   0.12980
     CDisurf =   0.23659     CDvsurf =   0.00000

  Forces referred to Ssurf, Cave about hinge axis thru LE
     CLsurf  =  -4.85220     CDsurf  =   0.46309
     Deflect =

 Strip Forces referred to Strip Area, Chord
    j      Yle    Chord     Area     c cl      ai      cl_norm  cl       cd       cdv    cm_c/4    cm_LE  C.P.x/c
     1   0.0271   7.7411   0.8376 -21.4473  -0.7295  -2.7708  -2.7706 -35.6965   0.0000   1.2532   1.9140    0.702
     2   0.2428   7.5905   2.4436 -22.6930  -0.6019  -2.9899  -2.9896  -2.6874   0.0000   1.3053   2.0192    0.687
     3   0.6690   7.2932   3.8488 -22.3167  -0.4118  -3.0602  -3.0600  -0.3935   0.0000   1.2750   2.0066    0.667
     4   1.2950   6.8563   4.9402 -21.3296  -0.1768  -3.1113  -3.1110   0.2079   0.0000   1.1164   1.8632    0.609
     5   2.1056   6.2906   5.6339 -19.9726   0.0691  -3.1753  -3.1750   0.5960   0.0000   0.7825   1.5505    0.496
     6   3.0065   5.6619   5.0672 -19.4906   0.1484  -3.4427  -3.4424   0.7866   0.0000   0.4435   1.2828    0.379
     7   3.9586   4.9974   5.0150 -19.8454  -0.0265  -3.9715  -3.9711   1.0703   0.0000   0.2281   1.2009    0.307
     8   5.0073   4.2656   4.6382 -20.7484  -0.2445  -4.8646  -4.8641   1.5279   0.0000   0.0784   1.2733    0.266
     9   6.1989   3.7534   4.8429 -21.4355  -0.4274  -5.7114  -5.7110   1.8464   0.0000  -0.0191   1.4064    0.247
    10   7.5095   3.4937   4.6216 -21.3446  -0.4725  -6.1099  -6.1095   1.6525   0.0000  -0.0278   1.4972    0.245
    11   8.8364   3.2307   4.2738 -20.6569  -0.4634  -6.3943  -6.3939   1.5107   0.0000  -0.0240   1.5719    0.246
    12  10.1470   2.9710   3.8335 -19.5720  -0.4343  -6.5880  -6.5876   1.3973   0.0000  -0.0190   1.6252    0.247
    13  11.4090   2.7210   3.3357 -18.2203  -0.4099  -6.6967  -6.6963   1.3268   0.0000  -0.0191   1.6523    0.247
    14  12.6340   2.4782   3.0105 -16.6573  -0.3993  -6.7219  -6.7215   1.2871   0.0000  -0.0212   1.6564    0.247
    15  13.7866   2.2498   2.4374 -14.9091  -0.4104  -6.6272  -6.6267   1.2958   0.0000  -0.0287   1.6253    0.246
    16  14.7941   2.0502   1.8970 -13.0150  -0.4517  -6.3485  -6.3481   1.3610   0.0000  -0.0450   1.5395    0.243
    17  15.6315   1.8843   1.4027 -10.9276  -0.5280  -5.7997  -5.7994   1.4629   0.0000  -0.0738   1.3738    0.237
    18  16.2783   1.7561   0.9575  -8.5453  -0.6339  -4.8664  -4.8661   1.5590   0.0000  -0.1115   1.1032    0.227
    19  16.8016   1.3043   0.6198  -5.5201  -0.5794  -4.2338  -4.2322   1.0911   0.0000  -0.1684   0.8312    0.210
    20  17.1200   0.8402   0.1342  -1.8587  -0.5262  -2.2129  -2.2121   0.3090   0.0000  -0.1600   0.3672    0.178

  Surface # 2     main_wing (YDUP)                        
     # Chordwise = 10   # Spanwise = 20     First strip = 21
     Surface area =   63.790974       Ave. chord =    3.717419
     CLsurf  =  -2.47889     Clsurf  =  -0.54886
     CYsurf  =  -0.04221     Cmsurf  =   0.41993
     CDsurf  =   0.23659     Cnsurf  =  -0.12980
     CDisurf =   0.23659     CDvsurf =   0.00000

  Forces referred to Ssurf, Cave about hinge axis thru LE
     CLsurf  =  -4.85219     CDsurf  =   0.46309
     Deflect =

 Strip Forces referred to Strip Area, Chord
    j      Yle    Chord     Area     c cl      ai      cl_norm  cl       cd       cdv    cm_c/4    cm_LE  C.P.x/c
    21  -0.0271   7.7411   0.8376 -21.4473  -0.7296  -2.7708  -2.7706 -35.6956   0.0000   1.2532  -1.9140    0.702
    22  -0.2428   7.5905   2.4436 -22.6929  -0.6018  -2.9899  -2.9896  -2.6875   0.0000   1.3053  -2.0192    0.687
    23  -0.6690   7.2932   3.8488 -22.3167  -0.4118  -3.0602  -3.0599  -0.3936   0.0000   1.2750  -2.0066    0.667
    24  -1.2950   6.8563   4.9402 -21.3296  -0.1768  -3.1113  -3.1110   0.2080   0.0000   1.1164  -1.8632    0.609
    25  -2.1056   6.2906   5.6339 -19.9726   0.0691  -3.1753  -3.1750   0.5960   0.0000   0.7825  -1.5505    0.496
    26  -3.0065   5.6619   5.0672 -19.4906   0.1484  -3.4427  -3.4424   0.7866   0.0000   0.4435  -1.2828    0.379
    27  -3.9586   4.9974   5.0150 -19.8453  -0.0265  -3.9715  -3.9711   1.0703   0.0000   0.2281  -1.2009    0.307
    28  -5.0073   4.2656   4.6382 -20.7484  -0.2445  -4.8646  -4.8641   1.5279   0.0000   0.0784  -1.2733    0.266
    29  -6.1989   3.7534   4.8429 -21.4355  -0.4274  -5.7113  -5.7110   1.8464   0.0000  -0.0191  -1.4064    0.247
    30  -7.5095   3.4937   4.6216 -21.3445  -0.4725  -6.1099  -6.1095   1.6525   0.0000  -0.0278  -1.4972    0.245
    31  -8.8364   3.2307   4.2738 -20.6568  -0.4634  -6.3942  -6.3939   1.5106   0.0000  -0.0240  -1.5719    0.246
    32 -10.1470   2.9710   3.8335 -19.5720  -0.4343  -6.5880  -6.5876   1.3973   0.0000  -0.0190  -1.6252    0.247
    33 -11.4090   2.7210   3.3357 -18.2203  -0.4099  -6.6967  -6.6962   1.3268   0.0000  -0.0191  -1.6523    0.247
    34 -12.6340   2.4782   3.0105 -16.6572  -0.3993  -6.7218  -6.7214   1.2871   0.0000  -0.0212  -1.6564    0.247
    35 -13.7866   2.2498   2.4374 -14.9090  -0.4104  -6.6271  -6.6267   1.2958   0.0000  -0.0287  -1.6253    0.246
    36 -14.7941   2.0502   1.8970 -13.0149  -0.4517  -6.3485  -6.3481   1.3610   0.0000  -0.0450  -1.5395    0.243
    37 -15.6315   1.8843   1.4027 -10.9275  -0.5280  -5.7997  -5.7993   1.4628   0.0000  -0.0738  -1.3738    0.237
    38 -16.2783   1.7561   0.9575  -8.5452  -0.6339  -4.8663  -4.8660   1.5590   0.0000  -0.1115  -1.1032    0.227
    39 -16.8016   1.3043   0.6198  -5.5200  -0.5794  -4.2338  -4.2322   1.0911   0.0000  -0.1684  -0.8312    0.210
    40 -17.1200   0.8402   0.1342  -1.8587  -0.5262  -2.2129  -2.2121   0.3090   0.0000  -0.1600  -0.3672    0.178

  Surface # 3     horizontal_stabilizer                   
     # Chordwise = 10   # Spanwise = 20     First strip = 41
     Surface area =   20.072786       Ave. chord =    2.827143
     CLsurf  =   0.15290     Clsurf  =  -0.01369
     CYsurf  =   0.00302     Cmsurf  =  -0.68479
     CDsurf  =  -0.02713     Cnsurf  =  -0.00439
     CDisurf =  -0.02713     CDvsurf =   0.00000

  Forces referred to Ssurf, Cave about hinge axis thru LE
     CLsurf  =   0.95106     CDsurf  =  -0.16877
     Deflect =

 Strip Forces referred to Strip Area, Chord
    j      Yle    Chord     Area     c cl      ai      cl_norm  cl       cd       cdv    cm_c/4    cm_LE  C.P.x/c
    41   0.0103   4.6946   0.1934   3.3338  -0.0767   0.7102   0.7101  -0.0093   0.0000   0.0110  -0.1648    0.234
    42   0.0924   4.6512   0.5701   3.3176  -0.0796   0.7134   0.7133  -0.0794   0.0000   0.0111  -0.1655    0.234
    43   0.2547   4.5656   0.9173   3.3115  -0.0818   0.7254   0.7253  -0.0878   0.0000   0.0117  -0.1679    0.234
    44   0.4930   4.4399   1.2180   3.2995  -0.0813   0.7433   0.7432  -0.0967   0.0000   0.0123  -0.1717    0.233
    45   0.8160   4.2695   1.5847   3.2768  -0.0782   0.7676   0.7675  -0.1047   0.0000   0.0129  -0.1771    0.233
    46   1.2202   4.0563   1.7628   3.2409  -0.0789   0.7991   0.7990  -0.1134   0.0000   0.0135  -0.1844    0.233
    47   1.6825   3.8123   1.8577   3.1898  -0.0934   0.8368   0.8367  -0.1246   0.0000   0.0140  -0.1932    0.233
    48   2.1917   3.5437   1.8711   3.1247  -0.1136   0.8819   0.8818  -0.1379   0.0000   0.0145  -0.2039    0.234
    49   2.7353   3.2569   1.8099   3.0466  -0.1188   0.9356   0.9354  -0.1521   0.0000   0.0152  -0.2164    0.234
    50   3.2997   2.9591   1.6859   2.9579  -0.1138   0.9997   0.9996  -0.1730   0.0000   0.0165  -0.2310    0.233
    51   3.8713   2.6576   1.5141   2.8541  -0.1095   1.0741   1.0740  -0.2039   0.0000   0.0185  -0.2475    0.233
    52   4.4357   2.3597   1.3114   2.7220  -0.1091   1.1537   1.1535  -0.2307   0.0000   0.0209  -0.2647    0.232
    53   4.9793   2.0730   1.0945   2.5577  -0.1122   1.2340   1.2338  -0.2747   0.0000   0.0232  -0.2823    0.231
    54   5.4885   1.8043   0.8792   2.3395  -0.1172   1.2968   1.2966  -0.3092   0.0000   0.0258  -0.2954    0.230
    55   5.9508   1.5604   0.6781   2.0666  -0.1213   1.3246   1.3244  -0.3285   0.0000   0.0290  -0.2990    0.228
    56   6.3550   1.3472   0.5000   1.7396  -0.1213   1.2915   1.2913  -0.3273   0.0000   0.0339  -0.2860    0.224
    57   6.6617   1.1853   0.2890   1.3840  -0.1153   1.1678   1.1676  -0.2976   0.0000   0.0399  -0.2494    0.216
    58   6.8736   1.0735   0.1917   1.0200  -0.1045   0.9502   0.9501  -0.2398   0.0000   0.0436  -0.1919    0.204
    59   7.0178   0.9975   0.1087   0.6272  -0.0917   0.6289   0.6288  -0.1480   0.0000   0.0383  -0.1176    0.189
    60   7.0908   0.9589   0.0351   0.2122  -0.0809   0.2213   0.2213  -0.0481   0.0000   0.0164  -0.0385    0.176

  Surface # 4     horizontal_stabilizer (YDUP)            
     # Chordwise = 10   # Spanwise = 20     First strip = 61
     Surface area =   20.072786       Ave. chord =    2.827143
     CLsurf  =   0.15290     Clsurf  =   0.01369
     CYsurf  =  -0.00302     Cmsurf  =  -0.68479
     CDsurf  =  -0.02713     Cnsurf  =   0.00439
     CDisurf =  -0.02713     CDvsurf =   0.00000

  Forces referred to Ssurf, Cave about hinge axis thru LE
     CLsurf  =   0.95106     CDsurf  =  -0.16877
     Deflect =

 Strip Forces referred to Strip Area, Chord
    j      Yle    Chord     Area     c cl      ai      cl_norm  cl       cd       cdv    cm_c/4    cm_LE  C.P.x/c
    61  -0.0103   4.6946   0.1934   3.3338  -0.0767   0.7102   0.7101  -0.0093   0.0000   0.0110   0.1648    0.234
    62  -0.0924   4.6512   0.5701   3.3176  -0.0797   0.7134   0.7133  -0.0794   0.0000   0.0111   0.1655    0.234
    63  -0.2547   4.5656   0.9173   3.3115  -0.0818   0.7254   0.7253  -0.0878   0.0000   0.0117   0.1679    0.234
    64  -0.4930   4.4399   1.2180   3.2995  -0.0813   0.7433   0.7432  -0.0967   0.0000   0.0123   0.1717    0.233
    65  -0.8160   4.2695   1.5847   3.2768  -0.0782   0.7676   0.7675  -0.1047   0.0000   0.0129   0.1771    0.233
    66  -1.2202   4.0563   1.7628   3.2409  -0.0789   0.7991   0.7990  -0.1134   0.0000   0.0135   0.1844    0.233
    67  -1.6825   3.8123   1.8577   3.1898  -0.0934   0.8368   0.8367  -0.1246   0.0000   0.0140   0.1932    0.233
    68  -2.1917   3.5437   1.8711   3.1247  -0.1136   0.8819   0.8818  -0.1379   0.0000   0.0145   0.2039    0.234
    69  -2.7353   3.2569   1.8099   3.0466  -0.1188   0.9356   0.9354  -0.1521   0.0000   0.0152   0.2164    0.234
    70  -3.2997   2.9591   1.6859   2.9579  -0.1138   0.9997   0.9996  -0.1730   0.0000   0.0165   0.2310    0.233
    71  -3.8713   2.6576   1.5141   2.8541  -0.1095   1.0741   1.0740  -0.2039   0.0000   0.0185   0.2475    0.233
    72  -4.4357   2.3597   1.3114   2.7220  -0.1091   1.1537   1.1535  -0.2307   0.0000   0.0209   0.2647    0.232
    73  -4.9793   2.0730   1.0945   2.5577  -0.1122   1.2340   1.2338  -0.2747   0.0000   0.0232   0.2823    0.231
    74  -5.4885   1.8043   0.8792   2.3395  -0.1172   1.2968   1.2966  -0.3092   0.0000   0.0258   0.2954    0.230
    75  -5.9508   1.5604   0.6781   2.0666  -0.1213   1.3246   1.3244  -0.3285   0.0000   0.0290   0.2990    0.228
    76  -6.3550   1.3472   0.5000   1.7395  -0.1213   1.2914   1.2912  -0.3273   0.0000   0.0339   0.2860    0.224
    77  -6.6617   1.1853   0.2890   1.3839  -0.1153   1.1677   1.1676  -0.2976   0.0000   0.0399   0.2494    0.216
    78  -6.8736   1.0735   0.1917   1.0200  -0.1045   0.9502   0.9501  -0.2398   0.0000   0.0436   0.1919    0.204
    79  -7.0178   0.9975   0.1087   0.6272  -0.0917   0.6289   0.6288  -0.1480   0.0000   0.0383   0.1176    0.189
    80  -7.0908   0.9589   0.0351   0.2122  -0.0809   0.2213   0.2213  -0.0481   0.0000   0.0164   0.0385    0.176

  Surface # 5     vertical_stabilizer                     
     # Chordwise = 10   # Spanwise = 20     First strip = 81
     Surface area =   26.974527       Ave. chord =    3.612513
     CLsurf  =   0.00000     Clsurf  =  -0.00000
     CYsurf  =  -0.00000     Cmsurf  =  -0.00000
     CDsurf  =  -0.00000     Cnsurf  =   0.00000
     CDisurf =  -0.00000     CDvsurf =   0.00000

  Forces referred to Ssurf, Cave about hinge axis thru LE
     CLsurf  =   0.00000     CDsurf  =  -0.00000
     Deflect =

 Strip Forces referred to Strip Area, Chord
    j      Yle    Chord     Area     c cl      ai      cl_norm  cl       cd       cdv    cm_c/4    cm_LE  C.P.x/c
    81   0.0000   8.1033   0.7081   0.0000  -0.0000   0.0000   0.0000   0.0000   0.0000   0.0000  -0.0000    0.110
    82   0.0000   7.7953   1.2357   0.0000   0.0000   0.0000   0.0000  -0.0000   0.0000   0.0000  -0.0000    0.073
    83   0.0000   7.3128   1.6577   0.0000  -0.0000   0.0000   0.0000  -0.0000   0.0000   0.0000  -0.0000    0.131
    84   0.0000   6.6651   1.9342   0.0000  -0.0000   0.0000   0.0000  -0.0000   0.0000   0.0000  -0.0000    0.153
    85   0.0000   5.8661   2.0384   0.0000  -0.0000   0.0000   0.0000  -0.0000   0.0000   0.0000  -0.0000    0.137
    86   0.0000   4.9330   1.9589   0.0000  -0.0000   0.0000   0.0000  -0.0000   0.0000   0.0000  -0.0000    0.144
    87   0.0000   4.2949   2.2317   0.0000   0.0000   0.0000   0.0000  -0.0000   0.0000   0.0000  -0.0000    0.184
    88   0.0000   4.0244   2.2380   0.0000   0.0000   0.0000   0.0000  -0.0000   0.0000   0.0000  -0.0000    0.196
    89   0.0000   3.7387   2.1678   0.0000   0.0000   0.0000   0.0000  -0.0000   0.0000   0.0000  -0.0000    0.202
    90   0.0000   3.4444   2.0327   0.0000  -0.0000   0.0000   0.0000  -0.0000   0.0000   0.0000  -0.0000    0.215
    91   0.0000   3.1483   1.8474   0.0000  -0.0000   0.0000   0.0000  -0.0000   0.0000   0.0000  -0.0000    0.221
    92   0.0000   2.8574   1.6279   0.0000  -0.0000   0.0000   0.0000  -0.0000   0.0000   0.0000  -0.0000    0.221
    93   0.0000   2.5785   1.3906   0.0000  -0.0000   0.0000   0.0000  -0.0000   0.0000   0.0000  -0.0000    0.245
    94   0.0000   2.3180   1.1503   0.0000  -0.0000   0.0000   0.0000  -0.0000   0.0000   0.0000  -0.0000    0.228
    95   0.0000   2.0821   0.9193   0.0000  -0.0000   0.0000   0.0000  -0.0000   0.0000   0.0000  -0.0000    0.233
    96   0.0000   1.8763   0.7063   0.0000  -0.0000   0.0000   0.0000  -0.0000   0.0000   0.0000  -0.0000    0.226
    97   0.0000   1.7056   0.5158   0.0000  -0.0000   0.0000   0.0000  -0.0000   0.0000   0.0000  -0.0000    0.218
    98   0.0000   1.5739   0.3482   0.0000  -0.0000   0.0000   0.0000  -0.0000   0.0000   0.0000  -0.0000    0.205
    99   0.0000   1.4843   0.2002   0.0000  -0.0000   0.0000   0.0000  -0.0000   0.0000   0.0000  -0.0000    0.200
   100   0.0000   1.4389   0.0652   0.0000  -0.0000   0.0000   0.0000  -0.0000   0.0000   0.0000  -0.0000    0.177

  Surface # 6     fuselage_horizontal                     
     # Chordwise = 10   # Spanwise = 10     First strip =101
     Surface area =  112.392822       Ave. chord =   30.376440
     CLsurf  =  -0.01380     Clsurf  =   0.00000
     CYsurf  =   0.00000     Cmsurf  =  -0.10579
     CDsurf  =  -0.01394     Cnsurf  =   0.00000
     CDisurf =  -0.01394     CDvsurf =   0.00000

  Forces referred to Ssurf, Cave about hinge axis thru LE
     CLsurf  =  -0.01533     CDsurf  =  -0.01548
     Deflect =

 Strip Forces referred to Strip Area, Chord
    j      Yle    Chord     Area     c cl      ai      cl_norm  cl       cd       cdv    cm_c/4    cm_LE  C.P.x/c
   101  -1.6650  21.5445   7.9715  -0.3836   0.1403  -0.3971  -0.0178   0.0442   0.0000  -0.0148  -0.0011   -0.583
   102  -1.2950  27.3129  10.1058  -0.8699   0.0988  -0.1451  -0.0318   0.0536   0.0000  -0.0108  -0.0006   -0.090
   103  -0.9250  31.3629  11.6043  -0.7131   0.0311  -0.0513  -0.0227   0.0250   0.0000  -0.0125  -0.0018   -0.299
   104  -0.5550  34.6182  12.8087  -0.3953  -0.1599  -0.0150  -0.0114  -0.0252   0.0000  -0.0131  -0.0038   -0.902
   105  -0.1850  37.0437  13.7062   0.0341  -0.2308   0.0009   0.0009  -0.1263   0.0000  -0.0145  -0.0090
   106   0.1850  37.0437  13.7062   0.0341  -0.2308   0.0009   0.0009  -0.1263   0.0000  -0.0145  -0.0090
   107   0.5550  34.6182  12.8087  -0.3953  -0.1599  -0.0150  -0.0114  -0.0252   0.0000  -0.0131  -0.0038   -0.902
   108   0.9250  31.3629  11.6043  -0.7131   0.0311  -0.0513  -0.0227   0.0250   0.0000  -0.0125  -0.0018   -0.299
   109   1.2950  27.3129  10.1058  -0.8699   0.0988  -0.1451  -0.0318   0.0536   0.0000  -0.0108  -0.0006   -0.090
   110   1.6650  21.5445   7.9715  -0.3836   0.1403  -0.3971  -0.0178   0.0442   0.0000  -0.0148  -0.0011   -0.583

  Surface # 7     fuselage_vertical                       
     # Chordwise = 10   # Spanwise = 10     First strip =111
     Surface area =  114.215408       Ave. chord =   30.376440
     CLsurf  =   0.00000     Clsurf  =  -0.00000
     CYsurf  =  -0.00000     Cmsurf  =  -0.00000
     CDsurf  =  -0.00000     Cnsurf  =   0.00000
     CDisurf =  -0.00000     CDvsurf =   0.00000

  Forces referred to Ssurf, Cave about hinge axis thru LE
     CLsurf  =   0.00000     CDsurf  =  -0.00000
     Deflect =

 Strip Forces referred to Strip Area, Chord
    j      Yle    Chord     Area     c cl      ai      cl_norm  cl       cd       cdv    cm_c/4    cm_LE  C.P.x/c
   111   0.0000  21.5445   8.1007   0.0000   0.0000   0.0000   0.0000   0.0000   0.0000  -0.0000  -0.0000    0.495
   112   0.0000  27.3129  10.2696   0.0000  -0.0000   0.0000   0.0000   0.0000   0.0000  -0.0000  -0.0000    0.446
   113   0.0000  31.3629  11.7925   0.0000  -0.0000   0.0000   0.0000   0.0000   0.0000  -0.0000  -0.0000    0.462
   114   0.0000  34.6182  13.0164   0.0000  -0.0000   0.0000   0.0000  -0.0000   0.0000  -0.0000  -0.0000    0.460
   115   0.0000  37.0437  13.9284   0.0000  -0.0000   0.0000   0.0000  -0.0000   0.0000  -0.0000  -0.0000    0.458
   116   0.0000  37.0437  13.9284   0.0000   0.0000   0.0000   0.0000  -0.0000   0.0000  -0.0000  -0.0000    0.545
   117   0.0000  34.6182  13.0164   0.0000  -0.0000   0.0000   0.0000  -0.0000   0.0000  -0.0000  -0.0000    0.550
   118   0.0000  31.3629  11.7925   0.0000  -0.0000   0.0000   0.0000   0.0000   0.0000  -0.0000  -0.0000    0.513
   119   0.0000  27.3129  10.2696   0.0000  -0.0000   0.0000   0.0000   0.0000   0.0000  -0.0000  -0.0000    0.418
   120   0.0000  21.5445   8.1007   0.0000   0.0000   0.0000   0.0000  -0.0000   0.0000  -0.0000  -0.0000    0.459
 ---------------------------------------------------------------
