 ---------------------------------------------------------------
 Surface and Strip Forces by surface

  Forces referred to Sref, Cref, Bref about Xref, Yref, Zref
 Standard axis orientation,  X fwd, Z down         

  Surface # 1     main_wing                               
     # Chordwise = 10   # Spanwise = 30     First strip =  1
     Surface area =   63.968842       Ave. chord =    3.715026
     CLsurf  =   0.54584     Clsurf  =  -0.11017
     CYsurf  =  -0.03297     Cmsurf  =  -0.51595
     CDsurf  =   0.02487     Cnsurf  =  -0.01063
     CDisurf =   0.02487     CDvsurf =   0.00000

  Forces referred to Ssurf, Cave about hinge axis thru LE
     CLsurf  =   1.06734     CDsurf  =   0.04855
     Deflect =

 Strip Forces referred to Strip Area, Chord
    j      Yle    Chord     Area     c cl      ai      cl_norm  cl       cd       cdv    cm_c/4    cm_LE  C.P.x/c
     1   0.0114   7.7520   0.3539   7.0378   0.1909   0.9622   0.7452   1.3774   0.0000  -0.0831  -0.2542    0.362
     2   0.1025   7.6885   1.0491   6.0055   0.1906   0.9807   0.7596   0.2225   0.0000  -0.0751  -0.2219    0.349
     3   0.2837   7.5620   1.7073   5.9207   0.1896   0.9956   0.7711   0.1440   0.0000  -0.0726  -0.2202    0.344
     4   0.5530   7.3741   2.3052   5.8866   0.1871   1.0185   0.7889   0.1252   0.0000  -0.0685  -0.2201    0.337
     5   0.9075   7.1267   2.8223   5.8492   0.1816   1.0488   0.8123   0.1184   0.0000  -0.0634  -0.2206    0.328
     6   1.3432   6.8226   3.2414   5.7936   0.1694   1.0869   0.8419   0.1113   0.0000  -0.0581  -0.2221    0.319
     7   1.8554   6.4651   3.5491   5.7054   0.1448   1.1324   0.8771   0.0978   0.0000  -0.0533  -0.2251    0.311
     8   2.4386   6.0582   3.7368   5.5808   0.1203   1.1847   0.9176   0.0858   0.0000  -0.0493  -0.2299    0.304
     9   3.0862   5.6062   3.8005   5.4180   0.1074   1.2460   0.9651   0.0700   0.0000  -0.0465  -0.2369    0.298
    10   3.7613   5.1351   3.4440   5.2647   0.0960   1.3248   1.0260   0.0562   0.0000  -0.0430  -0.2461    0.292
    11   4.4532   4.6522   3.3149   4.9989   0.0820   1.3906   1.0770   0.0452   0.0000  -0.0398  -0.2537    0.287
    12   5.1831   4.1429   3.0930   4.7704   0.0601   1.4945   1.1575   0.0217   0.0000  -0.0379  -0.2680    0.283
    13   6.0123   3.7903   3.4706   4.5180   0.0441   1.4719   1.1992   0.0137   0.0000  -0.0260  -0.2926    0.272
    14   6.9353   3.6075   3.3775   4.3138   0.0435   1.4771   1.2034   0.0109   0.0000  -0.0231  -0.2909    0.269
    15   7.8737   3.4215   3.2389   4.1228   0.0403   1.4890   1.2131   0.0073   0.0000  -0.0219  -0.2919    0.268
    16   8.8172   3.2345   3.0619   3.9341   0.0383   1.5036   1.2251   0.0029   0.0000  -0.0216  -0.2942    0.268
    17   9.7556   3.0486   2.8543   3.7441   0.0383   1.5188   1.2375  -0.0009   0.0000  -0.0220  -0.2972    0.268
    18  10.6786   2.8657   2.6239   3.5535   0.0398   1.5341   1.2499  -0.0049   0.0000  -0.0225  -0.3004    0.268
    19  11.5760   2.6879   2.3787   3.3586   0.0424   1.5465   1.2600  -0.0090   0.0000  -0.0227  -0.3027    0.268
    20  12.4328   2.5181   2.1010   3.1617   0.0467   1.5545   1.2665  -0.0124   0.0000  -0.0214  -0.3029    0.267
    21  13.2400   2.3582   1.8520   2.9599   0.0531   1.5543   1.2664  -0.0148   0.0000  -0.0181  -0.2999    0.264
    22  13.9941   2.2087   1.6074   2.7461   0.0609   1.5401   1.2548  -0.0179   0.0000  -0.0126  -0.2924    0.260
    23  14.6868   2.0715   1.3716   2.5127   0.0700   1.5032   1.2247  -0.0211   0.0000  -0.0048  -0.2786    0.254
    24  15.3105   1.9479   1.1479   2.2534   0.0796   1.4342   1.1685  -0.0243   0.0000   0.0046  -0.2577    0.246
    25  15.8583   1.8393   0.9381   1.9611   0.0894   1.3223   1.0773  -0.0250   0.0000   0.0113  -0.2312    0.239
    26  16.3244   1.7470   0.7427   1.6332   0.0993   1.1585   0.9438  -0.0159   0.0000   0.0058  -0.2064    0.244
    27  16.6722   1.4928   0.4131   1.2846   0.1084   2.9325   0.8778  -0.0857   0.0000   0.0002  -0.1073    0.250
    28  16.9098   1.1466   0.2292   0.9366   0.1174   2.8101   0.8412  -0.1457   0.0000   0.0398  -0.0838    0.203
    29  17.0696   0.9138   0.1104   0.5704   0.1228   2.1823   0.6532  -0.1942   0.0000   0.0703  -0.0459    0.142
    30  17.1499   0.7967   0.0322   0.1916   0.1253   0.8696   0.2603  -0.1439   0.0000   0.0408  -0.0114    0.093

  Surface # 2     main_wing (YDUP)                        
     # Chordwise = 10   # Spanwise = 30     First strip = 31
     Surface area =   63.968842       Ave. chord =    3.715026
     CLsurf  =   0.54584     Clsurf  =   0.11017
     CYsurf  =   0.03297     Cmsurf  =  -0.51595
     CDsurf  =   0.02487     Cnsurf  =   0.01063
     CDisurf =   0.02487     CDvsurf =   0.00000

  Forces referred to Ssurf, Cave about hinge axis thru LE
     CLsurf  =   1.06733     CDsurf  =   0.04855
     Deflect =

 Strip Forces referred to Strip Area, Chord
    j      Yle    Chord     Area     c cl      ai      cl_norm  cl       cd       cdv    cm_c/4    cm_LE  C.P.x/c
    31  -0.0114   7.7520   0.3539   7.0378   0.1909   0.9622   0.7452   1.3774   0.0000  -0.0831   0.2542    0.362
    32  -0.1025   7.6885   1.0491   6.0055   0.1906   0.9807   0.7596   0.2225   0.0000  -0.0751   0.2219    0.349
    33  -0.2837   7.5620   1.7073   5.9207   0.1896   0.9956   0.7711   0.1440   0.0000  -0.0726   0.2202    0.344
    34  -0.5530   7.3741   2.3052   5.8866   0.1871   1.0185   0.7889   0.1252   0.0000  -0.0685   0.2201    0.337
    35  -0.9075   7.1267   2.8223   5.8492   0.1816   1.0488   0.8123   0.1184   0.0000  -0.0634   0.2206    0.328
    36  -1.3432   6.8226   3.2414   5.7936   0.1694   1.0869   0.8419   0.1113   0.0000  -0.0581   0.2221    0.319
    37  -1.8554   6.4651   3.5491   5.7054   0.1448   1.1324   0.8771   0.0978   0.0000  -0.0533   0.2251    0.311
    38  -2.4386   6.0582   3.7368   5.5808   0.1203   1.1847   0.9176   0.0858   0.0000  -0.0493   0.2299    0.304
    39  -3.0862   5.6062   3.8005   5.4180   0.1074   1.2460   0.9651   0.0700   0.0000  -0.0465   0.2369    0.298
    40  -3.7613   5.1351   3.4440   5.2647   0.0960   1.3248   1.0260   0.0562   0.0000  -0.0430   0.2461    0.292
    41  -4.4532   4.6522   3.3149   4.9989   0.0820   1.3906   1.0770   0.0452   0.0000  -0.0398   0.2537    0.287
    42  -5.1831   4.1429   3.0930   4.7704   0.0601   1.4945   1.1575   0.0217   0.0000  -0.0379   0.2680    0.283
    43  -6.0123   3.7903   3.4706   4.5180   0.0441   1.4719   1.1992   0.0137   0.0000  -0.0260   0.2926    0.272
    44  -6.9353   3.6075   3.3775   4.3138   0.0435   1.4771   1.2034   0.0109   0.0000  -0.0231   0.2909    0.269
    45  -7.8737   3.4215   3.2389   4.1228   0.0403   1.4890   1.2131   0.0073   0.0000  -0.0219   0.2919    0.268
    46  -8.8172   3.2345   3.0619   3.9341   0.0383   1.5036   1.2250   0.0029   0.0000  -0.0216   0.2942    0.268
    47  -9.7556   3.0486   2.8543   3.7441   0.0383   1.5188   1.2375  -0.0009   0.0000  -0.0220   0.2972    0.268
    48 -10.6786   2.8657   2.6239   3.5534   0.0398   1.5341   1.2499  -0.0049   0.0000  -0.0225   0.3004    0.268
    49 -11.5760   2.6879   2.3787   3.3586   0.0424   1.5465   1.2600  -0.0090   0.0000  -0.0227   0.3027    0.268
    50 -12.4328   2.5181   2.1010   3.1617   0.0467   1.5545   1.2665  -0.0124   0.0000  -0.0214   0.3029    0.267
    51 -13.2400   2.3582   1.8520   2.9598   0.0531   1.5543   1.2664  -0.0148   0.0000  -0.0181   0.2999    0.264
    52 -13.9941   2.2087   1.6074   2.7461   0.0609   1.5401   1.2548  -0.0179   0.0000  -0.0126   0.2924    0.260
    53 -14.6868   2.0715   1.3716   2.5127   0.0700   1.5032   1.2247  -0.0211   0.0000  -0.0048   0.2786    0.254
    54 -15.3105   1.9479   1.1479   2.2534   0.0796   1.4342   1.1685  -0.0243   0.0000   0.0046   0.2577    0.246
    55 -15.8583   1.8393   0.9381   1.9611   0.0894   1.3223   1.0773  -0.0250   0.0000   0.0113   0.2312    0.239
    56 -16.3244   1.7470   0.7427   1.6332   0.0993   1.1585   0.9438  -0.0159   0.0000   0.0058   0.2064    0.244
    57 -16.6722   1.4928   0.4131   1.2846   0.1084   2.9325   0.8778  -0.0857   0.0000   0.0002   0.1073    0.250
    58 -16.9098   1.1466   0.2292   0.9366   0.1174   2.8101   0.8412  -0.1457   0.0000   0.0398   0.0838    0.203
    59 -17.0696   0.9138   0.1104   0.5704   0.1228   2.1823   0.6532  -0.1942   0.0000   0.0703   0.0459    0.142
    60 -17.1499   0.7967   0.0322   0.1916   0.1253   0.8696   0.2603  -0.1439   0.0000   0.0408   0.0114    0.093

  Surface # 3     horizontal_stabilizer                   
     # Chordwise = 10   # Spanwise = 30     First strip = 61
     Surface area =   20.744604       Ave. chord =    2.848572
     CLsurf  =   0.04410     Clsurf  =  -0.00462
     CYsurf  =  -0.00737     Cmsurf  =  -0.21611
     CDsurf  =   0.00396     Cnsurf  =   0.00414
     CDisurf =   0.00396     CDvsurf =   0.00000

  Forces referred to Ssurf, Cave about hinge axis thru LE
     CLsurf  =   0.26906     CDsurf  =   0.02383
     Deflect =

 Strip Forces referred to Strip Area, Chord
    j      Yle    Chord     Area     c cl      ai      cl_norm  cl       cd       cdv    cm_c/4    cm_LE  C.P.x/c
    61   0.0047   4.2713   0.0803   1.1264   0.1415   0.3217   0.2456   0.1640   0.0000  -0.0217  -0.0754    0.339
    62   0.0418   4.2566   0.2392   0.9240   0.1419   0.2809   0.2144   0.0351   0.0000  -0.0192  -0.0634    0.340
    63   0.1156   4.2274   0.3930   0.9077   0.1420   0.2793   0.2131   0.0258   0.0000  -0.0186  -0.0624    0.337
    64   0.2254   4.1839   0.5386   0.9041   0.1414   0.2814   0.2148   0.0240   0.0000  -0.0176  -0.0618    0.332
    65   0.3698   4.1268   0.6730   0.9019   0.1401   0.2847   0.2173   0.0236   0.0000  -0.0162  -0.0612    0.325
    66   0.5474   4.0565   0.7936   0.9002   0.1378   0.2891   0.2207   0.0235   0.0000  -0.0146  -0.0606    0.316
    67   0.7617   3.9717   0.9441   0.8977   0.1344   0.2946   0.2248   0.0235   0.0000  -0.0129  -0.0601    0.307
    68   1.0116   3.8728   1.0344   0.8933   0.1296   0.3007   0.2295   0.0234   0.0000  -0.0112  -0.0597    0.299
    69   1.2891   3.7630   1.1046   0.8884   0.1237   0.3079   0.2350   0.0235   0.0000  -0.0097  -0.0596    0.291
    70   1.5912   3.6435   1.1542   0.8826   0.1171   0.3160   0.2411   0.0237   0.0000  -0.0083  -0.0598    0.284
    71   1.9146   3.5155   1.1831   0.8761   0.1106   0.3251   0.2481   0.0239   0.0000  -0.0070  -0.0603    0.278
    72   2.2558   3.3805   1.1921   0.8686   0.1048   0.3353   0.2559   0.0240   0.0000  -0.0059  -0.0610    0.273
    73   2.6109   3.2400   1.1821   0.8607   0.1003   0.3468   0.2646   0.0243   0.0000  -0.0047  -0.0619    0.268
    74   2.9762   3.0955   1.1548   0.8525   0.0970   0.3596   0.2744   0.0247   0.0000  -0.0036  -0.0631    0.263
    75   3.3476   2.9485   1.1122   0.8425   0.0948   0.3732   0.2848   0.0250   0.0000  -0.0025  -0.0644    0.259
    76   3.7210   2.8008   1.0564   0.8310   0.0934   0.3876   0.2958   0.0253   0.0000  -0.0011  -0.0657    0.254
    77   4.0924   2.6538   0.9900   0.8171   0.0927   0.4024   0.3071   0.0254   0.0000   0.0004  -0.0669    0.249
    78   4.4577   2.5093   0.9155   0.7998   0.0927   0.4167   0.3180   0.0253   0.0000   0.0022  -0.0678    0.243
    79   4.8128   2.3687   0.8353   0.7779   0.0932   0.4294   0.3277   0.0252   0.0000   0.0044  -0.0680    0.237
    80   5.1540   2.2338   0.7518   0.7506   0.0943   0.4396   0.3355   0.0248   0.0000   0.0070  -0.0675    0.229
    81   5.4774   2.1058   0.6671   0.7169   0.0956   0.4456   0.3401   0.0238   0.0000   0.0102  -0.0658    0.220
    82   5.7795   1.9862   0.5830   0.6759   0.0973   0.4455   0.3400   0.0224   0.0000   0.0139  -0.0627    0.209
    83   6.0570   1.8764   0.5012   0.6277   0.0990   0.4382   0.3344   0.0207   0.0000   0.0180  -0.0580    0.196
    84   6.3069   1.7776   0.4225   0.5721   0.1006   0.4219   0.3220   0.0184   0.0000   0.0220  -0.0519    0.182
    85   6.5264   1.6907   0.3478   0.5093   0.1021   0.3951   0.3015   0.0155   0.0000   0.0256  -0.0444    0.165
    86   6.7314   1.6096   0.3326   0.4360   0.1035   0.3556   0.2714   0.0121   0.0000   0.0281  -0.0356    0.146
    87   6.9144   1.5372   0.2507   0.3493   0.1047   0.2987   0.2279   0.0080   0.0000   0.0283  -0.0259    0.126
    88   7.0535   1.4822   0.1746   0.2547   0.1056   0.2263   0.1727   0.0035   0.0000   0.0248  -0.0168    0.106
    89   7.1471   1.4451   0.1029   0.1550   0.1063   0.1416   0.1081  -0.0001   0.0000   0.0172  -0.0090    0.091
    90   7.1941   1.4265   0.0340   0.0520   0.1066   0.0487   0.0372  -0.0036   0.0000   0.0061  -0.0028    0.085

  Surface # 4     horizontal_stabilizer (YDUP)            
     # Chordwise = 10   # Spanwise = 30     First strip = 91
     Surface area =   20.744604       Ave. chord =    2.848572
     CLsurf  =   0.04410     Clsurf  =   0.00462
     CYsurf  =   0.00737     Cmsurf  =  -0.21611
     CDsurf  =   0.00396     Cnsurf  =  -0.00414
     CDisurf =   0.00396     CDvsurf =   0.00000

  Forces referred to Ssurf, Cave about hinge axis thru LE
     CLsurf  =   0.26906     CDsurf  =   0.02383
     Deflect =

 Strip Forces referred to Strip Area, Chord
    j      Yle    Chord     Area     c cl      ai      cl_norm  cl       cd       cdv    cm_c/4    cm_LE  C.P.x/c
    91  -0.0047   4.2713   0.0803   1.1264   0.1415   0.3217   0.2456   0.1640   0.0000  -0.0217   0.0754    0.339
    92  -0.0418   4.2566   0.2392   0.9240   0.1419   0.2809   0.2144   0.0351   0.0000  -0.0192   0.0634    0.340
    93  -0.1156   4.2274   0.3930   0.9077   0.1420   0.2793   0.2131   0.0258   0.0000  -0.0186   0.0624    0.337
    94  -0.2254   4.1839   0.5386   0.9041   0.1414   0.2814   0.2148   0.0240   0.0000  -0.0176   0.0618    0.332
    95  -0.3698   4.1268   0.6730   0.9019   0.1401   0.2847   0.2173   0.0236   0.0000  -0.0162   0.0612    0.325
    96  -0.5474   4.0565   0.7936   0.9002   0.1378   0.2891   0.2207   0.0235   0.0000  -0.0146   0.0606    0.316
    97  -0.7617   3.9717   0.9441   0.8977   0.1344   0.2946   0.2248   0.0235   0.0000  -0.0129   0.0601    0.307
    98  -1.0116   3.8728   1.0344   0.8933   0.1296   0.3007   0.2295   0.0234   0.0000  -0.0112   0.0597    0.299
    99  -1.2891   3.7630   1.1046   0.8884   0.1237   0.3079   0.2350   0.0235   0.0000  -0.0097   0.0596    0.291
   100  -1.5912   3.6435   1.1542   0.8826   0.1171   0.3160   0.2411   0.0237   0.0000  -0.0083   0.0598    0.284
   101  -1.9146   3.5155   1.1831   0.8761   0.1106   0.3251   0.2481   0.0239   0.0000  -0.0070   0.0603    0.278
   102  -2.2558   3.3805   1.1921   0.8686   0.1048   0.3353   0.2559   0.0240   0.0000  -0.0059   0.0610    0.273
   103  -2.6109   3.2400   1.1821   0.8607   0.1003   0.3468   0.2646   0.0243   0.0000  -0.0047   0.0619    0.268
   104  -2.9762   3.0955   1.1548   0.8525   0.0970   0.3596   0.2744   0.0247   0.0000  -0.0036   0.0631    0.263
   105  -3.3476   2.9485   1.1122   0.8425   0.0948   0.3732   0.2848   0.0250   0.0000  -0.0025   0.0644    0.259
   106  -3.7210   2.8008   1.0564   0.8310   0.0934   0.3876   0.2958   0.0253   0.0000  -0.0011   0.0657    0.254
   107  -4.0924   2.6538   0.9900   0.8171   0.0927   0.4024   0.3071   0.0254   0.0000   0.0004   0.0669    0.249
   108  -4.4577   2.5093   0.9155   0.7998   0.0927   0.4167   0.3180   0.0253   0.0000   0.0022   0.0678    0.243
   109  -4.8128   2.3687   0.8353   0.7778   0.0932   0.4294   0.3277   0.0252   0.0000   0.0044   0.0680    0.237
   110  -5.1540   2.2338   0.7518   0.7506   0.0943   0.4396   0.3355   0.0248   0.0000   0.0070   0.0675    0.229
   111  -5.4774   2.1058   0.6671   0.7169   0.0956   0.4456   0.3401   0.0238   0.0000   0.0102   0.0658    0.220
   112  -5.7795   1.9862   0.5830   0.6758   0.0973   0.4455   0.3400   0.0224   0.0000   0.0139   0.0627    0.209
   113  -6.0570   1.8764   0.5012   0.6277   0.0990   0.4382   0.3344   0.0207   0.0000   0.0180   0.0580    0.196
   114  -6.3069   1.7776   0.4225   0.5721   0.1006   0.4219   0.3220   0.0184   0.0000   0.0220   0.0519    0.182
   115  -6.5264   1.6907   0.3478   0.5093   0.1021   0.3951   0.3015   0.0155   0.0000   0.0256   0.0444    0.165
   116  -6.7314   1.6096   0.3326   0.4360   0.1035   0.3556   0.2714   0.0121   0.0000   0.0281   0.0356    0.146
   117  -6.9144   1.5372   0.2507   0.3493   0.1047   0.2987   0.2279   0.0080   0.0000   0.0283   0.0259    0.126
   118  -7.0535   1.4822   0.1746   0.2547   0.1056   0.2263   0.1727   0.0035   0.0000   0.0248   0.0168    0.106
   119  -7.1471   1.4451   0.1029   0.1550   0.1063   0.1416   0.1081  -0.0001   0.0000   0.0172   0.0090    0.091
   120  -7.1941   1.4265   0.0340   0.0520   0.1066   0.0487   0.0372  -0.0036   0.0000   0.0061   0.0028    0.085

  Surface # 5     vertical_stabilizer                     
     # Chordwise = 10   # Spanwise = 30     First strip =121
     Surface area =   34.910358       Ave. chord =    4.190919
     CLsurf  =   0.00000     Clsurf  =   0.00000
     CYsurf  =   0.00000     Cmsurf  =  -0.00000
     CDsurf  =  -0.00000     Cnsurf  =  -0.00000
     CDisurf =  -0.00000     CDvsurf =   0.00000

  Forces referred to Ssurf, Cave about hinge axis thru LE
     CLsurf  =  -0.00000     CDsurf  =  -0.00000
     Deflect =

 Strip Forces referred to Strip Area, Chord
    j      Yle    Chord     Area     c cl      ai      cl_norm  cl       cd       cdv    cm_c/4    cm_LE  C.P.x/c
   121   0.0000  10.0347   0.6931  -0.0000   0.0000  -0.0000  -0.0000   0.0000   0.0000   0.0000   0.0000    0.485
   122   0.0000   9.8296   1.1101  -0.0000   0.0000  -0.0000  -0.0000   0.0000   0.0000   0.0000   0.0000    0.486
   123   0.0000   9.5266   1.4857  -0.0000  -0.0000  -0.0000  -0.0000   0.0000   0.0000   0.0000   0.0000    0.495
   124   0.0000   9.1281   1.8040  -0.0000   0.0000  -0.0000  -0.0000   0.0000   0.0000   0.0000   0.0000    0.505
   125   0.0000   8.6377   2.0517  -0.0000   0.0000  -0.0000  -0.0000  -0.0000   0.0000   0.0000   0.0000    0.509
   126   0.0000   8.0598   2.2181  -0.0000   0.0000  -0.0000  -0.0000   0.0000   0.0000   0.0000   0.0000    0.502
   127   0.0000   7.4000   2.2957  -0.0000   0.0000  -0.0000  -0.0000   0.0000   0.0000   0.0000   0.0000    0.493
   128   0.0000   6.6646   2.2808  -0.0000   0.0000  -0.0000  -0.0000   0.0000   0.0000   0.0000   0.0000    0.474
   129   0.0000   5.8609   2.1733  -0.0000   0.0000  -0.0000  -0.0000  -0.0000   0.0000   0.0000   0.0000    0.444
   130   0.0000   4.9969   1.9773  -0.0000   0.0000  -0.0000  -0.0000   0.0000   0.0000   0.0000   0.0000    0.394
   131   0.0000   4.4389   1.6667  -0.0000   0.0000  -0.0000  -0.0000   0.0000   0.0000   0.0000   0.0000    0.349
   132   0.0000   4.2198   1.6478  -0.0000   0.0000  -0.0000  -0.0000   0.0000   0.0000   0.0000   0.0000    0.331
   133   0.0000   3.9932   1.6033  -0.0000   0.0000  -0.0000  -0.0000  -0.0000   0.0000   0.0000   0.0000    0.318
   134   0.0000   3.7615   1.5362  -0.0000   0.0000  -0.0000  -0.0000  -0.0000   0.0000   0.0000   0.0000    0.305
   135   0.0000   3.5271   1.4499  -0.0000   0.0000  -0.0000  -0.0000  -0.0000   0.0000   0.0000   0.0000    0.295
   136   0.0000   3.2923   1.3482  -0.0000   0.0000  -0.0000  -0.0000  -0.0000   0.0000   0.0000   0.0000    0.281
   137   0.0000   3.0597   1.2352  -0.0000   0.0000  -0.0000  -0.0000  -0.0000   0.0000   0.0000   0.0000    0.268
   138   0.0000   2.8315   1.1147  -0.0000   0.0000  -0.0000  -0.0000  -0.0000   0.0000   0.0000   0.0000    0.259
   139   0.0000   2.6103   0.9908  -0.0000   0.0000  -0.0000  -0.0000  -0.0000   0.0000  -0.0000   0.0000    0.249
   140   0.0000   2.3983   0.8670  -0.0000   0.0000  -0.0000  -0.0000  -0.0000   0.0000  -0.0000   0.0000    0.238
   141   0.0000   2.1977   0.7464  -0.0000   0.0000  -0.0000  -0.0000  -0.0000   0.0000  -0.0000   0.0000    0.229
   142   0.0000   2.0106   0.6318  -0.0000   0.0000  -0.0000  -0.0000  -0.0000   0.0000  -0.0000   0.0000    0.217
   143   0.0000   1.8390   0.5251  -0.0000   0.0000  -0.0000  -0.0000  -0.0000   0.0000  -0.0000   0.0000    0.206
   144   0.0000   1.6847   0.4276  -0.0000   0.0000  -0.0000  -0.0000  -0.0000   0.0000  -0.0000   0.0000    0.191
   145   0.0000   1.5493   0.3400  -0.0000   0.0000  -0.0000  -0.0000  -0.0000   0.0000  -0.0000   0.0000    0.172
   146   0.0000   1.4342   0.2622  -0.0000   0.0000  -0.0000  -0.0000  -0.0000   0.0000  -0.0000   0.0000    0.149
   147   0.0000   1.3407   0.1933  -0.0000   0.0000  -0.0000  -0.0000  -0.0000   0.0000  -0.0000   0.0000    0.129
   148   0.0000   1.2696   0.1322  -0.0000   0.0000  -0.0000  -0.0000  -0.0000   0.0000  -0.0000   0.0000    0.105
   149   0.0000   1.2218   0.0769  -0.0000   0.0000  -0.0000  -0.0000  -0.0000   0.0000  -0.0000   0.0000    0.086
   150   0.0000   1.1978   0.0252  -0.0000   0.0000  -0.0000  -0.0000  -0.0000   0.0000  -0.0000   0.0000    0.078

  Surface # 6     fuselage_horizontal                     
     # Chordwise = 10   # Spanwise = 10     First strip =151
     Surface area =  123.841202       Ave. chord =   33.112617
     CLsurf  =   0.00998     Clsurf  =  -0.00000
     CYsurf  =   0.00000     Cmsurf  =   0.06047
     CDsurf  =  -0.00013     Cnsurf  =   0.00000
     CDisurf =  -0.00013     CDvsurf =   0.00000

  Forces referred to Ssurf, Cave about hinge axis thru LE
     CLsurf  =   0.01006     CDsurf  =  -0.00014
     Deflect =

 Strip Forces referred to Strip Area, Chord
    j      Yle    Chord     Area     c cl      ai      cl_norm  cl       cd       cdv    cm_c/4    cm_LE  C.P.x/c
   151  -1.6830  26.5957   9.9468   0.2237   0.1948   0.0961   0.0089  -0.0037   0.0000   0.0041   0.0003   -0.204
   152  -1.3090  31.2096  11.6724   0.3232   0.2112   0.0396   0.0106  -0.0012   0.0000   0.0052   0.0006   -0.239
   153  -0.9350  34.0626  12.7394   0.3507   0.1936   0.0248   0.0104   0.0000   0.0000   0.0064   0.0013   -0.371
   154  -0.5610  36.1619  13.5246   0.3701   0.1904   0.0170   0.0102   0.0009   0.0000   0.0070   0.0020   -0.434
   155  -0.1870  37.5332  14.0374   0.3828   0.1923   0.0116   0.0100   0.0022   0.0000   0.0071   0.0031   -0.461
   156   0.1870  37.5332  14.0374   0.3828   0.1923   0.0116   0.0100   0.0022   0.0000   0.0071   0.0031   -0.461
   157   0.5610  36.1619  13.5246   0.3701   0.1904   0.0170   0.0102   0.0009   0.0000   0.0070   0.0020   -0.434
   158   0.9350  34.0626  12.7394   0.3507   0.1936   0.0248   0.0104   0.0000   0.0000   0.0064   0.0013   -0.371
   159   1.3090  31.2096  11.6724   0.3232   0.2112   0.0396   0.0106  -0.0012   0.0000   0.0052   0.0006   -0.239
   160   1.6830  26.5957   9.9468   0.2237   0.1948   0.0961   0.0089  -0.0037   0.0000   0.0041   0.0003   -0.204

  Surface # 7     fuselage_vertical                       
     # Chordwise = 10   # Spanwise = 10     First strip =161
     Surface area =  123.841202       Ave. chord =   33.112617
     CLsurf  =  -0.00000     Clsurf  =  -0.00000
     CYsurf  =   0.00000     Cmsurf  =   0.00000
     CDsurf  =  -0.00000     Cnsurf  =   0.00000
     CDisurf =  -0.00000     CDvsurf =   0.00000

  Forces referred to Ssurf, Cave about hinge axis thru LE
     CLsurf  =  -0.00000     CDsurf  =  -0.00000
     Deflect =

 Strip Forces referred to Strip Area, Chord
    j      Yle    Chord     Area     c cl      ai      cl_norm  cl       cd       cdv    cm_c/4    cm_LE  C.P.x/c
   161   0.0000  26.5957   9.9468  -0.0000  -0.0000  -0.0000  -0.0000   0.0000   0.0000   0.0000   0.0000
   162   0.0000  31.2096  11.6724  -0.0000  -0.0000  -0.0000  -0.0000  -0.0000   0.0000  -0.0000  -0.0000
   163   0.0000  34.0626  12.7394  -0.0000   0.0000  -0.0000  -0.0000  -0.0000   0.0000  -0.0000  -0.0000
   164   0.0000  36.1619  13.5246  -0.0000   0.0000  -0.0000  -0.0000   0.0000   0.0000  -0.0000  -0.0000
   165   0.0000  37.5332  14.0374  -0.0000  -0.0000  -0.0000  -0.0000   0.0000   0.0000  -0.0000  -0.0000
   166   0.0000  37.5332  14.0374  -0.0000   0.0000  -0.0000  -0.0000  -0.0000   0.0000  -0.0000  -0.0000   -0.233
   167   0.0000  36.1619  13.5246  -0.0000   0.0000  -0.0000  -0.0000  -0.0000   0.0000   0.0000   0.0000    0.303
   168   0.0000  34.0626  12.7394  -0.0000   0.0000  -0.0000  -0.0000   0.0000   0.0000   0.0000   0.0000    0.494
   169   0.0000  31.2096  11.6724  -0.0000  -0.0000  -0.0000  -0.0000  -0.0000   0.0000   0.0000   0.0000    0.617
   170   0.0000  26.5957   9.9468  -0.0000   0.0000  -0.0000  -0.0000  -0.0000   0.0000   0.0000   0.0000    0.722
 ---------------------------------------------------------------
