 ---------------------------------------------------------------
 Surface and Strip Forces by surface

  Forces referred to Sref, Cref, Bref about Xref, Yref, Zref
 Standard axis orientation,  X fwd, Z down         

  Surface # 1     main_wing                               
     # Chordwise = 10   # Spanwise = 20     First strip =  1
     Surface area =   63.790974       Ave. chord =    3.717419
     CLsurf  =  -2.26495     Clsurf  =   0.50037
     CYsurf  =   0.06861     Cmsurf  =   0.37943
     CDsurf  =   0.16613     Cnsurf  =   0.15211
     CDisurf =   0.16613     CDvsurf =   0.00000

  Forces referred to Ssurf, Cave about hinge axis thru LE
     CLsurf  =  -4.43348     CDsurf  =   0.32518
     Deflect =

 Strip Forces referred to Strip Area, Chord
    j      Yle    Chord     Area     c cl      ai      cl_norm  cl       cd       cdv    cm_c/4    cm_LE  C.P.x/c
     1   0.0271   7.7411   0.8376 -18.9000  -0.6188   0.6132   0.6131 -35.0215   0.0000   1.2469   1.8269
     2   0.2428   7.5905   2.4436 -20.1339  -0.4946  -2.4315  -2.4313  -2.6443   0.0000   1.2986   1.9297    0.784
     3   0.6690   7.2932   3.8488 -19.7734  -0.3104  -2.6869  -2.6866  -0.3995   0.0000   1.2688   1.9148    0.722
     4   1.2950   6.8563   4.9402 -18.8259  -0.0882  -2.7705  -2.7703   0.1597   0.0000   1.1117   1.7688    0.651
     5   2.1056   6.2906   5.6339 -17.5381   0.1351  -2.8412  -2.8409   0.4834   0.0000   0.7806   1.4534    0.525
     6   3.0065   5.6619   5.0672 -17.1354   0.1998  -3.0933  -3.0930   0.6287   0.0000   0.4436   1.1806    0.393
     7   3.9586   4.9974   5.0150 -17.5919   0.0169  -3.6114  -3.6110   0.8846   0.0000   0.2299   1.0918    0.314
     8   5.0073   4.2656   4.6382 -18.6052  -0.2124  -4.4937  -4.4932   1.3132   0.0000   0.0804   1.1517    0.268
     9   6.1989   3.7534   4.8429 -19.4287  -0.4048  -5.3385  -5.3382   1.6237   0.0000  -0.0171   1.2749    0.247
    10   7.5095   3.4937   4.6216 -19.4564  -0.4570  -5.7175  -5.7172   1.4496   0.0000  -0.0262   1.3638    0.245
    11   8.8364   3.2307   4.2738 -18.8959  -0.4509  -5.9874  -5.9870   1.3246   0.0000  -0.0226   1.4372    0.246
    12  10.1470   2.9710   3.8335 -17.9444  -0.4215  -6.1704  -6.1700   1.2242   0.0000  -0.0176   1.4900    0.247
    13  11.4090   2.7210   3.3357 -16.7307  -0.3959  -6.2743  -6.2739   1.1613   0.0000  -0.0174   1.5173    0.247
    14  12.6340   2.4782   3.0105 -15.3122  -0.3836  -6.3010  -6.3006   1.1243   0.0000  -0.0192   1.5230    0.247
    15  13.7866   2.2498   2.4374 -13.7157  -0.3919  -6.2188  -6.2184   1.1287   0.0000  -0.0260   1.4957    0.246
    16  14.7941   2.0502   1.8970 -11.9796  -0.4286  -5.9692  -5.9688   1.1813   0.0000  -0.0409   1.4176    0.243
    17  15.6315   1.8843   1.4027 -10.0619  -0.4982  -5.4714  -5.4710   1.2649   0.0000  -0.0674   1.2655    0.238
    18  16.2783   1.7561   0.9575  -7.8701  -0.5951  -4.6164  -4.6161   1.3420   0.0000  -0.1021   1.0166    0.228
    19  16.8016   1.3043   0.6198  -5.0870  -0.5456  -3.9993  -3.9978   0.9450   0.0000  -0.1536   0.7677    0.212
    20  17.1200   0.8402   0.1342  -1.7131  -0.4957  -2.0712  -2.0704   0.2732   0.0000  -0.1462   0.3397    0.179

  Surface # 2     main_wing (YDUP)                        
     # Chordwise = 10   # Spanwise = 20     First strip = 21
     Surface area =   63.790974       Ave. chord =    3.717419
     CLsurf  =  -2.26494     Clsurf  =  -0.50037
     CYsurf  =  -0.06861     Cmsurf  =   0.37943
     CDsurf  =   0.16613     Cnsurf  =  -0.15211
     CDisurf =   0.16613     CDvsurf =   0.00000

  Forces referred to Ssurf, Cave about hinge axis thru LE
     CLsurf  =  -4.43347     CDsurf  =   0.32517
     Deflect =

 Strip Forces referred to Strip Area, Chord
    j      Yle    Chord     Area     c cl      ai      cl_norm  cl       cd       cdv    cm_c/4    cm_LE  C.P.x/c
    21  -0.0271   7.7411   0.8376 -18.9000  -0.6189   0.6131   0.6130 -35.0207   0.0000   1.2469  -1.8269
    22  -0.2428   7.5905   2.4436 -20.1338  -0.4945  -2.4315  -2.4313  -2.6444   0.0000   1.2986  -1.9297    0.784
    23  -0.6690   7.2932   3.8488 -19.7733  -0.3104  -2.6869  -2.6866  -0.3996   0.0000   1.2688  -1.9148    0.722
    24  -1.2950   6.8563   4.9402 -18.8259  -0.0883  -2.7705  -2.7703   0.1598   0.0000   1.1117  -1.7688    0.651
    25  -2.1056   6.2906   5.6339 -17.5381   0.1351  -2.8412  -2.8409   0.4834   0.0000   0.7806  -1.4534    0.525
    26  -3.0065   5.6619   5.0672 -17.1354   0.1998  -3.0933  -3.0930   0.6287   0.0000   0.4436  -1.1806    0.393
    27  -3.9586   4.9974   5.0150 -17.5919   0.0169  -3.6114  -3.6110   0.8846   0.0000   0.2299  -1.0918    0.314
    28  -5.0073   4.2656   4.6382 -18.6052  -0.2124  -4.4937  -4.4932   1.3132   0.0000   0.0804  -1.1517    0.268
    29  -6.1989   3.7534   4.8429 -19.4287  -0.4048  -5.3385  -5.3381   1.6237   0.0000  -0.0171  -1.2749    0.247
    30  -7.5095   3.4937   4.6216 -19.4564  -0.4570  -5.7175  -5.7171   1.4496   0.0000  -0.0262  -1.3638    0.245
    31  -8.8364   3.2307   4.2738 -18.8959  -0.4509  -5.9874  -5.9870   1.3245   0.0000  -0.0226  -1.4372    0.246
    32 -10.1470   2.9710   3.8335 -17.9443  -0.4215  -6.1703  -6.1699   1.2242   0.0000  -0.0176  -1.4900    0.247
    33 -11.4090   2.7210   3.3357 -16.7307  -0.3959  -6.2743  -6.2739   1.1613   0.0000  -0.0174  -1.5173    0.247
    34 -12.6340   2.4782   3.0105 -15.3121  -0.3836  -6.3010  -6.3006   1.1243   0.0000  -0.0192  -1.5230    0.247
    35 -13.7866   2.2498   2.4374 -13.7157  -0.3919  -6.2187  -6.2183   1.1287   0.0000  -0.0260  -1.4957    0.246
    36 -14.7941   2.0502   1.8970 -11.9796  -0.4286  -5.9692  -5.9688   1.1813   0.0000  -0.0409  -1.4176    0.243
    37 -15.6315   1.8843   1.4027 -10.0618  -0.4982  -5.4713  -5.4710   1.2649   0.0000  -0.0674  -1.2655    0.238
    38 -16.2783   1.7561   0.9575  -7.8700  -0.5951  -4.6164  -4.6161   1.3419   0.0000  -0.1021  -1.0166    0.228
    39 -16.8016   1.3043   0.6198  -5.0870  -0.5456  -3.9993  -3.9978   0.9450   0.0000  -0.1536  -0.7676    0.212
    40 -17.1200   0.8402   0.1342  -1.7131  -0.4957  -2.0712  -2.0704   0.2732   0.0000  -0.1462  -0.3397    0.179

  Surface # 3     horizontal_stabilizer                   
     # Chordwise = 10   # Spanwise = 20     First strip = 41
     Surface area =   20.072786       Ave. chord =    2.827143
     CLsurf  =   0.19142     Clsurf  =  -0.01695
     CYsurf  =  -0.00204     Cmsurf  =  -0.84745
     CDsurf  =  -0.02439     Cnsurf  =  -0.00255
     CDisurf =  -0.02439     CDvsurf =   0.00000

  Forces referred to Ssurf, Cave about hinge axis thru LE
     CLsurf  =   1.19076     CDsurf  =  -0.15174
     Deflect =

 Strip Forces referred to Strip Area, Chord
    j      Yle    Chord     Area     c cl      ai      cl_norm  cl       cd       cdv    cm_c/4    cm_LE  C.P.x/c
    41   0.0103   4.6946   0.1934   4.2096   0.0292   0.8948   0.8946   0.0631   0.0000   0.0138  -0.2083    0.235
    42   0.0924   4.6512   0.5701   4.1840   0.0253   0.9073   0.9072  -0.0483   0.0000   0.0137  -0.2090    0.235
    43   0.2547   4.5656   0.9173   4.1753   0.0218   0.9234   0.9233  -0.0602   0.0000   0.0145  -0.2120    0.234
    44   0.4930   4.4399   1.2180   4.1584   0.0202   0.9467   0.9465  -0.0723   0.0000   0.0152  -0.2167    0.234
    45   0.8160   4.2695   1.5847   4.1257   0.0194   0.9773   0.9772  -0.0821   0.0000   0.0159  -0.2234    0.234
    46   1.2202   4.0563   1.7628   4.0733   0.0108   1.0162   1.0161  -0.0917   0.0000   0.0165  -0.2321    0.234
    47   1.6825   3.8123   1.8577   3.9981  -0.0170   1.0620   1.0619  -0.1045   0.0000   0.0170  -0.2427    0.234
    48   2.1917   3.5437   1.8711   3.9018  -0.0513   1.1159   1.1157  -0.1190   0.0000   0.0175  -0.2551    0.234
    49   2.7353   3.2569   1.8099   3.7853  -0.0647   1.1785   1.1783  -0.1332   0.0000   0.0182  -0.2696    0.235
    50   3.2997   2.9591   1.6859   3.6521  -0.0634   1.2527   1.2525  -0.1557   0.0000   0.0196  -0.2860    0.234
    51   3.8713   2.6576   1.5141   3.4986  -0.0614   1.3384   1.3382  -0.1907   0.0000   0.0218  -0.3042    0.234
    52   4.4357   2.3597   1.3114   3.3104  -0.0629   1.4275   1.4272  -0.2172   0.0000   0.0245  -0.3230    0.233
    53   4.9793   2.0730   1.0945   3.0898  -0.0675   1.5199   1.5197  -0.2689   0.0000   0.0269  -0.3422    0.232
    54   5.4885   1.8043   0.8792   2.8097  -0.0734   1.5903   1.5901  -0.3078   0.0000   0.0298  -0.3559    0.231
    55   5.9508   1.5604   0.6781   2.4709  -0.0777   1.6186   1.6183  -0.3289   0.0000   0.0336  -0.3586    0.229
    56   6.3550   1.3472   0.5000   2.0731  -0.0767   1.5737   1.5734  -0.3284   0.0000   0.0396  -0.3416    0.225
    57   6.6617   1.1853   0.2890   1.6466  -0.0686   1.4208   1.4206  -0.2983   0.0000   0.0468  -0.2974    0.217
    58   6.8736   1.0735   0.1917   1.2127  -0.0550   1.1550   1.1548  -0.2391   0.0000   0.0513  -0.2288    0.206
    59   7.0178   0.9975   0.1087   0.7453  -0.0393   0.7627   0.7626  -0.1429   0.0000   0.0452  -0.1402    0.191
    60   7.0908   0.9589   0.0351   0.2521  -0.0261   0.2679   0.2678  -0.0447   0.0000   0.0193  -0.0459    0.178

  Surface # 4     horizontal_stabilizer (YDUP)            
     # Chordwise = 10   # Spanwise = 20     First strip = 61
     Surface area =   20.072786       Ave. chord =    2.827143
     CLsurf  =   0.19142     Clsurf  =   0.01695
     CYsurf  =   0.00204     Cmsurf  =  -0.84745
     CDsurf  =  -0.02439     Cnsurf  =   0.00255
     CDisurf =  -0.02439     CDvsurf =   0.00000

  Forces referred to Ssurf, Cave about hinge axis thru LE
     CLsurf  =   1.19075     CDsurf  =  -0.15174
     Deflect =

 Strip Forces referred to Strip Area, Chord
    j      Yle    Chord     Area     c cl      ai      cl_norm  cl       cd       cdv    cm_c/4    cm_LE  C.P.x/c
    61  -0.0103   4.6946   0.1934   4.2096   0.0292   0.8948   0.8946   0.0631   0.0000   0.0138   0.2083    0.235
    62  -0.0924   4.6512   0.5701   4.1840   0.0253   0.9073   0.9072  -0.0483   0.0000   0.0137   0.2090    0.235
    63  -0.2547   4.5656   0.9173   4.1753   0.0218   0.9234   0.9233  -0.0602   0.0000   0.0145   0.2120    0.234
    64  -0.4930   4.4399   1.2180   4.1584   0.0202   0.9467   0.9465  -0.0723   0.0000   0.0152   0.2167    0.234
    65  -0.8160   4.2695   1.5847   4.1257   0.0195   0.9773   0.9772  -0.0821   0.0000   0.0159   0.2234    0.234
    66  -1.2202   4.0563   1.7628   4.0733   0.0108   1.0162   1.0161  -0.0917   0.0000   0.0165   0.2321    0.234
    67  -1.6825   3.8123   1.8577   3.9981  -0.0170   1.0620   1.0619  -0.1045   0.0000   0.0170   0.2427    0.234
    68  -2.1917   3.5437   1.8711   3.9018  -0.0513   1.1159   1.1157  -0.1190   0.0000   0.0175   0.2551    0.234
    69  -2.7353   3.2569   1.8099   3.7852  -0.0647   1.1785   1.1783  -0.1332   0.0000   0.0182   0.2696    0.235
    70  -3.2997   2.9591   1.6859   3.6521  -0.0634   1.2527   1.2525  -0.1557   0.0000   0.0196   0.2860    0.234
    71  -3.8713   2.6576   1.5141   3.4986  -0.0614   1.3384   1.3382  -0.1907   0.0000   0.0218   0.3042    0.234
    72  -4.4357   2.3597   1.3114   3.3104  -0.0629   1.4275   1.4272  -0.2172   0.0000   0.0245   0.3230    0.233
    73  -4.9793   2.0730   1.0945   3.0898  -0.0675   1.5199   1.5197  -0.2689   0.0000   0.0269   0.3422    0.232
    74  -5.4885   1.8043   0.8792   2.8097  -0.0734   1.5903   1.5901  -0.3078   0.0000   0.0298   0.3559    0.231
    75  -5.9508   1.5604   0.6781   2.4709  -0.0777   1.6186   1.6183  -0.3289   0.0000   0.0336   0.3586    0.229
    76  -6.3550   1.3472   0.5000   2.0731  -0.0768   1.5737   1.5734  -0.3284   0.0000   0.0396   0.3416    0.225
    77  -6.6617   1.1853   0.2890   1.6466  -0.0686   1.4208   1.4206  -0.2983   0.0000   0.0468   0.2974    0.217
    78  -6.8736   1.0735   0.1917   1.2127  -0.0550   1.1550   1.1548  -0.2391   0.0000   0.0513   0.2288    0.206
    79  -7.0178   0.9975   0.1087   0.7453  -0.0393   0.7627   0.7625  -0.1429   0.0000   0.0452   0.1402    0.191
    80  -7.0908   0.9589   0.0351   0.2521  -0.0261   0.2679   0.2678  -0.0447   0.0000   0.0193   0.0459    0.178

  Surface # 5     vertical_stabilizer                     
     # Chordwise = 10   # Spanwise = 20     First strip = 81
     Surface area =   26.974527       Ave. chord =    3.612513
     CLsurf  =   0.00000     Clsurf  =  -0.00000
     CYsurf  =  -0.00000     Cmsurf  =  -0.00000
     CDsurf  =  -0.00000     Cnsurf  =   0.00000
     CDisurf =  -0.00000     CDvsurf =   0.00000

  Forces referred to Ssurf, Cave about hinge axis thru LE
     CLsurf  =   0.00000     CDsurf  =  -0.00000
     Deflect =

 Strip Forces referred to Strip Area, Chord
    j      Yle    Chord     Area     c cl      ai      cl_norm  cl       cd       cdv    cm_c/4    cm_LE  C.P.x/c
    81   0.0000   8.1033   0.7081   0.0000  -0.0000   0.0000   0.0000   0.0000   0.0000   0.0000  -0.0000    0.228
    82   0.0000   7.7953   1.2357   0.0000   0.0000   0.0000   0.0000  -0.0000   0.0000   0.0000  -0.0000    0.200
    83   0.0000   7.3128   1.6577   0.0000  -0.0000   0.0000   0.0000  -0.0000   0.0000  -0.0000  -0.0000    0.251
    84   0.0000   6.6651   1.9342   0.0000  -0.0000   0.0000   0.0000  -0.0000   0.0000  -0.0000  -0.0000    0.265
    85   0.0000   5.8661   2.0384   0.0000  -0.0000   0.0000   0.0000  -0.0000   0.0000  -0.0000  -0.0000    0.251
    86   0.0000   4.9330   1.9589   0.0000  -0.0000   0.0000   0.0000  -0.0000   0.0000  -0.0000  -0.0000    0.263
    87   0.0000   4.2949   2.2317   0.0000   0.0000   0.0000   0.0000  -0.0000   0.0000   0.0000  -0.0000    0.208
    88   0.0000   4.0244   2.2380   0.0000   0.0000   0.0000   0.0000  -0.0000   0.0000   0.0000  -0.0000    0.222
    89   0.0000   3.7387   2.1678   0.0000   0.0000   0.0000   0.0000  -0.0000   0.0000   0.0000  -0.0000    0.226
    90   0.0000   3.4444   2.0327   0.0000  -0.0000   0.0000   0.0000  -0.0000   0.0000   0.0000  -0.0000    0.237
    91   0.0000   3.1483   1.8474   0.0000  -0.0000   0.0000   0.0000  -0.0000   0.0000   0.0000  -0.0000    0.245
    92   0.0000   2.8574   1.6279   0.0000  -0.0000   0.0000   0.0000  -0.0000   0.0000   0.0000  -0.0000    0.242
    93   0.0000   2.5785   1.3906   0.0000  -0.0000   0.0000   0.0000  -0.0000   0.0000  -0.0000  -0.0000    0.268
    94   0.0000   2.3180   1.1503   0.0000  -0.0000   0.0000   0.0000  -0.0000   0.0000  -0.0000  -0.0000    0.251
    95   0.0000   2.0821   0.9193   0.0000  -0.0000   0.0000   0.0000  -0.0000   0.0000  -0.0000  -0.0000    0.255
    96   0.0000   1.8763   0.7063   0.0000  -0.0000   0.0000   0.0000  -0.0000   0.0000   0.0000  -0.0000    0.249
    97   0.0000   1.7056   0.5158   0.0000  -0.0000   0.0000   0.0000  -0.0000   0.0000   0.0000  -0.0000    0.239
    98   0.0000   1.5739   0.3482   0.0000  -0.0000   0.0000   0.0000  -0.0000   0.0000   0.0000  -0.0000    0.226
    99   0.0000   1.4843   0.2002   0.0000  -0.0000   0.0000   0.0000  -0.0000   0.0000   0.0000  -0.0000    0.224
   100   0.0000   1.4389   0.0652   0.0000  -0.0000   0.0000   0.0000  -0.0000   0.0000   0.0000  -0.0000    0.201

  Surface # 6     fuselage_horizontal                     
     # Chordwise = 10   # Spanwise = 10     First strip =101
     Surface area =  112.392822       Ave. chord =   30.376440
     CLsurf  =   0.00059     Clsurf  =   0.00000
     CYsurf  =   0.00000     Cmsurf  =  -0.06017
     CDsurf  =  -0.01135     Cnsurf  =   0.00000
     CDisurf =  -0.01135     CDvsurf =   0.00000

  Forces referred to Ssurf, Cave about hinge axis thru LE
     CLsurf  =   0.00065     CDsurf  =  -0.01261
     Deflect =

 Strip Forces referred to Strip Area, Chord
    j      Yle    Chord     Area     c cl      ai      cl_norm  cl       cd       cdv    cm_c/4    cm_LE  C.P.x/c
   101  -1.6650  21.5445   7.9715  -0.1008   0.2605  -0.1632  -0.0085   0.0435   0.0000  -0.0108  -0.0010
   102  -1.2950  27.3129  10.1058  -0.3986   0.2437  -0.0864  -0.0195   0.0552   0.0000  -0.0073  -0.0007   -0.126
   103  -0.9250  31.3629  11.6043  -0.1837   0.1833  -0.0189  -0.0084   0.0294   0.0000  -0.0087  -0.0020   -0.779
   104  -0.5550  34.6182  12.8087   0.1124  -0.0397   0.0066   0.0050  -0.0201   0.0000  -0.0086  -0.0035    1.954
   105  -0.1850  37.0437  13.7062   0.5026  -0.1191   0.0244   0.0244  -0.1238   0.0000  -0.0095  -0.0078    0.639
   106   0.1850  37.0437  13.7062   0.5026  -0.1191   0.0244   0.0244  -0.1238   0.0000  -0.0095  -0.0078    0.639
   107   0.5550  34.6182  12.8087   0.1124  -0.0397   0.0066   0.0050  -0.0201   0.0000  -0.0086  -0.0035    1.954
   108   0.9250  31.3629  11.6043  -0.1837   0.1833  -0.0189  -0.0084   0.0294   0.0000  -0.0087  -0.0020   -0.779
   109   1.2950  27.3129  10.1058  -0.3986   0.2437  -0.0864  -0.0195   0.0552   0.0000  -0.0073  -0.0007   -0.126
   110   1.6650  21.5445   7.9715  -0.1008   0.2605  -0.1632  -0.0085   0.0435   0.0000  -0.0108  -0.0010

  Surface # 7     fuselage_vertical                       
     # Chordwise = 10   # Spanwise = 10     First strip =111
     Surface area =  114.215408       Ave. chord =   30.376440
     CLsurf  =  -0.00000     Clsurf  =   0.00000
     CYsurf  =  -0.00000     Cmsurf  =   0.00000
     CDsurf  =  -0.00000     Cnsurf  =   0.00000
     CDisurf =  -0.00000     CDvsurf =   0.00000

  Forces referred to Ssurf, Cave about hinge axis thru LE
     CLsurf  =   0.00000     CDsurf  =  -0.00000
     Deflect =

 Strip Forces referred to Strip Area, Chord
    j      Yle    Chord     Area     c cl      ai      cl_norm  cl       cd       cdv    cm_c/4    cm_LE  C.P.x/c
   111   0.0000  21.5445   8.1007   0.0000   0.0000   0.0000   0.0000  -0.0000   0.0000   0.0000   0.0000
   112   0.0000  27.3129  10.2696   0.0000   0.0000   0.0000   0.0000   0.0000   0.0000   0.0000   0.0000   -0.335
   113   0.0000  31.3629  11.7925   0.0000  -0.0000   0.0000   0.0000   0.0000   0.0000   0.0000   0.0000   -0.300
   114   0.0000  34.6182  13.0164   0.0000  -0.0000   0.0000   0.0000   0.0000   0.0000   0.0000   0.0000   -0.264
   115   0.0000  37.0437  13.9284   0.0000  -0.0000   0.0000   0.0000  -0.0000   0.0000   0.0000   0.0000    0.074
   116   0.0000  37.0437  13.9284   0.0000   0.0000   0.0000   0.0000  -0.0000   0.0000  -0.0000  -0.0000    0.664
   117   0.0000  34.6182  13.0164   0.0000  -0.0000   0.0000   0.0000   0.0000   0.0000  -0.0000  -0.0000    0.692
   118   0.0000  31.3629  11.7925   0.0000  -0.0000   0.0000   0.0000   0.0000   0.0000  -0.0000  -0.0000    0.691
   119   0.0000  27.3129  10.2696   0.0000  -0.0000   0.0000   0.0000   0.0000   0.0000  -0.0000  -0.0000    0.660
   120   0.0000  21.5445   8.1007   0.0000   0.0000   0.0000   0.0000  -0.0000   0.0000  -0.0000  -0.0000    0.692
 ---------------------------------------------------------------
