 ---------------------------------------------------------------
 Surface and Strip Forces by surface

  Forces referred to Sref, Cref, Bref about Xref, Yref, Zref
 Standard axis orientation,  X fwd, Z down         

  Surface # 1     main_wing                               
     # Chordwise = 10   # Spanwise = 30     First strip =  1
     Surface area =   63.793327       Ave. chord =    3.717556
     CLsurf  =   0.20581     Clsurf  =  -0.04145
     CYsurf  =  -0.00183     Cmsurf  =  -0.02449
     CDsurf  =   0.00304     Cnsurf  =  -0.00076
     CDisurf =   0.00304     CDvsurf =   0.00000

  Forces referred to Ssurf, Cave about hinge axis thru LE
     CLsurf  =   0.40283     CDsurf  =   0.00595
     Deflect =

 Strip Forces referred to Strip Area, Chord
    j      Yle    Chord     Area     c cl      ai      cl_norm  cl       cd       cdv    cm_c/4    cm_LE  C.P.x/c
     1   0.0123   7.7514   0.3815   2.2244   0.0687   0.2861   0.2861   0.0302   0.0000  -0.0108  -0.0812    0.288
     2   0.1106   7.6828   1.1303   2.2207   0.0668   0.2888   0.2888   0.0118   0.0000  -0.0109  -0.0818    0.288
     3   0.3062   7.5463   1.8369   2.2154   0.0631   0.2934   0.2934   0.0103   0.0000  -0.0109  -0.0829    0.287
     4   0.5968   7.3435   2.4751   2.2046   0.0596   0.3001   0.3001   0.0094   0.0000  -0.0111  -0.0847    0.287
     5   0.9793   7.0766   3.0215   2.1886   0.0555   0.3092   0.3091   0.0093   0.0000  -0.0114  -0.0872    0.287
     6   1.4496   6.7484   3.4567   2.1586   0.0509   0.3198   0.3198   0.0073   0.0000  -0.0121  -0.0905    0.288
     7   1.9610   6.3915   3.2367   2.1283   0.0459   0.3330   0.3329   0.0075   0.0000  -0.0128  -0.0945    0.288
     8   2.4995   6.0157   3.4229   2.0854   0.0414   0.3467   0.3466   0.0069   0.0000  -0.0138  -0.0988    0.290
     9   3.0975   5.5984   3.5010   2.0378   0.0376   0.3640   0.3640   0.0071   0.0000  -0.0152  -0.1045    0.292
    10   3.7485   5.1441   3.4716   1.9746   0.0338   0.3839   0.3839   0.0054   0.0000  -0.0175  -0.1116    0.296
    11   4.4453   4.6578   3.3395   1.9086   0.0292   0.4099   0.4098   0.0053   0.0000  -0.0205  -0.1209    0.300
    12   5.1804   4.1448   3.1137   1.8330   0.0224   0.4424   0.4424   0.0036   0.0000  -0.0248  -0.1332    0.306
    13   6.0123   3.7903   3.4546   1.7650   0.0214   0.4658   0.4658   0.0036   0.0000  -0.0298  -0.1460    0.314
    14   6.9353   3.6074   3.3620   1.6968   0.0213   0.4705   0.4705   0.0043   0.0000  -0.0320  -0.1494    0.318
    15   7.8737   3.4215   3.2240   1.6230   0.0202   0.4745   0.4745   0.0045   0.0000  -0.0333  -0.1516    0.320
    16   8.8173   3.2345   3.0478   1.5443   0.0194   0.4776   0.4776   0.0046   0.0000  -0.0340  -0.1531    0.321
    17   9.7557   3.0486   2.8411   1.4614   0.0189   0.4795   0.4795   0.0046   0.0000  -0.0343  -0.1539    0.322
    18  10.6786   2.8657   2.6118   1.3747   0.0186   0.4799   0.4798   0.0046   0.0000  -0.0344  -0.1541    0.322
    19  11.5760   2.6879   2.3677   1.2848   0.0186   0.4781   0.4781   0.0046   0.0000  -0.0342  -0.1534    0.322
    20  12.4467   2.5153   2.1582   1.1912   0.0187   0.4737   0.4737   0.0046   0.0000  -0.0338  -0.1519    0.321
    21  13.2645   2.3533   1.8259   1.0951   0.0192   0.4655   0.4655   0.0046   0.0000  -0.0331  -0.1492    0.321
    22  14.0130   2.2050   1.5853   0.9971   0.0201   0.4524   0.4523   0.0047   0.0000  -0.0320  -0.1449    0.321
    23  14.7005   2.0687   1.3533   0.8954   0.0214   0.4329   0.4329   0.0047   0.0000  -0.0305  -0.1385    0.321
    24  15.3195   1.9461   1.1330   0.7885   0.0233   0.4053   0.4053   0.0048   0.0000  -0.0284  -0.1294    0.320
    25  15.8633   1.8383   0.9263   0.6747   0.0260   0.3671   0.3671   0.0047   0.0000  -0.0253  -0.1168    0.319
    26  16.3259   1.7467   0.7336   0.5511   0.0297   0.3155   0.3155   0.0045   0.0000  -0.0207  -0.0994    0.316
    27  16.6722   1.4928   0.4112   0.4141   0.0197   0.2775   0.2774   0.0034   0.0000  -0.0147  -0.0785    0.303
    28  16.9098   1.1466   0.2281   0.2876   0.0106   0.2510   0.2509   0.0018   0.0000  -0.0108  -0.0686    0.293
    29  17.0696   0.9137   0.1099   0.1693   0.0062   0.1854   0.1854   0.0006   0.0000  -0.0063  -0.0492    0.284
    30  17.1499   0.7966   0.0321   0.0561   0.0064   0.0705   0.0704  -0.0001   0.0000  -0.0020  -0.0184    0.279

  Surface # 2     main_wing (YDUP)                        
     # Chordwise = 10   # Spanwise = 30     First strip = 31
     Surface area =   63.793327       Ave. chord =    3.717556
     CLsurf  =   0.20581     Clsurf  =   0.04145
     CYsurf  =   0.00183     Cmsurf  =  -0.02449
     CDsurf  =   0.00304     Cnsurf  =   0.00076
     CDisurf =   0.00304     CDvsurf =   0.00000

  Forces referred to Ssurf, Cave about hinge axis thru LE
     CLsurf  =   0.40283     CDsurf  =   0.00595
     Deflect =

 Strip Forces referred to Strip Area, Chord
    j      Yle    Chord     Area     c cl      ai      cl_norm  cl       cd       cdv    cm_c/4    cm_LE  C.P.x/c
    31  -0.0123   7.7514   0.3815   2.2244   0.0688   0.2861   0.2861   0.0302   0.0000  -0.0108   0.0812    0.288
    32  -0.1106   7.6828   1.1303   2.2207   0.0668   0.2888   0.2888   0.0118   0.0000  -0.0109   0.0818    0.288
    33  -0.3062   7.5463   1.8369   2.2154   0.0631   0.2934   0.2934   0.0103   0.0000  -0.0109   0.0829    0.287
    34  -0.5968   7.3435   2.4751   2.2046   0.0596   0.3001   0.3001   0.0094   0.0000  -0.0111   0.0847    0.287
    35  -0.9793   7.0766   3.0215   2.1886   0.0555   0.3092   0.3091   0.0093   0.0000  -0.0114   0.0872    0.287
    36  -1.4496   6.7484   3.4567   2.1586   0.0509   0.3198   0.3198   0.0073   0.0000  -0.0121   0.0905    0.288
    37  -1.9610   6.3915   3.2367   2.1283   0.0459   0.3330   0.3329   0.0075   0.0000  -0.0128   0.0945    0.288
    38  -2.4995   6.0157   3.4229   2.0854   0.0414   0.3467   0.3466   0.0069   0.0000  -0.0138   0.0988    0.290
    39  -3.0975   5.5984   3.5010   2.0378   0.0376   0.3640   0.3640   0.0071   0.0000  -0.0152   0.1045    0.292
    40  -3.7485   5.1441   3.4716   1.9746   0.0338   0.3839   0.3839   0.0054   0.0000  -0.0175   0.1116    0.296
    41  -4.4453   4.6578   3.3395   1.9086   0.0292   0.4099   0.4098   0.0053   0.0000  -0.0205   0.1209    0.300
    42  -5.1804   4.1448   3.1137   1.8330   0.0224   0.4424   0.4424   0.0036   0.0000  -0.0248   0.1332    0.306
    43  -6.0123   3.7903   3.4546   1.7650   0.0214   0.4658   0.4658   0.0036   0.0000  -0.0298   0.1460    0.314
    44  -6.9353   3.6074   3.3620   1.6968   0.0213   0.4705   0.4705   0.0043   0.0000  -0.0320   0.1494    0.318
    45  -7.8737   3.4215   3.2240   1.6230   0.0202   0.4745   0.4745   0.0045   0.0000  -0.0333   0.1516    0.320
    46  -8.8173   3.2345   3.0478   1.5443   0.0194   0.4776   0.4776   0.0046   0.0000  -0.0340   0.1531    0.321
    47  -9.7557   3.0486   2.8411   1.4613   0.0189   0.4795   0.4795   0.0046   0.0000  -0.0343   0.1539    0.322
    48 -10.6786   2.8657   2.6118   1.3747   0.0186   0.4799   0.4798   0.0046   0.0000  -0.0344   0.1541    0.322
    49 -11.5760   2.6879   2.3677   1.2848   0.0186   0.4781   0.4781   0.0046   0.0000  -0.0342   0.1534    0.322
    50 -12.4467   2.5153   2.1582   1.1912   0.0187   0.4737   0.4737   0.0046   0.0000  -0.0338   0.1519    0.321
    51 -13.2645   2.3533   1.8259   1.0951   0.0192   0.4655   0.4655   0.0046   0.0000  -0.0331   0.1492    0.321
    52 -14.0130   2.2050   1.5853   0.9971   0.0201   0.4524   0.4523   0.0047   0.0000  -0.0320   0.1449    0.321
    53 -14.7005   2.0687   1.3533   0.8953   0.0214   0.4329   0.4329   0.0047   0.0000  -0.0305   0.1385    0.321
    54 -15.3195   1.9461   1.1330   0.7885   0.0233   0.4053   0.4052   0.0048   0.0000  -0.0284   0.1294    0.320
    55 -15.8633   1.8383   0.9263   0.6747   0.0260   0.3671   0.3671   0.0047   0.0000  -0.0253   0.1168    0.319
    56 -16.3259   1.7467   0.7336   0.5511   0.0297   0.3155   0.3155   0.0045   0.0000  -0.0207   0.0994    0.316
    57 -16.6722   1.4928   0.4112   0.4141   0.0197   0.2775   0.2774   0.0034   0.0000  -0.0147   0.0785    0.303
    58 -16.9098   1.1466   0.2281   0.2876   0.0106   0.2510   0.2509   0.0018   0.0000  -0.0108   0.0686    0.293
    59 -17.0696   0.9137   0.1099   0.1693   0.0062   0.1854   0.1853   0.0006   0.0000  -0.0063   0.0492    0.284
    60 -17.1499   0.7966   0.0321   0.0561   0.0064   0.0704   0.0704  -0.0001   0.0000  -0.0020   0.0184    0.279

  Surface # 3     horizontal_stabilizer                   
     # Chordwise = 10   # Spanwise = 30     First strip = 61
     Surface area =   20.071465       Ave. chord =    2.826957
     CLsurf  =   0.00746     Clsurf  =  -0.00064
     CYsurf  =  -0.00012     Cmsurf  =  -0.03287
     CDsurf  =   0.00022     Cnsurf  =   0.00007
     CDisurf =   0.00022     CDvsurf =   0.00000

  Forces referred to Ssurf, Cave about hinge axis thru LE
     CLsurf  =   0.04644     CDsurf  =   0.00139
     Deflect =

 Strip Forces referred to Strip Area, Chord
    j      Yle    Chord     Area     c cl      ai      cl_norm  cl       cd       cdv    cm_c/4    cm_LE  C.P.x/c
    61   0.0046   4.6976   0.0861   0.1840   0.0483   0.0391   0.0391   0.0024   0.0000   0.0013  -0.0084    0.216
    62   0.0412   4.6783   0.2563   0.1838   0.0482   0.0393   0.0393   0.0013   0.0000   0.0013  -0.0084    0.216
    63   0.1140   4.6399   0.4206   0.1837   0.0481   0.0396   0.0396   0.0012   0.0000   0.0014  -0.0085    0.216
    64   0.2222   4.5828   0.5752   0.1834   0.0480   0.0400   0.0400   0.0012   0.0000   0.0014  -0.0085    0.215
    65   0.3647   4.5076   0.7167   0.1828   0.0476   0.0405   0.0405   0.0012   0.0000   0.0014  -0.0086    0.215
    66   0.5398   4.4152   0.8422   0.1817   0.0471   0.0411   0.0411   0.0013   0.0000   0.0014  -0.0088    0.215
    67   0.7511   4.3037   0.9974   0.1800   0.0463   0.0418   0.0418   0.0013   0.0000   0.0014  -0.0089    0.216
    68   0.9975   4.1737   1.0868   0.1775   0.0450   0.0425   0.0425   0.0013   0.0000   0.0014  -0.0091    0.217
    69   1.2712   4.0293   1.1531   0.1741   0.0433   0.0432   0.0432   0.0013   0.0000   0.0014  -0.0093    0.218
    70   1.5691   3.8721   1.1959   0.1699   0.0410   0.0439   0.0439   0.0013   0.0000   0.0013  -0.0095    0.219
    71   1.8880   3.7039   1.2153   0.1650   0.0384   0.0445   0.0445   0.0013   0.0000   0.0013  -0.0098    0.221
    72   2.2244   3.5264   1.2123   0.1595   0.0358   0.0452   0.0452   0.0014   0.0000   0.0012  -0.0100    0.223
    73   2.5747   3.3416   1.1886   0.1537   0.0338   0.0460   0.0460   0.0014   0.0000   0.0012  -0.0102    0.224
    74   2.9349   3.1516   1.1463   0.1477   0.0323   0.0469   0.0469   0.0014   0.0000   0.0011  -0.0105    0.226
    75   3.3011   2.9584   1.0879   0.1416   0.0311   0.0479   0.0478   0.0014   0.0000   0.0011  -0.0107    0.226
    76   3.6693   2.7641   1.0165   0.1354   0.0301   0.0490   0.0490   0.0015   0.0000   0.0011  -0.0110    0.227
    77   4.0356   2.5709   0.9351   0.1292   0.0293   0.0503   0.0502   0.0015   0.0000   0.0012  -0.0113    0.226
    78   4.3958   2.3808   0.8469   0.1229   0.0286   0.0516   0.0516   0.0015   0.0000   0.0013  -0.0115    0.225
    79   4.7460   2.1961   0.7550   0.1165   0.0280   0.0530   0.0530   0.0015   0.0000   0.0014  -0.0117    0.224
    80   5.0824   2.0186   0.6623   0.1098   0.0275   0.0544   0.0544   0.0016   0.0000   0.0016  -0.0119    0.221
    81   5.4013   1.8503   0.5714   0.1028   0.0272   0.0556   0.0556   0.0016   0.0000   0.0017  -0.0120    0.219
    82   5.6992   1.6931   0.4845   0.0954   0.0270   0.0563   0.0563   0.0016   0.0000   0.0020  -0.0120    0.215
    83   5.9729   1.5487   0.4033   0.0875   0.0270   0.0565   0.0565   0.0016   0.0000   0.0022  -0.0118    0.211
    84   6.2193   1.4187   0.3288   0.0789   0.0270   0.0556   0.0556   0.0016   0.0000   0.0024  -0.0113    0.206
    85   6.4358   1.3045   0.2616   0.0698   0.0271   0.0535   0.0535   0.0014   0.0000   0.0027  -0.0106    0.200
    86   6.6379   1.1979   0.2413   0.0595   0.0272   0.0496   0.0496   0.0013   0.0000   0.0028  -0.0095    0.193
    87   6.8184   1.1027   0.1754   0.0475   0.0274   0.0431   0.0431   0.0012   0.0000   0.0028  -0.0079    0.184
    88   6.9555   1.0303   0.1183   0.0346   0.0276   0.0336   0.0336   0.0009   0.0000   0.0025  -0.0058    0.175
    89   7.0478   0.9816   0.0681   0.0211   0.0278   0.0215   0.0215   0.0006   0.0000   0.0018  -0.0035    0.166
    90   7.0942   0.9572   0.0222   0.0071   0.0280   0.0074   0.0074   0.0002   0.0000   0.0007  -0.0012    0.160

  Surface # 4     horizontal_stabilizer (YDUP)            
     # Chordwise = 10   # Spanwise = 30     First strip = 91
     Surface area =   20.071465       Ave. chord =    2.826957
     CLsurf  =   0.00746     Clsurf  =   0.00064
     CYsurf  =   0.00012     Cmsurf  =  -0.03287
     CDsurf  =   0.00022     Cnsurf  =  -0.00007
     CDisurf =   0.00022     CDvsurf =   0.00000

  Forces referred to Ssurf, Cave about hinge axis thru LE
     CLsurf  =   0.04643     CDsurf  =   0.00139
     Deflect =

 Strip Forces referred to Strip Area, Chord
    j      Yle    Chord     Area     c cl      ai      cl_norm  cl       cd       cdv    cm_c/4    cm_LE  C.P.x/c
    91  -0.0046   4.6976   0.0861   0.1840   0.0483   0.0391   0.0391   0.0024   0.0000   0.0013   0.0084    0.216
    92  -0.0412   4.6783   0.2563   0.1838   0.0482   0.0393   0.0393   0.0013   0.0000   0.0013   0.0084    0.216
    93  -0.1140   4.6399   0.4206   0.1837   0.0481   0.0396   0.0396   0.0012   0.0000   0.0014   0.0085    0.216
    94  -0.2222   4.5828   0.5752   0.1834   0.0480   0.0400   0.0400   0.0012   0.0000   0.0014   0.0085    0.215
    95  -0.3647   4.5076   0.7167   0.1828   0.0476   0.0405   0.0405   0.0012   0.0000   0.0014   0.0086    0.215
    96  -0.5398   4.4152   0.8422   0.1817   0.0471   0.0411   0.0411   0.0013   0.0000   0.0014   0.0088    0.215
    97  -0.7511   4.3037   0.9974   0.1800   0.0463   0.0418   0.0418   0.0013   0.0000   0.0014   0.0089    0.216
    98  -0.9975   4.1737   1.0868   0.1775   0.0450   0.0425   0.0425   0.0013   0.0000   0.0014   0.0091    0.217
    99  -1.2712   4.0293   1.1531   0.1741   0.0433   0.0432   0.0432   0.0013   0.0000   0.0014   0.0093    0.218
   100  -1.5691   3.8721   1.1959   0.1699   0.0410   0.0439   0.0439   0.0013   0.0000   0.0013   0.0095    0.219
   101  -1.8880   3.7039   1.2153   0.1650   0.0384   0.0445   0.0445   0.0013   0.0000   0.0013   0.0098    0.221
   102  -2.2244   3.5264   1.2123   0.1595   0.0358   0.0452   0.0452   0.0014   0.0000   0.0012   0.0100    0.223
   103  -2.5747   3.3416   1.1886   0.1537   0.0338   0.0460   0.0460   0.0014   0.0000   0.0012   0.0102    0.224
   104  -2.9349   3.1516   1.1463   0.1477   0.0323   0.0469   0.0469   0.0014   0.0000   0.0011   0.0105    0.226
   105  -3.3011   2.9584   1.0879   0.1416   0.0311   0.0479   0.0478   0.0014   0.0000   0.0011   0.0107    0.226
   106  -3.6693   2.7641   1.0165   0.1354   0.0301   0.0490   0.0490   0.0015   0.0000   0.0011   0.0110    0.227
   107  -4.0356   2.5709   0.9351   0.1292   0.0293   0.0503   0.0502   0.0015   0.0000   0.0012   0.0113    0.226
   108  -4.3958   2.3808   0.8469   0.1229   0.0286   0.0516   0.0516   0.0015   0.0000   0.0013   0.0115    0.225
   109  -4.7460   2.1961   0.7550   0.1165   0.0280   0.0530   0.0530   0.0015   0.0000   0.0014   0.0117    0.224
   110  -5.0824   2.0186   0.6623   0.1098   0.0275   0.0544   0.0544   0.0016   0.0000   0.0016   0.0119    0.221
   111  -5.4013   1.8503   0.5714   0.1028   0.0272   0.0556   0.0556   0.0016   0.0000   0.0017   0.0120    0.219
   112  -5.6992   1.6931   0.4845   0.0954   0.0270   0.0563   0.0563   0.0016   0.0000   0.0020   0.0120    0.215
   113  -5.9729   1.5487   0.4033   0.0875   0.0270   0.0565   0.0565   0.0016   0.0000   0.0022   0.0118    0.211
   114  -6.2193   1.4187   0.3288   0.0789   0.0270   0.0556   0.0556   0.0016   0.0000   0.0024   0.0113    0.206
   115  -6.4358   1.3045   0.2616   0.0698   0.0271   0.0535   0.0535   0.0014   0.0000   0.0027   0.0106    0.200
   116  -6.6379   1.1979   0.2413   0.0595   0.0272   0.0496   0.0496   0.0013   0.0000   0.0028   0.0095    0.193
   117  -6.8184   1.1027   0.1754   0.0475   0.0274   0.0431   0.0431   0.0012   0.0000   0.0028   0.0079    0.184
   118  -6.9555   1.0303   0.1183   0.0346   0.0276   0.0336   0.0336   0.0009   0.0000   0.0025   0.0058    0.175
   119  -7.0478   0.9816   0.0681   0.0211   0.0278   0.0215   0.0215   0.0006   0.0000   0.0018   0.0035    0.166
   120  -7.0942   0.9572   0.0222   0.0071   0.0280   0.0074   0.0074   0.0002   0.0000   0.0007   0.0012    0.160

  Surface # 5     vertical_stabilizer                     
     # Chordwise = 10   # Spanwise = 30     First strip =121
     Surface area =   27.880133       Ave. chord =    3.584947
     CLsurf  =   0.00000     Clsurf  =   0.00000
     CYsurf  =   0.00000     Cmsurf  =  -0.00000
     CDsurf  =  -0.00000     Cnsurf  =  -0.00000
     CDisurf =  -0.00000     CDvsurf =   0.00000

  Forces referred to Ssurf, Cave about hinge axis thru LE
     CLsurf  =  -0.00000     CDsurf  =  -0.00000
     Deflect =

 Strip Forces referred to Strip Area, Chord
    j      Yle    Chord     Area     c cl      ai      cl_norm  cl       cd       cdv    cm_c/4    cm_LE  C.P.x/c
   121   0.0000   8.1257   0.4979  -0.0000   0.0000  -0.0000  -0.0000   0.0000   0.0000   0.0000   0.0000    0.276
   122   0.0000   7.9240   0.7939  -0.0000   0.0000  -0.0000  -0.0000   0.0000   0.0000   0.0000   0.0000    0.279
   123   0.0000   7.6259   1.0550  -0.0000  -0.0000  -0.0000  -0.0000  -0.0000   0.0000   0.0000   0.0000    0.282
   124   0.0000   7.2338   1.2682  -0.0000   0.0000  -0.0000  -0.0000  -0.0000   0.0000   0.0000   0.0000    0.289
   125   0.0000   6.7513   1.4226  -0.0000   0.0000  -0.0000  -0.0000  -0.0000   0.0000   0.0000   0.0000    0.294
   126   0.0000   6.1827   1.5094  -0.0000   0.0000  -0.0000  -0.0000  -0.0000   0.0000   0.0000   0.0000    0.295
   127   0.0000   5.5336   1.5228  -0.0000   0.0000  -0.0000  -0.0000  -0.0000   0.0000   0.0000   0.0000    0.287
   128   0.0000   4.8100   1.4602  -0.0000   0.0000  -0.0000  -0.0000  -0.0000   0.0000   0.0000   0.0000    0.284
   129   0.0000   4.3478   1.3898  -0.0000   0.0000  -0.0000  -0.0000  -0.0000   0.0000  -0.0000   0.0000    0.242
   130   0.0000   4.1900   1.4293  -0.0000   0.0000  -0.0000  -0.0000  -0.0000   0.0000  -0.0000   0.0000    0.236
   131   0.0000   4.0228   1.4447  -0.0000   0.0000  -0.0000  -0.0000  -0.0000   0.0000  -0.0000   0.0000    0.232
   132   0.0000   3.8479   1.4371  -0.0000   0.0000  -0.0000  -0.0000  -0.0000   0.0000  -0.0000   0.0000    0.230
   133   0.0000   3.6670   1.4082  -0.0000   0.0000  -0.0000  -0.0000  -0.0000   0.0000  -0.0000   0.0000    0.226
   134   0.0000   3.4821   1.3602  -0.0000   0.0000  -0.0000  -0.0000  -0.0000   0.0000  -0.0000   0.0000    0.225
   135   0.0000   3.2949   1.2955  -0.0000   0.0000  -0.0000  -0.0000  -0.0000   0.0000  -0.0000   0.0000    0.228
   136   0.0000   3.1075   1.2172  -0.0000   0.0000  -0.0000  -0.0000  -0.0000   0.0000  -0.0000   0.0000    0.225
   137   0.0000   2.9218   1.1282  -0.0000   0.0000  -0.0000  -0.0000  -0.0000   0.0000  -0.0000   0.0000    0.225
   138   0.0000   2.7397   1.0316  -0.0000   0.0000  -0.0000  -0.0000  -0.0000   0.0000  -0.0000   0.0000    0.226
   139   0.0000   2.5631   0.9305  -0.0000   0.0000  -0.0000  -0.0000  -0.0000   0.0000  -0.0000   0.0000    0.221
   140   0.0000   2.3939   0.8277  -0.0000   0.0000  -0.0000  -0.0000  -0.0000   0.0000  -0.0000   0.0000    0.226
   141   0.0000   2.2338   0.7257  -0.0000   0.0000  -0.0000  -0.0000  -0.0000   0.0000  -0.0000   0.0000    0.224
   142   0.0000   2.0845   0.6265  -0.0000   0.0000  -0.0000  -0.0000  -0.0000   0.0000  -0.0000   0.0000    0.221
   143   0.0000   1.9475   0.5319  -0.0000   0.0000  -0.0000  -0.0000  -0.0000   0.0000  -0.0000   0.0000    0.218
   144   0.0000   1.8243   0.4429  -0.0000   0.0000  -0.0000  -0.0000  -0.0000   0.0000  -0.0000   0.0000    0.217
   145   0.0000   1.7162   0.3603  -0.0000   0.0000  -0.0000  -0.0000  -0.0000   0.0000  -0.0000   0.0000    0.212
   146   0.0000   1.6244   0.2840  -0.0000   0.0000  -0.0000  -0.0000  -0.0000   0.0000  -0.0000   0.0000    0.206
   147   0.0000   1.5497   0.2138  -0.0000   0.0000  -0.0000  -0.0000  -0.0000   0.0000  -0.0000   0.0000    0.199
   148   0.0000   1.4930   0.1487  -0.0000   0.0000  -0.0000  -0.0000  -0.0000   0.0000  -0.0000   0.0000    0.197
   149   0.0000   1.4548   0.0875  -0.0000   0.0000  -0.0000  -0.0000  -0.0000   0.0000  -0.0000   0.0000    0.195
   150   0.0000   1.4357   0.0289  -0.0000   0.0000  -0.0000  -0.0000  -0.0000   0.0000  -0.0000   0.0000    0.193

  Surface # 6     fuselage_horizontal                     
     # Chordwise = 10   # Spanwise = 10     First strip =151
     Surface area =  123.841209       Ave. chord =   33.112621
     CLsurf  =   0.00180     Clsurf  =   0.00000
     CYsurf  =   0.00000     Cmsurf  =   0.02241
     CDsurf  =  -0.00014     Cnsurf  =  -0.00000
     CDisurf =  -0.00014     CDvsurf =   0.00000

  Forces referred to Ssurf, Cave about hinge axis thru LE
     CLsurf  =   0.00181     CDsurf  =  -0.00014
     Deflect =

 Strip Forces referred to Strip Area, Chord
    j      Yle    Chord     Area     c cl      ai      cl_norm  cl       cd       cdv    cm_c/4    cm_LE  C.P.x/c
   151  -1.6830  26.5957   9.9468   0.0438   0.0568   0.0207   0.0017  -0.0006   0.0000   0.0019   0.0002   -0.876
   152  -1.3090  31.2096  11.6724   0.0565   0.0566   0.0071   0.0018  -0.0003   0.0000   0.0024   0.0005
   153  -0.9350  34.0626  12.7394   0.0612   0.0542   0.0044   0.0018  -0.0001   0.0000   0.0027   0.0008
   154  -0.5610  36.1619  13.5246   0.0670   0.0561   0.0031   0.0019  -0.0000   0.0000   0.0028   0.0010
   155  -0.1870  37.5333  14.0374   0.0708   0.0578   0.0022   0.0019   0.0002   0.0000   0.0028   0.0016
   156   0.1870  37.5333  14.0374   0.0708   0.0578   0.0022   0.0019   0.0002   0.0000   0.0028   0.0016
   157   0.5610  36.1619  13.5246   0.0670   0.0561   0.0031   0.0019  -0.0000   0.0000   0.0028   0.0010
   158   0.9350  34.0626  12.7394   0.0612   0.0542   0.0044   0.0018  -0.0001   0.0000   0.0027   0.0008
   159   1.3090  31.2096  11.6724   0.0565   0.0566   0.0071   0.0018  -0.0003   0.0000   0.0024   0.0005
   160   1.6830  26.5957   9.9468   0.0438   0.0568   0.0207   0.0017  -0.0006   0.0000   0.0019   0.0002   -0.876

  Surface # 7     fuselage_vertical                       
     # Chordwise = 10   # Spanwise = 10     First strip =161
     Surface area =  123.841209       Ave. chord =   33.112621
     CLsurf  =   0.00000     Clsurf  =   0.00000
     CYsurf  =   0.00000     Cmsurf  =  -0.00000
     CDsurf  =  -0.00000     Cnsurf  =   0.00000
     CDisurf =  -0.00000     CDvsurf =   0.00000

  Forces referred to Ssurf, Cave about hinge axis thru LE
     CLsurf  =  -0.00000     CDsurf  =  -0.00000
     Deflect =

 Strip Forces referred to Strip Area, Chord
    j      Yle    Chord     Area     c cl      ai      cl_norm  cl       cd       cdv    cm_c/4    cm_LE  C.P.x/c
   161   0.0000  26.5957   9.9468  -0.0000  -0.0000  -0.0000  -0.0000  -0.0000   0.0000  -0.0000   0.0000    0.231
   162   0.0000  31.2096  11.6724  -0.0000   0.0000  -0.0000  -0.0000  -0.0000   0.0000  -0.0000   0.0000    0.195
   163   0.0000  34.0626  12.7394  -0.0000   0.0000  -0.0000  -0.0000  -0.0000   0.0000  -0.0000   0.0000    0.135
   164   0.0000  36.1619  13.5246  -0.0000   0.0000  -0.0000  -0.0000   0.0000   0.0000  -0.0000   0.0000    0.136
   165   0.0000  37.5333  14.0374  -0.0000   0.0000  -0.0000  -0.0000   0.0000   0.0000  -0.0000   0.0000    0.192
   166   0.0000  37.5333  14.0374  -0.0000   0.0000  -0.0000  -0.0000   0.0000   0.0000   0.0000   0.0000    0.310
   167   0.0000  36.1619  13.5246  -0.0000  -0.0000  -0.0000  -0.0000   0.0000   0.0000   0.0000   0.0000    0.372
   168   0.0000  34.0626  12.7394  -0.0000  -0.0000  -0.0000  -0.0000   0.0000   0.0000   0.0000   0.0000    0.444
   169   0.0000  31.2096  11.6724  -0.0000   0.0000  -0.0000  -0.0000  -0.0000   0.0000   0.0000   0.0000    0.500
   170   0.0000  26.5957   9.9468  -0.0000   0.0000  -0.0000  -0.0000  -0.0000   0.0000   0.0000   0.0000    0.538
 ---------------------------------------------------------------
