 ---------------------------------------------------------------
 Surface and Strip Forces by surface

  Forces referred to Sref, Cref, Bref about Xref, Yref, Zref
 Standard axis orientation,  X fwd, Z down         

  Surface # 1     main_wing                               
     # Chordwise = 10   # Spanwise = 30     First strip =  1
     Surface area =   63.968842       Ave. chord =    3.715026
     CLsurf  =   0.58982     Clsurf  =  -0.11747
     CYsurf  =  -0.02875     Cmsurf  =  -0.54242
     CDsurf  =   0.02896     Cnsurf  =  -0.01843
     CDisurf =   0.02896     CDvsurf =   0.00000

  Forces referred to Ssurf, Cave about hinge axis thru LE
     CLsurf  =   1.15242     CDsurf  =   0.05653
     Deflect =

 Strip Forces referred to Strip Area, Chord
    j      Yle    Chord     Area     c cl      ai      cl_norm  cl       cd       cdv    cm_c/4    cm_LE  C.P.x/c
     1   0.0114   7.7520   0.3539   7.5276   0.2365   0.9489   0.7365   1.4106   0.0000  -0.0631  -0.2517    0.336
     2   0.1025   7.6885   1.0491   6.5223   0.2363   1.0531   0.8173   0.2492   0.0000  -0.0605  -0.2247    0.324
     3   0.2837   7.5620   1.7073   6.4408   0.2354   1.0744   0.8339   0.1753   0.0000  -0.0574  -0.2229    0.319
     4   0.5530   7.3741   2.3052   6.4063   0.2327   1.1013   0.8547   0.1550   0.0000  -0.0524  -0.2223    0.311
     5   0.9075   7.1267   2.8223   6.3644   0.2261   1.1361   0.8817   0.1419   0.0000  -0.0465  -0.2226    0.303
     6   1.3432   6.8226   3.2414   6.3016   0.2094   1.1787   0.9148   0.1304   0.0000  -0.0407  -0.2242    0.294
     7   1.8554   6.4651   3.5491   6.1988   0.1729   1.2304   0.9550   0.1054   0.0000  -0.0358  -0.2275    0.288
     8   2.4386   6.0582   3.7368   6.0614   0.1370   1.2877   0.9994   0.0934   0.0000  -0.0319  -0.2330    0.282
     9   3.0862   5.6062   3.8005   5.8804   0.1218   1.3543   1.0511   0.0792   0.0000  -0.0294  -0.2410    0.278
    10   3.7613   5.1351   3.4440   5.6701   0.1096   1.4289   1.1090   0.0694   0.0000  -0.0278  -0.2512    0.275
    11   4.4532   4.6522   3.3149   5.4920   0.0938   1.5324   1.1893   0.0534   0.0000  -0.0241  -0.2639    0.270
    12   5.1831   4.1429   3.0930   5.1871   0.0686   1.6335   1.2677   0.0206   0.0000  -0.0221  -0.2771    0.267
    13   6.0123   3.7903   3.4706   4.8639   0.0503   1.5992   1.3012   0.0104   0.0000  -0.0122  -0.3033    0.259
    14   6.9353   3.6075   3.3775   4.6281   0.0467   1.5990   1.3011   0.0098   0.0000  -0.0116  -0.3027    0.259
    15   7.8737   3.4215   3.2389   4.4098   0.0404   1.6070   1.3076   0.0069   0.0000  -0.0116  -0.3040    0.259
    16   8.8172   3.2345   3.0619   4.1969   0.0362   1.6186   1.3170   0.0035   0.0000  -0.0120  -0.3064    0.259
    17   9.7556   3.0486   2.8543   3.9817   0.0351   1.6301   1.3264  -0.0004   0.0000  -0.0128  -0.3090    0.260
    18  10.6786   2.8657   2.6239   3.7657   0.0361   1.6407   1.3350  -0.0036   0.0000  -0.0137  -0.3116    0.260
    19  11.5760   2.6879   2.3787   3.5488   0.0385   1.6492   1.3420  -0.0071   0.0000  -0.0144  -0.3137    0.261
    20  12.4328   2.5181   2.1010   3.3327   0.0428   1.6538   1.3457  -0.0098   0.0000  -0.0140  -0.3140    0.260
    21  13.2400   2.3582   1.8520   3.1153   0.0492   1.6512   1.3435  -0.0114   0.0000  -0.0121  -0.3118    0.259
    22  13.9941   2.2087   1.6074   2.8908   0.0579   1.6362   1.3314  -0.0131   0.0000  -0.0088  -0.3061    0.257
    23  14.6868   2.0715   1.3716   2.6512   0.0690   1.6004   1.3022  -0.0144   0.0000  -0.0037  -0.2950    0.253
    24  15.3105   1.9479   1.1479   2.3886   0.0821   1.5337   1.2479  -0.0153   0.0000   0.0033  -0.2766    0.247
    25  15.8583   1.8393   0.9381   2.0910   0.0959   1.4216   1.1567  -0.0131   0.0000   0.0093  -0.2510    0.242
    26  16.3244   1.7470   0.7427   1.7520   0.1098   1.2513   1.0182   0.0010   0.0000   0.0045  -0.2246    0.246
    27  16.6722   1.4928   0.4131   1.3871   0.1238   3.1318   0.9571  -0.0739   0.0000  -0.0009  -0.1196    0.251
    28  16.9098   1.1466   0.2292   1.0188   0.1400   3.0389   0.9288  -0.1453   0.0000   0.0385  -0.0966    0.209
    29  17.0696   0.9138   0.1104   0.6243   0.1511   2.3903   0.7305  -0.2019   0.0000   0.0714  -0.0555    0.152
    30  17.1499   0.7967   0.0322   0.2104   0.1567   0.9685   0.2960  -0.1531   0.0000   0.0428  -0.0146    0.105

  Surface # 2     main_wing (YDUP)                        
     # Chordwise = 10   # Spanwise = 30     First strip = 31
     Surface area =   63.968842       Ave. chord =    3.715026
     CLsurf  =   0.58982     Clsurf  =   0.11747
     CYsurf  =   0.02875     Cmsurf  =  -0.54241
     CDsurf  =   0.02896     Cnsurf  =   0.01843
     CDisurf =   0.02896     CDvsurf =   0.00000

  Forces referred to Ssurf, Cave about hinge axis thru LE
     CLsurf  =   1.15242     CDsurf  =   0.05653
     Deflect =

 Strip Forces referred to Strip Area, Chord
    j      Yle    Chord     Area     c cl      ai      cl_norm  cl       cd       cdv    cm_c/4    cm_LE  C.P.x/c
    31  -0.0114   7.7520   0.3539   7.5276   0.2365   0.9489   0.7365   1.4106   0.0000  -0.0631   0.2517    0.336
    32  -0.1025   7.6885   1.0491   6.5223   0.2363   1.0531   0.8173   0.2492   0.0000  -0.0605   0.2247    0.324
    33  -0.2837   7.5620   1.7073   6.4408   0.2354   1.0744   0.8339   0.1753   0.0000  -0.0574   0.2229    0.319
    34  -0.5530   7.3741   2.3052   6.4063   0.2327   1.1013   0.8547   0.1550   0.0000  -0.0524   0.2223    0.311
    35  -0.9075   7.1267   2.8223   6.3644   0.2261   1.1361   0.8817   0.1419   0.0000  -0.0465   0.2226    0.303
    36  -1.3432   6.8226   3.2414   6.3016   0.2094   1.1787   0.9148   0.1304   0.0000  -0.0407   0.2242    0.294
    37  -1.8554   6.4651   3.5491   6.1988   0.1729   1.2304   0.9550   0.1054   0.0000  -0.0358   0.2275    0.288
    38  -2.4386   6.0582   3.7368   6.0614   0.1370   1.2877   0.9994   0.0934   0.0000  -0.0319   0.2330    0.282
    39  -3.0862   5.6062   3.8005   5.8804   0.1218   1.3543   1.0511   0.0792   0.0000  -0.0294   0.2410    0.278
    40  -3.7613   5.1351   3.4440   5.6701   0.1096   1.4289   1.1090   0.0694   0.0000  -0.0278   0.2511    0.275
    41  -4.4532   4.6522   3.3149   5.4920   0.0938   1.5324   1.1893   0.0534   0.0000  -0.0241   0.2639    0.270
    42  -5.1831   4.1429   3.0930   5.1871   0.0686   1.6335   1.2677   0.0206   0.0000  -0.0221   0.2771    0.267
    43  -6.0123   3.7903   3.4706   4.8639   0.0503   1.5992   1.3012   0.0104   0.0000  -0.0122   0.3033    0.259
    44  -6.9353   3.6075   3.3775   4.6281   0.0467   1.5990   1.3011   0.0098   0.0000  -0.0116   0.3027    0.259
    45  -7.8737   3.4215   3.2389   4.4098   0.0404   1.6070   1.3076   0.0069   0.0000  -0.0116   0.3040    0.259
    46  -8.8172   3.2345   3.0619   4.1969   0.0362   1.6186   1.3170   0.0035   0.0000  -0.0120   0.3064    0.259
    47  -9.7556   3.0486   2.8543   3.9817   0.0351   1.6301   1.3264  -0.0004   0.0000  -0.0128   0.3090    0.260
    48 -10.6786   2.8657   2.6239   3.7657   0.0361   1.6407   1.3350  -0.0036   0.0000  -0.0137   0.3116    0.260
    49 -11.5760   2.6879   2.3787   3.5488   0.0385   1.6492   1.3420  -0.0071   0.0000  -0.0144   0.3137    0.261
    50 -12.4328   2.5181   2.1010   3.3327   0.0427   1.6538   1.3457  -0.0098   0.0000  -0.0140   0.3140    0.260
    51 -13.2400   2.3582   1.8520   3.1153   0.0492   1.6512   1.3435  -0.0114   0.0000  -0.0121   0.3118    0.259
    52 -13.9941   2.2087   1.6074   2.8908   0.0579   1.6362   1.3314  -0.0131   0.0000  -0.0088   0.3061    0.257
    53 -14.6868   2.0715   1.3716   2.6512   0.0690   1.6004   1.3022  -0.0144   0.0000  -0.0037   0.2950    0.253
    54 -15.3105   1.9479   1.1479   2.3886   0.0821   1.5337   1.2479  -0.0153   0.0000   0.0033   0.2766    0.247
    55 -15.8583   1.8393   0.9381   2.0910   0.0959   1.4216   1.1567  -0.0131   0.0000   0.0093   0.2510    0.242
    56 -16.3244   1.7470   0.7427   1.7520   0.1098   1.2513   1.0182   0.0010   0.0000   0.0045   0.2246    0.246
    57 -16.6722   1.4928   0.4131   1.3871   0.1238   3.1318   0.9571  -0.0739   0.0000  -0.0009   0.1196    0.251
    58 -16.9098   1.1466   0.2292   1.0188   0.1400   3.0389   0.9288  -0.1453   0.0000   0.0385   0.0966    0.209
    59 -17.0696   0.9138   0.1104   0.6243   0.1511   2.3903   0.7305  -0.2019   0.0000   0.0714   0.0555    0.152
    60 -17.1499   0.7967   0.0322   0.2104   0.1567   0.9685   0.2960  -0.1531   0.0000   0.0428   0.0146    0.105

  Surface # 3     horizontal_stabilizer                   
     # Chordwise = 10   # Spanwise = 30     First strip = 61
     Surface area =   20.744604       Ave. chord =    2.848572
     CLsurf  =   0.06812     Clsurf  =  -0.00703
     CYsurf  =  -0.01112     Cmsurf  =  -0.33460
     CDsurf  =   0.00756     Cnsurf  =   0.00594
     CDisurf =   0.00756     CDvsurf =   0.00000

  Forces referred to Ssurf, Cave about hinge axis thru LE
     CLsurf  =   0.41540     CDsurf  =   0.04550
     Deflect =

 Strip Forces referred to Strip Area, Chord
    j      Yle    Chord     Area     c cl      ai      cl_norm  cl       cd       cdv    cm_c/4    cm_LE  C.P.x/c
    61   0.0047   4.2713   0.0803   1.8676   0.1802   0.5055   0.3843   0.3370   0.0000  -0.0238  -0.1155    0.312
    62   0.0418   4.2566   0.2392   1.4584   0.1809   0.4410   0.3352   0.0718   0.0000  -0.0221  -0.0941    0.316
    63   0.1156   4.2274   0.3930   1.4271   0.1812   0.4384   0.3333   0.0536   0.0000  -0.0210  -0.0922    0.313
    64   0.2254   4.1839   0.5386   1.4181   0.1807   0.4412   0.3354   0.0496   0.0000  -0.0193  -0.0911    0.308
    65   0.3698   4.1268   0.6730   1.4155   0.1791   0.4469   0.3397   0.0485   0.0000  -0.0171  -0.0901    0.300
    66   0.5474   4.0565   0.7936   1.4118   0.1763   0.4537   0.3449   0.0480   0.0000  -0.0146  -0.0892    0.292
    67   0.7617   3.9717   0.9441   1.4083   0.1717   0.4627   0.3517   0.0471   0.0000  -0.0122  -0.0886    0.285
    68   1.0116   3.8728   1.0344   1.4009   0.1653   0.4724   0.3591   0.0464   0.0000  -0.0098  -0.0883    0.277
    69   1.2891   3.7630   1.1046   1.3934   0.1571   0.4839   0.3678   0.0461   0.0000  -0.0078  -0.0885    0.271
    70   1.5912   3.6435   1.1542   1.3841   0.1479   0.4967   0.3775   0.0460   0.0000  -0.0060  -0.0891    0.266
    71   1.9146   3.5155   1.1831   1.3724   0.1386   0.5108   0.3882   0.0459   0.0000  -0.0045  -0.0902    0.262
    72   2.2558   3.3805   1.1921   1.3578   0.1305   0.5259   0.3997   0.0459   0.0000  -0.0031  -0.0916    0.258
    73   2.6109   3.2400   1.1821   1.3431   0.1243   0.5430   0.4127   0.0462   0.0000  -0.0019  -0.0934    0.255
    74   2.9762   3.0955   1.1548   1.3257   0.1198   0.5612   0.4266   0.0465   0.0000  -0.0008  -0.0955    0.252
    75   3.3476   2.9485   1.1122   1.3048   0.1168   0.5803   0.4411   0.0464   0.0000   0.0004  -0.0977    0.249
    76   3.7210   2.8008   1.0564   1.2808   0.1151   0.6000   0.4560   0.0467   0.0000   0.0016  -0.0999    0.246
    77   4.0924   2.6538   0.9900   1.2532   0.1142   0.6200   0.4713   0.0463   0.0000   0.0030  -0.1021    0.244
    78   4.4577   2.5093   0.9155   1.2204   0.1142   0.6390   0.4857   0.0460   0.0000   0.0046  -0.1038    0.240
    79   4.8128   2.3687   0.8353   1.1816   0.1151   0.6558   0.4984   0.0455   0.0000   0.0066  -0.1049    0.237
    80   5.1540   2.2338   0.7518   1.1356   0.1168   0.6688   0.5083   0.0443   0.0000   0.0091  -0.1050    0.232
    81   5.4774   2.1058   0.6671   1.0816   0.1192   0.6761   0.5139   0.0427   0.0000   0.0122  -0.1036    0.226
    82   5.7795   1.9862   0.5830   1.0181   0.1224   0.6754   0.5134   0.0398   0.0000   0.0159  -0.1002    0.219
    83   6.0570   1.8764   0.5012   0.9455   0.1259   0.6644   0.5050   0.0371   0.0000   0.0204  -0.0946    0.210
    84   6.3069   1.7776   0.4225   0.8623   0.1297   0.6403   0.4867   0.0332   0.0000   0.0253  -0.0864    0.198
    85   6.5264   1.6907   0.3478   0.7687   0.1333   0.6008   0.4566   0.0282   0.0000   0.0300  -0.0757    0.184
    86   6.7314   1.6096   0.3326   0.6596   0.1368   0.5421   0.4120   0.0228   0.0000   0.0339  -0.0625    0.168
    87   6.9144   1.5372   0.2507   0.5293   0.1400   0.4563   0.3468   0.0159   0.0000   0.0354  -0.0468    0.148
    88   7.0535   1.4822   0.1746   0.3870   0.1425   0.3469   0.2636   0.0083   0.0000   0.0322  -0.0311    0.128
    89   7.1471   1.4451   0.1029   0.2356   0.1442   0.2174   0.1652   0.0017   0.0000   0.0229  -0.0171    0.112
    90   7.1941   1.4265   0.0340   0.0793   0.1451   0.0753   0.0572  -0.0046   0.0000   0.0083  -0.0054    0.105

  Surface # 4     horizontal_stabilizer (YDUP)            
     # Chordwise = 10   # Spanwise = 30     First strip = 91
     Surface area =   20.744604       Ave. chord =    2.848572
     CLsurf  =   0.06812     Clsurf  =   0.00703
     CYsurf  =   0.01112     Cmsurf  =  -0.33459
     CDsurf  =   0.00756     Cnsurf  =  -0.00594
     CDisurf =   0.00756     CDvsurf =   0.00000

  Forces referred to Ssurf, Cave about hinge axis thru LE
     CLsurf  =   0.41540     CDsurf  =   0.04550
     Deflect =

 Strip Forces referred to Strip Area, Chord
    j      Yle    Chord     Area     c cl      ai      cl_norm  cl       cd       cdv    cm_c/4    cm_LE  C.P.x/c
    91  -0.0047   4.2713   0.0803   1.8676   0.1802   0.5055   0.3843   0.3370   0.0000  -0.0238   0.1155    0.312
    92  -0.0418   4.2566   0.2392   1.4584   0.1809   0.4410   0.3352   0.0718   0.0000  -0.0221   0.0941    0.316
    93  -0.1156   4.2274   0.3930   1.4271   0.1812   0.4384   0.3333   0.0536   0.0000  -0.0210   0.0922    0.313
    94  -0.2254   4.1839   0.5386   1.4181   0.1807   0.4412   0.3354   0.0496   0.0000  -0.0193   0.0911    0.308
    95  -0.3698   4.1268   0.6730   1.4155   0.1791   0.4469   0.3397   0.0485   0.0000  -0.0171   0.0901    0.300
    96  -0.5474   4.0565   0.7936   1.4118   0.1763   0.4537   0.3449   0.0480   0.0000  -0.0146   0.0892    0.292
    97  -0.7617   3.9717   0.9441   1.4083   0.1717   0.4627   0.3517   0.0471   0.0000  -0.0122   0.0886    0.285
    98  -1.0116   3.8728   1.0344   1.4009   0.1653   0.4724   0.3591   0.0464   0.0000  -0.0098   0.0883    0.277
    99  -1.2891   3.7630   1.1046   1.3934   0.1571   0.4839   0.3678   0.0461   0.0000  -0.0078   0.0885    0.271
   100  -1.5912   3.6435   1.1542   1.3841   0.1479   0.4967   0.3775   0.0460   0.0000  -0.0060   0.0891    0.266
   101  -1.9146   3.5155   1.1831   1.3724   0.1386   0.5108   0.3882   0.0459   0.0000  -0.0045   0.0902    0.262
   102  -2.2558   3.3805   1.1921   1.3578   0.1305   0.5259   0.3997   0.0459   0.0000  -0.0031   0.0916    0.258
   103  -2.6109   3.2400   1.1821   1.3431   0.1243   0.5430   0.4127   0.0462   0.0000  -0.0019   0.0934    0.255
   104  -2.9762   3.0955   1.1548   1.3256   0.1198   0.5612   0.4266   0.0465   0.0000  -0.0008   0.0955    0.252
   105  -3.3476   2.9485   1.1122   1.3048   0.1168   0.5803   0.4411   0.0464   0.0000   0.0004   0.0977    0.249
   106  -3.7210   2.8008   1.0564   1.2808   0.1150   0.6000   0.4560   0.0467   0.0000   0.0016   0.0999    0.246
   107  -4.0924   2.6538   0.9900   1.2532   0.1142   0.6200   0.4713   0.0463   0.0000   0.0030   0.1021    0.244
   108  -4.4577   2.5093   0.9155   1.2204   0.1142   0.6390   0.4857   0.0460   0.0000   0.0046   0.1038    0.240
   109  -4.8128   2.3687   0.8353   1.1816   0.1151   0.6558   0.4984   0.0455   0.0000   0.0066   0.1049    0.237
   110  -5.1540   2.2338   0.7518   1.1356   0.1168   0.6688   0.5083   0.0443   0.0000   0.0091   0.1050    0.232
   111  -5.4774   2.1058   0.6671   1.0816   0.1192   0.6761   0.5139   0.0427   0.0000   0.0122   0.1036    0.226
   112  -5.7795   1.9862   0.5830   1.0181   0.1224   0.6754   0.5134   0.0398   0.0000   0.0159   0.1002    0.219
   113  -6.0570   1.8764   0.5012   0.9455   0.1259   0.6644   0.5050   0.0371   0.0000   0.0204   0.0946    0.210
   114  -6.3069   1.7776   0.4225   0.8623   0.1297   0.6403   0.4867   0.0332   0.0000   0.0253   0.0864    0.198
   115  -6.5264   1.6907   0.3478   0.7687   0.1333   0.6008   0.4566   0.0282   0.0000   0.0300   0.0757    0.184
   116  -6.7314   1.6096   0.3326   0.6596   0.1368   0.5421   0.4120   0.0228   0.0000   0.0339   0.0625    0.168
   117  -6.9144   1.5372   0.2507   0.5293   0.1400   0.4563   0.3468   0.0159   0.0000   0.0354   0.0468    0.148
   118  -7.0535   1.4822   0.1746   0.3870   0.1425   0.3469   0.2636   0.0083   0.0000   0.0322   0.0311    0.128
   119  -7.1471   1.4451   0.1029   0.2356   0.1442   0.2174   0.1652   0.0017   0.0000   0.0229   0.0171    0.112
   120  -7.1941   1.4265   0.0340   0.0793   0.1451   0.0753   0.0572  -0.0046   0.0000   0.0083   0.0054    0.105

  Surface # 5     vertical_stabilizer                     
     # Chordwise = 10   # Spanwise = 30     First strip =121
     Surface area =   34.910358       Ave. chord =    4.190919
     CLsurf  =   0.00000     Clsurf  =   0.00000
     CYsurf  =   0.00000     Cmsurf  =  -0.00000
     CDsurf  =  -0.00000     Cnsurf  =  -0.00000
     CDisurf =  -0.00000     CDvsurf =   0.00000

  Forces referred to Ssurf, Cave about hinge axis thru LE
     CLsurf  =  -0.00000     CDsurf  =  -0.00000
     Deflect =

 Strip Forces referred to Strip Area, Chord
    j      Yle    Chord     Area     c cl      ai      cl_norm  cl       cd       cdv    cm_c/4    cm_LE  C.P.x/c
   121   0.0000  10.0347   0.6931  -0.0000   0.0000  -0.0000  -0.0000   0.0000   0.0000   0.0000   0.0000    0.463
   122   0.0000   9.8296   1.1101  -0.0000   0.0000  -0.0000  -0.0000   0.0000   0.0000   0.0000   0.0000    0.471
   123   0.0000   9.5266   1.4857  -0.0000  -0.0000  -0.0000  -0.0000   0.0000   0.0000   0.0000   0.0000    0.481
   124   0.0000   9.1281   1.8040  -0.0000   0.0000  -0.0000  -0.0000   0.0000   0.0000   0.0000   0.0000    0.489
   125   0.0000   8.6377   2.0517  -0.0000   0.0000  -0.0000  -0.0000   0.0000   0.0000   0.0000   0.0000    0.490
   126   0.0000   8.0598   2.2181  -0.0000   0.0000  -0.0000  -0.0000   0.0000   0.0000   0.0000   0.0000    0.483
   127   0.0000   7.4000   2.2957  -0.0000   0.0000  -0.0000  -0.0000   0.0000   0.0000   0.0000   0.0000    0.471
   128   0.0000   6.6646   2.2808  -0.0000   0.0000  -0.0000  -0.0000   0.0000   0.0000   0.0000   0.0000    0.451
   129   0.0000   5.8609   2.1733  -0.0000   0.0000  -0.0000  -0.0000   0.0000   0.0000   0.0000   0.0000    0.417
   130   0.0000   4.9969   1.9773  -0.0000   0.0000  -0.0000  -0.0000  -0.0000   0.0000   0.0000   0.0000    0.364
   131   0.0000   4.4389   1.6667  -0.0000   0.0000  -0.0000  -0.0000  -0.0000   0.0000   0.0000   0.0000    0.319
   132   0.0000   4.2198   1.6478  -0.0000   0.0000  -0.0000  -0.0000   0.0000   0.0000   0.0000   0.0000    0.301
   133   0.0000   3.9932   1.6033  -0.0000   0.0000  -0.0000  -0.0000  -0.0000   0.0000   0.0000   0.0000    0.284
   134   0.0000   3.7615   1.5362  -0.0000   0.0000  -0.0000  -0.0000  -0.0000   0.0000   0.0000   0.0000    0.272
   135   0.0000   3.5271   1.4499  -0.0000   0.0000  -0.0000  -0.0000  -0.0000   0.0000   0.0000   0.0000    0.264
   136   0.0000   3.2923   1.3482  -0.0000   0.0000  -0.0000  -0.0000  -0.0000   0.0000   0.0000   0.0000    0.260
   137   0.0000   3.0597   1.2352  -0.0000   0.0000  -0.0000  -0.0000  -0.0000   0.0000   0.0000   0.0000    0.251
   138   0.0000   2.8315   1.1147  -0.0000   0.0000  -0.0000  -0.0000  -0.0000   0.0000  -0.0000   0.0000    0.246
   139   0.0000   2.6103   0.9908  -0.0000   0.0000  -0.0000  -0.0000  -0.0000   0.0000  -0.0000   0.0000    0.240
   140   0.0000   2.3983   0.8670  -0.0000   0.0000  -0.0000  -0.0000  -0.0000   0.0000  -0.0000   0.0000    0.232
   141   0.0000   2.1977   0.7464  -0.0000   0.0000  -0.0000  -0.0000  -0.0000   0.0000  -0.0000   0.0000    0.225
   142   0.0000   2.0106   0.6318  -0.0000   0.0000  -0.0000  -0.0000  -0.0000   0.0000  -0.0000   0.0000    0.218
   143   0.0000   1.8390   0.5251  -0.0000   0.0000  -0.0000  -0.0000  -0.0000   0.0000  -0.0000   0.0000    0.208
   144   0.0000   1.6847   0.4276  -0.0000   0.0000  -0.0000  -0.0000  -0.0000   0.0000  -0.0000   0.0000    0.197
   145   0.0000   1.5493   0.3400  -0.0000   0.0000  -0.0000  -0.0000  -0.0000   0.0000  -0.0000   0.0000    0.181
   146   0.0000   1.4342   0.2622  -0.0000   0.0000  -0.0000  -0.0000  -0.0000   0.0000  -0.0000   0.0000    0.163
   147   0.0000   1.3407   0.1933  -0.0000   0.0000  -0.0000  -0.0000  -0.0000   0.0000  -0.0000   0.0000    0.145
   148   0.0000   1.2696   0.1322  -0.0000   0.0000  -0.0000  -0.0000  -0.0000   0.0000  -0.0000   0.0000    0.122
   149   0.0000   1.2218   0.0769  -0.0000   0.0000  -0.0000  -0.0000  -0.0000   0.0000  -0.0000   0.0000    0.108
   150   0.0000   1.1978   0.0252  -0.0000   0.0000  -0.0000  -0.0000  -0.0000   0.0000  -0.0000   0.0000    0.093

  Surface # 6     fuselage_horizontal                     
     # Chordwise = 10   # Spanwise = 10     First strip =151
     Surface area =  123.841202       Ave. chord =   33.112617
     CLsurf  =   0.01675     Clsurf  =   0.00000
     CYsurf  =  -0.00000     Cmsurf  =   0.09237
     CDsurf  =  -0.00010     Cnsurf  =  -0.00000
     CDisurf =  -0.00010     CDvsurf =   0.00000

  Forces referred to Ssurf, Cave about hinge axis thru LE
     CLsurf  =   0.01689     CDsurf  =  -0.00010
     Deflect =

 Strip Forces referred to Strip Area, Chord
    j      Yle    Chord     Area     c cl      ai      cl_norm  cl       cd       cdv    cm_c/4    cm_LE  C.P.x/c
   151  -1.6830  26.5957   9.9468   0.3891   0.2685   0.1485   0.0159  -0.0059   0.0000   0.0059   0.0003   -0.121
   152  -1.3090  31.2096  11.6724   0.5441   0.2875   0.0646   0.0180  -0.0017   0.0000   0.0077   0.0008   -0.175
   153  -0.9350  34.0626  12.7394   0.5838   0.2562   0.0407   0.0174   0.0001   0.0000   0.0096   0.0018   -0.304
   154  -0.5610  36.1619  13.5246   0.6086   0.2459   0.0277   0.0168   0.0014   0.0000   0.0105   0.0028   -0.375
   155  -0.1870  37.5332  14.0374   0.6250   0.2455   0.0188   0.0162   0.0038   0.0000   0.0107   0.0045   -0.411
   156   0.1870  37.5332  14.0374   0.6250   0.2455   0.0188   0.0162   0.0038   0.0000   0.0107   0.0045   -0.411
   157   0.5610  36.1619  13.5246   0.6086   0.2459   0.0277   0.0168   0.0014   0.0000   0.0105   0.0028   -0.375
   158   0.9350  34.0626  12.7394   0.5838   0.2562   0.0407   0.0174   0.0001   0.0000   0.0096   0.0018   -0.304
   159   1.3090  31.2096  11.6724   0.5441   0.2875   0.0646   0.0180  -0.0017   0.0000   0.0077   0.0008   -0.175
   160   1.6830  26.5957   9.9468   0.3891   0.2685   0.1485   0.0159  -0.0059   0.0000   0.0059   0.0003   -0.121

  Surface # 7     fuselage_vertical                       
     # Chordwise = 10   # Spanwise = 10     First strip =161
     Surface area =  123.841202       Ave. chord =   33.112617
     CLsurf  =  -0.00000     Clsurf  =  -0.00000
     CYsurf  =   0.00000     Cmsurf  =   0.00000
     CDsurf  =  -0.00000     Cnsurf  =   0.00000
     CDisurf =  -0.00000     CDvsurf =   0.00000

  Forces referred to Ssurf, Cave about hinge axis thru LE
     CLsurf  =  -0.00000     CDsurf  =  -0.00000
     Deflect =

 Strip Forces referred to Strip Area, Chord
    j      Yle    Chord     Area     c cl      ai      cl_norm  cl       cd       cdv    cm_c/4    cm_LE  C.P.x/c
   161   0.0000  26.5957   9.9468  -0.0000  -0.0000  -0.0000  -0.0000   0.0000   0.0000   0.0000   0.0000    1.552
   162   0.0000  31.2096  11.6724   0.0000  -0.0000   0.0000   0.0000  -0.0000   0.0000  -0.0000  -0.0000
   163   0.0000  34.0626  12.7394  -0.0000  -0.0000  -0.0000  -0.0000   0.0000   0.0000  -0.0000  -0.0000
   164   0.0000  36.1619  13.5246  -0.0000   0.0000  -0.0000  -0.0000   0.0000   0.0000  -0.0000  -0.0000
   165   0.0000  37.5332  14.0374  -0.0000   0.0000  -0.0000  -0.0000  -0.0000   0.0000  -0.0000  -0.0000
   166   0.0000  37.5332  14.0374  -0.0000  -0.0000  -0.0000  -0.0000  -0.0000   0.0000  -0.0000   0.0000    0.043
   167   0.0000  36.1619  13.5246  -0.0000  -0.0000  -0.0000  -0.0000  -0.0000   0.0000   0.0000   0.0000    0.376
   168   0.0000  34.0626  12.7394  -0.0000  -0.0000  -0.0000  -0.0000  -0.0000   0.0000   0.0000   0.0000    0.551
   169   0.0000  31.2096  11.6724  -0.0000  -0.0000  -0.0000  -0.0000  -0.0000   0.0000   0.0000   0.0000    0.672
   170   0.0000  26.5957   9.9468  -0.0000   0.0000  -0.0000  -0.0000  -0.0000   0.0000   0.0000   0.0000    0.764
 ---------------------------------------------------------------
