 ---------------------------------------------------------------
 Surface and Strip Forces by surface

  Forces referred to Sref, Cref, Bref about Xref, Yref, Zref
 Standard axis orientation,  X fwd, Z down         

  Surface # 1     main_wing                               
     # Chordwise = 10   # Spanwise = 30     First strip =  1
     Surface area =   63.968842       Ave. chord =    3.715026
     CLsurf  =   0.31904     Clsurf  =  -0.06173
     CYsurf  =  -0.01915     Cmsurf  =  -0.28546
     CDsurf  =   0.00888     Cnsurf  =  -0.00338
     CDisurf =   0.00888     CDvsurf =   0.00000

  Forces referred to Ssurf, Cave about hinge axis thru LE
     CLsurf  =   0.62384     CDsurf  =   0.01733
     Deflect =

 Strip Forces referred to Strip Area, Chord
    j      Yle    Chord     Area     c cl      ai      cl_norm  cl       cd       cdv    cm_c/4    cm_LE  C.P.x/c
     1   0.0114   7.7520   0.3539   4.1740   0.1401   0.6463   0.5003   0.4589   0.0000  -0.0314  -0.1360    0.313
     2   0.1025   7.6885   1.0491   3.8581   0.1397   0.6406   0.4959   0.0890   0.0000  -0.0312  -0.1284    0.313
     3   0.2837   7.5620   1.7073   3.8300   0.1386   0.6493   0.5026   0.0659   0.0000  -0.0293  -0.1278    0.308
     4   0.5530   7.3741   2.3052   3.8099   0.1360   0.6635   0.5137   0.0567   0.0000  -0.0263  -0.1275    0.301
     5   0.9075   7.1267   2.8223   3.7796   0.1310   0.6816   0.5277   0.0534   0.0000  -0.0230  -0.1276    0.294
     6   1.3432   6.8226   3.2414   3.7263   0.1213   0.7031   0.5443   0.0455   0.0000  -0.0200  -0.1284    0.287
     7   1.8554   6.4651   3.5491   3.6447   0.1037   0.7270   0.5628   0.0352   0.0000  -0.0176  -0.1301    0.281
     8   2.4386   6.0582   3.7368   3.5336   0.0857   0.7529   0.5828   0.0304   0.0000  -0.0159  -0.1327    0.277
     9   3.0862   5.6062   3.8005   3.3931   0.0735   0.7821   0.6055   0.0239   0.0000  -0.0150  -0.1365    0.275
    10   3.7613   5.1351   3.4440   3.1984   0.0622   0.8058   0.6238   0.0170   0.0000  -0.0159  -0.1409    0.276
    11   4.4532   4.6522   3.3149   3.0282   0.0494   0.8429   0.6525   0.0101   0.0000  -0.0151  -0.1460    0.273
    12   5.1831   4.1429   3.0930   2.8282   0.0306   0.8851   0.6852   0.0010   0.0000  -0.0146  -0.1521    0.271
    13   6.0123   3.7903   3.4706   2.6267   0.0182   0.8528   0.6959  -0.0031   0.0000  -0.0115  -0.1662    0.267
    14   6.9353   3.6075   3.3775   2.4681   0.0177   0.8419   0.6870  -0.0021   0.0000  -0.0119  -0.1646    0.267
    15   7.8737   3.4215   3.2389   2.3249   0.0156   0.8361   0.6823  -0.0021   0.0000  -0.0127  -0.1642    0.269
    16   8.8172   3.2345   3.0619   2.1907   0.0140   0.8334   0.6801  -0.0025   0.0000  -0.0136  -0.1645    0.270
    17   9.7556   3.0486   2.8543   2.0608   0.0136   0.8319   0.6788  -0.0030   0.0000  -0.0148  -0.1652    0.272
    18  10.6786   2.8657   2.6239   1.9347   0.0140   0.8309   0.6780  -0.0034   0.0000  -0.0160  -0.1661    0.274
    19  11.5760   2.6879   2.3787   1.8122   0.0150   0.8298   0.6771  -0.0041   0.0000  -0.0172  -0.1670    0.275
    20  12.4328   2.5181   2.1010   1.6944   0.0171   0.8282   0.6758  -0.0043   0.0000  -0.0177  -0.1671    0.276
    21  13.2400   2.3582   1.8520   1.5800   0.0206   0.8247   0.6729  -0.0041   0.0000  -0.0172  -0.1661    0.276
    22  13.9941   2.2087   1.6074   1.4651   0.0253   0.8164   0.6662  -0.0040   0.0000  -0.0161  -0.1636    0.274
    23  14.6868   2.0715   1.3716   1.3456   0.0316   0.7995   0.6524  -0.0037   0.0000  -0.0142  -0.1588    0.272
    24  15.3105   1.9479   1.1479   1.2161   0.0393   0.7684   0.6270  -0.0033   0.0000  -0.0113  -0.1505    0.268
    25  15.8583   1.8393   0.9381   1.0699   0.0478   0.7158   0.5841  -0.0021   0.0000  -0.0082  -0.1382    0.264
    26  16.3244   1.7470   0.7427   0.9013   0.0565   0.6345   0.5177   0.0019   0.0000  -0.0092  -0.1242    0.268
    27  16.6722   1.4928   0.4131   0.7175   0.0650   1.6276   0.4838  -0.0155   0.0000  -0.0100  -0.0635    0.271
    28  16.9098   1.1466   0.2292   0.5299   0.0756   1.5708   0.4669  -0.0343   0.0000   0.0097  -0.0522    0.229
    29  17.0696   0.9138   0.1104   0.3263   0.0837   1.2203   0.3628  -0.0484   0.0000   0.0283  -0.0308    0.172
    30  17.1499   0.7967   0.0322   0.1103   0.0879   0.4780   0.1421  -0.0354   0.0000   0.0186  -0.0084    0.119

  Surface # 2     main_wing (YDUP)                        
     # Chordwise = 10   # Spanwise = 30     First strip = 31
     Surface area =   63.968842       Ave. chord =    3.715026
     CLsurf  =   0.31904     Clsurf  =   0.06173
     CYsurf  =   0.01915     Cmsurf  =  -0.28546
     CDsurf  =   0.00888     Cnsurf  =   0.00338
     CDisurf =   0.00888     CDvsurf =   0.00000

  Forces referred to Ssurf, Cave about hinge axis thru LE
     CLsurf  =   0.62384     CDsurf  =   0.01733
     Deflect =

 Strip Forces referred to Strip Area, Chord
    j      Yle    Chord     Area     c cl      ai      cl_norm  cl       cd       cdv    cm_c/4    cm_LE  C.P.x/c
    31  -0.0114   7.7520   0.3539   4.1740   0.1401   0.6463   0.5003   0.4589   0.0000  -0.0314   0.1360    0.313
    32  -0.1025   7.6885   1.0491   3.8581   0.1397   0.6406   0.4959   0.0890   0.0000  -0.0312   0.1284    0.313
    33  -0.2837   7.5620   1.7073   3.8300   0.1386   0.6493   0.5026   0.0659   0.0000  -0.0293   0.1278    0.308
    34  -0.5530   7.3741   2.3052   3.8099   0.1360   0.6635   0.5137   0.0567   0.0000  -0.0263   0.1275    0.301
    35  -0.9075   7.1267   2.8223   3.7796   0.1309   0.6816   0.5277   0.0534   0.0000  -0.0230   0.1276    0.294
    36  -1.3432   6.8226   3.2414   3.7263   0.1213   0.7031   0.5443   0.0455   0.0000  -0.0200   0.1284    0.287
    37  -1.8554   6.4651   3.5491   3.6447   0.1037   0.7270   0.5628   0.0352   0.0000  -0.0176   0.1301    0.281
    38  -2.4386   6.0582   3.7368   3.5336   0.0857   0.7529   0.5828   0.0304   0.0000  -0.0159   0.1327    0.277
    39  -3.0862   5.6062   3.8005   3.3931   0.0735   0.7821   0.6055   0.0239   0.0000  -0.0150   0.1365    0.275
    40  -3.7613   5.1351   3.4440   3.1984   0.0622   0.8058   0.6238   0.0170   0.0000  -0.0159   0.1409    0.276
    41  -4.4532   4.6522   3.3149   3.0282   0.0494   0.8429   0.6525   0.0101   0.0000  -0.0151   0.1460    0.273
    42  -5.1831   4.1429   3.0930   2.8282   0.0306   0.8851   0.6852   0.0010   0.0000  -0.0146   0.1521    0.271
    43  -6.0123   3.7903   3.4706   2.6267   0.0182   0.8528   0.6959  -0.0031   0.0000  -0.0115   0.1662    0.267
    44  -6.9353   3.6075   3.3775   2.4681   0.0177   0.8419   0.6870  -0.0021   0.0000  -0.0119   0.1646    0.267
    45  -7.8737   3.4215   3.2389   2.3249   0.0156   0.8361   0.6823  -0.0021   0.0000  -0.0127   0.1642    0.269
    46  -8.8172   3.2345   3.0619   2.1907   0.0140   0.8334   0.6801  -0.0025   0.0000  -0.0136   0.1645    0.270
    47  -9.7556   3.0486   2.8543   2.0608   0.0136   0.8319   0.6788  -0.0030   0.0000  -0.0148   0.1652    0.272
    48 -10.6786   2.8657   2.6239   1.9347   0.0140   0.8309   0.6780  -0.0034   0.0000  -0.0160   0.1661    0.274
    49 -11.5760   2.6879   2.3787   1.8122   0.0150   0.8298   0.6771  -0.0041   0.0000  -0.0172   0.1670    0.275
    50 -12.4328   2.5181   2.1010   1.6944   0.0171   0.8282   0.6758  -0.0043   0.0000  -0.0177   0.1671    0.276
    51 -13.2400   2.3582   1.8520   1.5800   0.0206   0.8247   0.6729  -0.0041   0.0000  -0.0172   0.1661    0.276
    52 -13.9941   2.2087   1.6074   1.4651   0.0253   0.8164   0.6662  -0.0040   0.0000  -0.0161   0.1636    0.274
    53 -14.6868   2.0715   1.3716   1.3456   0.0316   0.7995   0.6524  -0.0037   0.0000  -0.0142   0.1588    0.272
    54 -15.3105   1.9479   1.1479   1.2161   0.0393   0.7684   0.6270  -0.0033   0.0000  -0.0113   0.1505    0.268
    55 -15.8583   1.8393   0.9381   1.0699   0.0478   0.7158   0.5841  -0.0021   0.0000  -0.0082   0.1382    0.264
    56 -16.3244   1.7470   0.7427   0.9013   0.0565   0.6345   0.5177   0.0019   0.0000  -0.0092   0.1242    0.268
    57 -16.6722   1.4928   0.4131   0.7175   0.0650   1.6276   0.4838  -0.0155   0.0000  -0.0100   0.0635    0.271
    58 -16.9098   1.1466   0.2292   0.5299   0.0756   1.5708   0.4669  -0.0343   0.0000   0.0097   0.0522    0.229
    59 -17.0696   0.9138   0.1104   0.3263   0.0837   1.2203   0.3628  -0.0484   0.0000   0.0283   0.0308    0.172
    60 -17.1499   0.7967   0.0322   0.1103   0.0879   0.4780   0.1421  -0.0354   0.0000   0.0186   0.0084    0.119

  Surface # 3     horizontal_stabilizer                   
     # Chordwise = 10   # Spanwise = 30     First strip = 61
     Surface area =   20.744604       Ave. chord =    2.848572
     CLsurf  =   0.02629     Clsurf  =  -0.00282
     CYsurf  =  -0.00420     Cmsurf  =  -0.12862
     CDsurf  =   0.00156     Cnsurf  =   0.00240
     CDisurf =   0.00156     CDvsurf =   0.00000

  Forces referred to Ssurf, Cave about hinge axis thru LE
     CLsurf  =   0.16025     CDsurf  =   0.00938
     Deflect =

 Strip Forces referred to Strip Area, Chord
    j      Yle    Chord     Area     c cl      ai      cl_norm  cl       cd       cdv    cm_c/4    cm_LE  C.P.x/c
    61   0.0047   4.2713   0.0803   0.5574   0.0927   0.1663   0.1274   0.0410   0.0000  -0.0081  -0.0349    0.314
    62   0.0418   4.2566   0.2392   0.5113   0.0929   0.1561   0.1196   0.0115   0.0000  -0.0079  -0.0326    0.316
    63   0.1156   4.2274   0.3930   0.5081   0.0929   0.1564   0.1198   0.0096   0.0000  -0.0076  -0.0323    0.313
    64   0.2254   4.1839   0.5386   0.5072   0.0924   0.1578   0.1209   0.0092   0.0000  -0.0069  -0.0320    0.307
    65   0.3698   4.1268   0.6730   0.5072   0.0915   0.1600   0.1226   0.0091   0.0000  -0.0062  -0.0317    0.300
    66   0.5474   4.0565   0.7936   0.5070   0.0899   0.1627   0.1247   0.0090   0.0000  -0.0054  -0.0315    0.293
    67   0.7617   3.9717   0.9441   0.5067   0.0876   0.1662   0.1273   0.0090   0.0000  -0.0046  -0.0314    0.286
    68   1.0116   3.8728   1.0344   0.5059   0.0843   0.1702   0.1303   0.0090   0.0000  -0.0038  -0.0314    0.279
    69   1.2891   3.7630   1.1046   0.5051   0.0804   0.1749   0.1339   0.0091   0.0000  -0.0032  -0.0317    0.274
    70   1.5912   3.6435   1.1542   0.5042   0.0760   0.1803   0.1381   0.0091   0.0000  -0.0027  -0.0322    0.269
    71   1.9146   3.5155   1.1831   0.5032   0.0715   0.1865   0.1429   0.0093   0.0000  -0.0022  -0.0328    0.266
    72   2.2558   3.3805   1.1921   0.5023   0.0676   0.1936   0.1483   0.0094   0.0000  -0.0018  -0.0336    0.262
    73   2.6109   3.2400   1.1821   0.5015   0.0643   0.2018   0.1545   0.0096   0.0000  -0.0015  -0.0347    0.259
    74   2.9762   3.0955   1.1548   0.5006   0.0618   0.2108   0.1615   0.0098   0.0000  -0.0011  -0.0359    0.257
    75   3.3476   2.9485   1.1122   0.4990   0.0599   0.2207   0.1690   0.0099   0.0000  -0.0007  -0.0372    0.254
    76   3.7210   2.8008   1.0564   0.4966   0.0585   0.2312   0.1771   0.0101   0.0000  -0.0003  -0.0386    0.251
    77   4.0924   2.6538   0.9900   0.4925   0.0576   0.2420   0.1854   0.0102   0.0000   0.0002  -0.0399    0.249
    78   4.4577   2.5093   0.9155   0.4863   0.0571   0.2528   0.1936   0.0102   0.0000   0.0008  -0.0412    0.246
    79   4.8128   2.3687   0.8353   0.4770   0.0571   0.2627   0.2013   0.0102   0.0000   0.0016  -0.0422    0.242
    80   5.1540   2.2338   0.7518   0.4644   0.0575   0.2713   0.2078   0.0101   0.0000   0.0025  -0.0428    0.238
    81   5.4774   2.1058   0.6671   0.4475   0.0584   0.2774   0.2125   0.0099   0.0000   0.0036  -0.0429    0.233
    82   5.7795   1.9862   0.5830   0.4260   0.0597   0.2800   0.2145   0.0094   0.0000   0.0051  -0.0421    0.226
    83   6.0570   1.8764   0.5012   0.3997   0.0614   0.2781   0.2130   0.0089   0.0000   0.0068  -0.0404    0.218
    84   6.3069   1.7776   0.4225   0.3680   0.0632   0.2704   0.2071   0.0082   0.0000   0.0088  -0.0374    0.208
    85   6.5264   1.6907   0.3478   0.3308   0.0651   0.2556   0.1958   0.0072   0.0000   0.0108  -0.0332    0.195
    86   6.7314   1.6096   0.3326   0.2861   0.0670   0.2323   0.1779   0.0060   0.0000   0.0127  -0.0278    0.179
    87   6.9144   1.5372   0.2507   0.2311   0.0688   0.1966   0.1505   0.0045   0.0000   0.0137  -0.0210    0.159
    88   7.0535   1.4822   0.1746   0.1699   0.0703   0.1499   0.1148   0.0028   0.0000   0.0128  -0.0141    0.139
    89   7.1471   1.4451   0.1029   0.1039   0.0713   0.0940   0.0720   0.0012   0.0000   0.0093  -0.0077    0.121
    90   7.1941   1.4265   0.0340   0.0350   0.0718   0.0322   0.0246  -0.0004   0.0000   0.0034  -0.0024    0.111

  Surface # 4     horizontal_stabilizer (YDUP)            
     # Chordwise = 10   # Spanwise = 30     First strip = 91
     Surface area =   20.744604       Ave. chord =    2.848572
     CLsurf  =   0.02629     Clsurf  =   0.00282
     CYsurf  =   0.00420     Cmsurf  =  -0.12862
     CDsurf  =   0.00156     Cnsurf  =  -0.00240
     CDisurf =   0.00156     CDvsurf =   0.00000

  Forces referred to Ssurf, Cave about hinge axis thru LE
     CLsurf  =   0.16025     CDsurf  =   0.00938
     Deflect =

 Strip Forces referred to Strip Area, Chord
    j      Yle    Chord     Area     c cl      ai      cl_norm  cl       cd       cdv    cm_c/4    cm_LE  C.P.x/c
    91  -0.0047   4.2713   0.0803   0.5574   0.0927   0.1663   0.1274   0.0410   0.0000  -0.0081   0.0349    0.314
    92  -0.0418   4.2566   0.2392   0.5113   0.0929   0.1561   0.1196   0.0115   0.0000  -0.0079   0.0326    0.316
    93  -0.1156   4.2274   0.3930   0.5081   0.0929   0.1564   0.1198   0.0096   0.0000  -0.0076   0.0323    0.313
    94  -0.2254   4.1839   0.5386   0.5072   0.0924   0.1578   0.1209   0.0092   0.0000  -0.0069   0.0320    0.307
    95  -0.3698   4.1268   0.6730   0.5072   0.0915   0.1600   0.1226   0.0091   0.0000  -0.0062   0.0317    0.300
    96  -0.5474   4.0565   0.7936   0.5070   0.0899   0.1627   0.1247   0.0090   0.0000  -0.0054   0.0315    0.293
    97  -0.7617   3.9717   0.9441   0.5067   0.0876   0.1662   0.1273   0.0090   0.0000  -0.0046   0.0314    0.286
    98  -1.0116   3.8728   1.0344   0.5059   0.0843   0.1702   0.1303   0.0090   0.0000  -0.0038   0.0314    0.279
    99  -1.2891   3.7630   1.1046   0.5051   0.0804   0.1749   0.1339   0.0091   0.0000  -0.0032   0.0317    0.274
   100  -1.5912   3.6435   1.1542   0.5042   0.0760   0.1803   0.1381   0.0091   0.0000  -0.0027   0.0322    0.269
   101  -1.9146   3.5155   1.1831   0.5032   0.0715   0.1865   0.1429   0.0093   0.0000  -0.0022   0.0328    0.266
   102  -2.2558   3.3805   1.1921   0.5023   0.0676   0.1936   0.1483   0.0094   0.0000  -0.0018   0.0336    0.262
   103  -2.6109   3.2400   1.1821   0.5015   0.0643   0.2018   0.1545   0.0096   0.0000  -0.0015   0.0347    0.259
   104  -2.9762   3.0955   1.1548   0.5006   0.0618   0.2108   0.1615   0.0098   0.0000  -0.0011   0.0359    0.257
   105  -3.3476   2.9485   1.1122   0.4990   0.0599   0.2207   0.1690   0.0099   0.0000  -0.0007   0.0372    0.254
   106  -3.7210   2.8008   1.0564   0.4966   0.0585   0.2312   0.1771   0.0101   0.0000  -0.0003   0.0386    0.251
   107  -4.0924   2.6538   0.9900   0.4925   0.0576   0.2420   0.1854   0.0102   0.0000   0.0002   0.0399    0.249
   108  -4.4577   2.5093   0.9155   0.4863   0.0571   0.2528   0.1936   0.0102   0.0000   0.0008   0.0412    0.246
   109  -4.8128   2.3687   0.8353   0.4770   0.0571   0.2627   0.2013   0.0102   0.0000   0.0016   0.0422    0.242
   110  -5.1540   2.2338   0.7518   0.4644   0.0575   0.2713   0.2078   0.0101   0.0000   0.0025   0.0428    0.238
   111  -5.4774   2.1058   0.6671   0.4475   0.0584   0.2774   0.2125   0.0099   0.0000   0.0036   0.0429    0.233
   112  -5.7795   1.9862   0.5830   0.4260   0.0597   0.2800   0.2145   0.0094   0.0000   0.0051   0.0421    0.226
   113  -6.0570   1.8764   0.5012   0.3997   0.0614   0.2781   0.2130   0.0089   0.0000   0.0068   0.0404    0.218
   114  -6.3069   1.7776   0.4225   0.3680   0.0632   0.2704   0.2071   0.0082   0.0000   0.0088   0.0374    0.208
   115  -6.5264   1.6907   0.3478   0.3308   0.0651   0.2556   0.1958   0.0072   0.0000   0.0108   0.0332    0.195
   116  -6.7314   1.6096   0.3326   0.2861   0.0670   0.2323   0.1779   0.0060   0.0000   0.0127   0.0278    0.179
   117  -6.9144   1.5372   0.2507   0.2311   0.0688   0.1966   0.1505   0.0045   0.0000   0.0137   0.0210    0.159
   118  -7.0535   1.4822   0.1746   0.1699   0.0703   0.1499   0.1148   0.0028   0.0000   0.0128   0.0141    0.139
   119  -7.1471   1.4451   0.1029   0.1039   0.0713   0.0940   0.0720   0.0012   0.0000   0.0093   0.0077    0.121
   120  -7.1941   1.4265   0.0340   0.0350   0.0718   0.0322   0.0246  -0.0004   0.0000   0.0034   0.0024    0.111

  Surface # 5     vertical_stabilizer                     
     # Chordwise = 10   # Spanwise = 30     First strip =121
     Surface area =   34.910358       Ave. chord =    4.190919
     CLsurf  =   0.00000     Clsurf  =   0.00000
     CYsurf  =   0.00000     Cmsurf  =  -0.00000
     CDsurf  =  -0.00000     Cnsurf  =  -0.00000
     CDisurf =  -0.00000     CDvsurf =   0.00000

  Forces referred to Ssurf, Cave about hinge axis thru LE
     CLsurf  =  -0.00000     CDsurf  =  -0.00000
     Deflect =

 Strip Forces referred to Strip Area, Chord
    j      Yle    Chord     Area     c cl      ai      cl_norm  cl       cd       cdv    cm_c/4    cm_LE  C.P.x/c
   121   0.0000  10.0347   0.6931  -0.0000   0.0000  -0.0000  -0.0000   0.0000   0.0000   0.0000   0.0000    0.361
   122   0.0000   9.8296   1.1101  -0.0000   0.0000  -0.0000  -0.0000  -0.0000   0.0000   0.0000   0.0000    0.366
   123   0.0000   9.5266   1.4857  -0.0000  -0.0000  -0.0000  -0.0000   0.0000   0.0000   0.0000   0.0000    0.368
   124   0.0000   9.1281   1.8040  -0.0000   0.0000  -0.0000  -0.0000   0.0000   0.0000   0.0000   0.0000    0.378
   125   0.0000   8.6377   2.0517  -0.0000   0.0000  -0.0000  -0.0000   0.0000   0.0000   0.0000   0.0000    0.379
   126   0.0000   8.0598   2.2181  -0.0000   0.0000  -0.0000  -0.0000  -0.0000   0.0000   0.0000   0.0000    0.381
   127   0.0000   7.4000   2.2957  -0.0000   0.0000  -0.0000  -0.0000  -0.0000   0.0000   0.0000   0.0000    0.375
   128   0.0000   6.6646   2.2808  -0.0000   0.0000  -0.0000  -0.0000   0.0000   0.0000   0.0000   0.0000    0.363
   129   0.0000   5.8609   2.1733  -0.0000   0.0000  -0.0000  -0.0000  -0.0000   0.0000   0.0000   0.0000    0.344
   130   0.0000   4.9969   1.9773  -0.0000   0.0000  -0.0000  -0.0000   0.0000   0.0000   0.0000   0.0000    0.307
   131   0.0000   4.4389   1.6667  -0.0000   0.0000  -0.0000  -0.0000  -0.0000   0.0000   0.0000   0.0000    0.271
   132   0.0000   4.2198   1.6478  -0.0000   0.0000  -0.0000  -0.0000  -0.0000   0.0000   0.0000   0.0000    0.270
   133   0.0000   3.9932   1.6033  -0.0000   0.0000  -0.0000  -0.0000  -0.0000   0.0000   0.0000   0.0000    0.262
   134   0.0000   3.7615   1.5362  -0.0000   0.0000  -0.0000  -0.0000  -0.0000   0.0000   0.0000   0.0000    0.259
   135   0.0000   3.5271   1.4499  -0.0000   0.0000  -0.0000  -0.0000  -0.0000   0.0000   0.0000   0.0000    0.256
   136   0.0000   3.2923   1.3482  -0.0000   0.0000  -0.0000  -0.0000  -0.0000   0.0000  -0.0000   0.0000    0.247
   137   0.0000   3.0597   1.2352  -0.0000   0.0000  -0.0000  -0.0000  -0.0000   0.0000  -0.0000   0.0000    0.245
   138   0.0000   2.8315   1.1147  -0.0000   0.0000  -0.0000  -0.0000  -0.0000   0.0000  -0.0000   0.0000    0.237
   139   0.0000   2.6103   0.9908  -0.0000   0.0000  -0.0000  -0.0000  -0.0000   0.0000  -0.0000   0.0000    0.233
   140   0.0000   2.3983   0.8670  -0.0000   0.0000  -0.0000  -0.0000  -0.0000   0.0000  -0.0000   0.0000    0.234
   141   0.0000   2.1977   0.7464  -0.0000   0.0000  -0.0000  -0.0000  -0.0000   0.0000  -0.0000   0.0000    0.228
   142   0.0000   2.0106   0.6318  -0.0000   0.0000  -0.0000  -0.0000  -0.0000   0.0000  -0.0000   0.0000    0.227
   143   0.0000   1.8390   0.5251  -0.0000   0.0000  -0.0000  -0.0000  -0.0000   0.0000  -0.0000   0.0000    0.222
   144   0.0000   1.6847   0.4276  -0.0000   0.0000  -0.0000  -0.0000  -0.0000   0.0000  -0.0000   0.0000    0.213
   145   0.0000   1.5493   0.3400  -0.0000   0.0000  -0.0000  -0.0000  -0.0000   0.0000  -0.0000   0.0000    0.199
   146   0.0000   1.4342   0.2622  -0.0000   0.0000  -0.0000  -0.0000  -0.0000   0.0000  -0.0000   0.0000    0.181
   147   0.0000   1.3407   0.1933  -0.0000   0.0000  -0.0000  -0.0000  -0.0000   0.0000  -0.0000   0.0000    0.164
   148   0.0000   1.2696   0.1322  -0.0000   0.0000  -0.0000  -0.0000  -0.0000   0.0000  -0.0000   0.0000    0.141
   149   0.0000   1.2218   0.0769  -0.0000   0.0000  -0.0000  -0.0000  -0.0000   0.0000  -0.0000   0.0000    0.122
   150   0.0000   1.1978   0.0252  -0.0000   0.0000  -0.0000  -0.0000  -0.0000   0.0000  -0.0000   0.0000    0.112

  Surface # 6     fuselage_horizontal                     
     # Chordwise = 10   # Spanwise = 10     First strip =151
     Surface area =  123.841202       Ave. chord =   33.112617
     CLsurf  =   0.00623     Clsurf  =   0.00000
     CYsurf  =  -0.00000     Cmsurf  =   0.04609
     CDsurf  =  -0.00021     Cnsurf  =   0.00000
     CDisurf =  -0.00021     CDvsurf =   0.00000

  Forces referred to Ssurf, Cave about hinge axis thru LE
     CLsurf  =   0.00628     CDsurf  =  -0.00021
     Deflect =

 Strip Forces referred to Strip Area, Chord
    j      Yle    Chord     Area     c cl      ai      cl_norm  cl       cd       cdv    cm_c/4    cm_LE  C.P.x/c
   151  -1.6830  26.5957   9.9468   0.1360   0.1281   0.0615   0.0053  -0.0020   0.0000   0.0036   0.0003   -0.425
   152  -1.3090  31.2096  11.6724   0.1988   0.1398   0.0246   0.0065  -0.0007   0.0000   0.0043   0.0007   -0.424
   153  -0.9350  34.0626  12.7394   0.2210   0.1331   0.0158   0.0065  -0.0001   0.0000   0.0051   0.0012   -0.527
   154  -0.5610  36.1619  13.5246   0.2343   0.1320   0.0108   0.0065   0.0003   0.0000   0.0054   0.0017   -0.583
   155  -0.1870  37.5332  14.0374   0.2420   0.1333   0.0074   0.0064   0.0009   0.0000   0.0055   0.0027   -0.606
   156   0.1870  37.5332  14.0374   0.2420   0.1333   0.0074   0.0064   0.0009   0.0000   0.0055   0.0027   -0.606
   157   0.5610  36.1619  13.5246   0.2343   0.1320   0.0108   0.0065   0.0003   0.0000   0.0054   0.0017   -0.583
   158   0.9350  34.0626  12.7394   0.2210   0.1331   0.0158   0.0065  -0.0001   0.0000   0.0051   0.0012   -0.527
   159   1.3090  31.2096  11.6724   0.1988   0.1398   0.0246   0.0065  -0.0007   0.0000   0.0043   0.0007   -0.424
   160   1.6830  26.5957   9.9468   0.1360   0.1281   0.0615   0.0053  -0.0020   0.0000   0.0036   0.0003   -0.425

  Surface # 7     fuselage_vertical                       
     # Chordwise = 10   # Spanwise = 10     First strip =161
     Surface area =  123.841202       Ave. chord =   33.112617
     CLsurf  =   0.00000     Clsurf  =  -0.00000
     CYsurf  =   0.00000     Cmsurf  =  -0.00000
     CDsurf  =   0.00000     Cnsurf  =  -0.00000
     CDisurf =   0.00000     CDvsurf =   0.00000

  Forces referred to Ssurf, Cave about hinge axis thru LE
     CLsurf  =  -0.00000     CDsurf  =   0.00000
     Deflect =

 Strip Forces referred to Strip Area, Chord
    j      Yle    Chord     Area     c cl      ai      cl_norm  cl       cd       cdv    cm_c/4    cm_LE  C.P.x/c
   161   0.0000  26.5957   9.9468   0.0000  -0.0000   0.0000   0.0000   0.0000   0.0000   0.0000   0.0000   -0.582
   162   0.0000  31.2096  11.6724  -0.0000  -0.0000  -0.0000  -0.0000   0.0000   0.0000  -0.0000  -0.0000   -0.625
   163   0.0000  34.0626  12.7394  -0.0000  -0.0000  -0.0000  -0.0000   0.0000   0.0000  -0.0000  -0.0000   -0.018
   164   0.0000  36.1619  13.5246  -0.0000   0.0000  -0.0000  -0.0000   0.0000   0.0000  -0.0000   0.0000    0.153
   165   0.0000  37.5332  14.0374  -0.0000   0.0000  -0.0000  -0.0000   0.0000   0.0000  -0.0000   0.0000    0.235
   166   0.0000  37.5332  14.0374  -0.0000   0.0000  -0.0000  -0.0000  -0.0000   0.0000   0.0000   0.0000    0.456
   167   0.0000  36.1619  13.5246  -0.0000   0.0000  -0.0000  -0.0000   0.0000   0.0000   0.0000   0.0000    0.529
   168   0.0000  34.0626  12.7394  -0.0000   0.0000  -0.0000  -0.0000   0.0000   0.0000   0.0000   0.0000    0.581
   169   0.0000  31.2096  11.6724  -0.0000   0.0000  -0.0000  -0.0000   0.0000   0.0000   0.0000   0.0000    0.629
   170   0.0000  26.5957   9.9468  -0.0000   0.0000  -0.0000  -0.0000   0.0000   0.0000   0.0000   0.0000    0.699
 ---------------------------------------------------------------
