 ---------------------------------------------------------------
 Surface and Strip Forces by surface

  Forces referred to Sref, Cref, Bref about Xref, Yref, Zref
 Standard axis orientation,  X fwd, Z down         

  Surface # 1     main_wing                               
     # Chordwise = 10   # Spanwise = 30     First strip =  1
     Surface area =   63.793327       Ave. chord =    3.717556
     CLsurf  =  -2.36097     Clsurf  =   0.51420
     CYsurf  =   0.11581     Cmsurf  =   0.29390
     CDsurf  =   0.21916     Cnsurf  =   0.14891
     CDisurf =   0.21916     CDvsurf =   0.00000

  Forces referred to Ssurf, Cave about hinge axis thru LE
     CLsurf  =  -4.62137     CDsurf  =   0.42896
     Deflect =

 Strip Forces referred to Strip Area, Chord
    j      Yle    Chord     Area     c cl      ai      cl_norm  cl       cd       cdv    cm_c/4    cm_LE  C.P.x/c
     1   0.0123   7.7514   0.3815 -18.7364  -0.6945   3.2077   3.2074 -64.3959   0.0000   1.0115   1.5894   -0.065
     2   0.1106   7.6828   1.1303 -21.1526  -0.6234  -2.2419  -2.2417  -5.9674   0.0000   1.0889   1.7481    0.736
     3   0.3062   7.5463   1.8369 -21.1385  -0.5071  -2.7061  -2.7059  -1.2114   0.0000   1.0818   1.7530    0.650
     4   0.5968   7.3435   2.4751 -21.0025  -0.3505  -2.8507  -2.8504  -0.2346   0.0000   1.0354   1.7218    0.613
     5   0.9793   7.0766   3.0215 -19.5287  -0.1542  -2.8658  -2.8655   1.0900   0.0000   0.8837   1.5479    0.558
     6   1.4496   6.7484   3.4567 -19.7351   0.0723  -2.9724  -2.9721   0.4178   0.0000   0.7202   1.4276    0.492
     7   1.9610   6.3915   3.2367 -18.8770   0.1714  -3.0296  -3.0293   0.7377   0.0000   0.5022   1.2203    0.416
     8   2.4995   6.0157   3.4229 -18.8794   0.1078  -3.2017  -3.2014   0.5840   0.0000   0.3745   1.1401    0.367
     9   3.0975   5.5984   3.5010 -18.6394   0.0304  -3.4211  -3.4208   0.8991   0.0000   0.2600   1.0745    0.326
    10   3.7485   5.1441   3.4716 -19.2326  -0.0616  -3.8187  -3.8183   0.7460   0.0000   0.1976   1.1138    0.302
    11   4.4453   4.6578   3.3395 -19.2318  -0.1669  -4.2351  -4.2347   1.0280   0.0000   0.1012   1.1150    0.274
    12   5.1804   4.1448   3.1137 -20.0676  -0.2804  -4.9804  -4.9799   1.3686   0.0000   0.0278   1.2180    0.256
    13   6.0123   3.7903   3.4546 -20.2538  -0.3864  -5.4986  -5.4983   1.5356   0.0000  -0.0167   1.3171    0.247
    14   6.9353   3.6074   3.3620 -20.2190  -0.4308  -5.7513  -5.7509   1.4259   0.0000  -0.0243   1.3747    0.246
    15   7.8737   3.4215   3.2240 -19.8828  -0.4451  -5.9505  -5.9501   1.3350   0.0000  -0.0232   1.4273    0.246
    16   8.8173   3.2345   3.0478 -19.3275  -0.4356  -6.1086  -6.1082   1.2579   0.0000  -0.0202   1.4713    0.247
    17   9.7557   3.0486   2.8411 -18.6009  -0.4155  -6.2295  -6.2291   1.1928   0.0000  -0.0175   1.5055    0.247
    18  10.6786   2.8657   2.6118 -17.7448  -0.3945  -6.3159  -6.3155   1.1393   0.0000  -0.0158   1.5298    0.247
    19  11.5760   2.6879   2.3677 -16.7903  -0.3787  -6.3672  -6.3668   1.1006   0.0000  -0.0155   1.5437    0.248
    20  12.4467   2.5153   2.1582 -15.7538  -0.3695  -6.3817  -6.3813   1.0770   0.0000  -0.0168   1.5465    0.247
    21  13.2645   2.3533   1.8259 -14.6607  -0.3702  -6.3480  -6.3476   1.0731   0.0000  -0.0203   1.5347    0.247
    22  14.0130   2.2050   1.5853 -13.5216  -0.3824  -6.2518  -6.2514   1.0937   0.0000  -0.0265   1.5042    0.246
    23  14.7005   2.0687   1.3533 -12.3234  -0.4081  -6.0793  -6.0789   1.1336   0.0000  -0.0368   1.4501    0.244
    24  15.3195   1.9461   1.1330 -11.0345  -0.4498  -5.7966  -5.7962   1.1939   0.0000  -0.0524   1.3629    0.241
    25  15.8633   1.8383   0.9263  -9.6116  -0.5086  -5.3598  -5.3594   1.2694   0.0000  -0.0733   1.2318    0.236
    26  16.3259   1.7467   0.7336  -8.0125  -0.5840  -4.7246  -4.7243   1.3661   0.0000  -0.0978   1.0473    0.229
    27  16.6722   1.4928   0.4112  -6.2114  -0.5513  -4.2750  -4.2734   1.1043   0.0000  -0.1288   0.8517    0.220
    28  16.9098   1.1466   0.2281  -4.4245  -0.4775  -3.9314  -3.9300   0.6461   0.0000  -0.1637   0.7485    0.208
    29  17.0696   0.9137   0.1099  -2.6528  -0.4525  -2.9434  -2.9423   0.3196   0.0000  -0.1669   0.5223    0.193
    30  17.1499   0.7966   0.0321  -0.8857  -0.4605  -1.1207  -1.1203   0.0488   0.0000  -0.0807   0.1843    0.178

  Surface # 2     main_wing (YDUP)                        
     # Chordwise = 10   # Spanwise = 30     First strip = 31
     Surface area =   63.793327       Ave. chord =    3.717556
     CLsurf  =  -2.36095     Clsurf  =  -0.51419
     CYsurf  =  -0.11580     Cmsurf  =   0.29390
     CDsurf  =   0.21914     Cnsurf  =  -0.14890
     CDisurf =   0.21914     CDvsurf =   0.00000

  Forces referred to Ssurf, Cave about hinge axis thru LE
     CLsurf  =  -4.62133     CDsurf  =   0.42893
     Deflect =

 Strip Forces referred to Strip Area, Chord
    j      Yle    Chord     Area     c cl      ai      cl_norm  cl       cd       cdv    cm_c/4    cm_LE  C.P.x/c
    31  -0.0123   7.7514   0.3815 -18.7364  -0.6941   3.2078   3.2075 -64.3961   0.0000   1.0115  -1.5894   -0.065
    32  -0.1106   7.6828   1.1303 -21.1526  -0.6233  -2.2419  -2.2417  -5.9676   0.0000   1.0889  -1.7481    0.736
    33  -0.3062   7.5463   1.8369 -21.1385  -0.5072  -2.7061  -2.7059  -1.2112   0.0000   1.0818  -1.7530    0.650
    34  -0.5968   7.3435   2.4751 -21.0024  -0.3504  -2.8506  -2.8504  -0.2348   0.0000   1.0354  -1.7218    0.613
    35  -0.9793   7.0766   3.0215 -19.5286  -0.1542  -2.8658  -2.8655   1.0900   0.0000   0.8837  -1.5479    0.558
    36  -1.4496   6.7484   3.4567 -19.7350   0.0724  -2.9724  -2.9721   0.4178   0.0000   0.7202  -1.4276    0.492
    37  -1.9610   6.3915   3.2367 -18.8768   0.1714  -3.0295  -3.0293   0.7377   0.0000   0.5022  -1.2203    0.416
    38  -2.4995   6.0157   3.4229 -18.8792   0.1078  -3.2017  -3.2014   0.5840   0.0000   0.3745  -1.1401    0.367
    39  -3.0975   5.5984   3.5010 -18.6393   0.0304  -3.4211  -3.4208   0.8991   0.0000   0.2600  -1.0745    0.326
    40  -3.7485   5.1441   3.4716 -19.2324  -0.0616  -3.8186  -3.8183   0.7460   0.0000   0.1976  -1.1138    0.302
    41  -4.4453   4.6578   3.3395 -19.2316  -0.1669  -4.2350  -4.2346   1.0280   0.0000   0.1012  -1.1150    0.274
    42  -5.1804   4.1448   3.1137 -20.0674  -0.2804  -4.9803  -4.9799   1.3686   0.0000   0.0278  -1.2180    0.256
    43  -6.0123   3.7903   3.4546 -20.2536  -0.3864  -5.4986  -5.4982   1.5356   0.0000  -0.0167  -1.3171    0.247
    44  -6.9353   3.6074   3.3620 -20.2188  -0.4308  -5.7513  -5.7509   1.4259   0.0000  -0.0243  -1.3747    0.246
    45  -7.8737   3.4215   3.2240 -19.8827  -0.4451  -5.9505  -5.9501   1.3350   0.0000  -0.0232  -1.4273    0.246
    46  -8.8173   3.2345   3.0478 -19.3273  -0.4356  -6.1086  -6.1082   1.2578   0.0000  -0.0202  -1.4713    0.247
    47  -9.7557   3.0486   2.8411 -18.6007  -0.4155  -6.2295  -6.2291   1.1928   0.0000  -0.0175  -1.5055    0.247
    48 -10.6786   2.8657   2.6118 -17.7447  -0.3945  -6.3158  -6.3154   1.1393   0.0000  -0.0158  -1.5298    0.247
    49 -11.5760   2.6879   2.3677 -16.7901  -0.3787  -6.3672  -6.3667   1.1006   0.0000  -0.0155  -1.5437    0.248
    50 -12.4467   2.5153   2.1582 -15.7537  -0.3695  -6.3816  -6.3812   1.0770   0.0000  -0.0168  -1.5465    0.247
    51 -13.2645   2.3533   1.8259 -14.6606  -0.3702  -6.3479  -6.3475   1.0731   0.0000  -0.0203  -1.5347    0.247
    52 -14.0130   2.2050   1.5853 -13.5214  -0.3823  -6.2517  -6.2513   1.0937   0.0000  -0.0265  -1.5042    0.246
    53 -14.7005   2.0687   1.3533 -12.3233  -0.4081  -6.0792  -6.0788   1.1336   0.0000  -0.0368  -1.4501    0.244
    54 -15.3195   1.9461   1.1330 -11.0343  -0.4498  -5.7965  -5.7961   1.1938   0.0000  -0.0524  -1.3629    0.241
    55 -15.8633   1.8383   0.9263  -9.6114  -0.5086  -5.3597  -5.3594   1.2693   0.0000  -0.0733  -1.2318    0.236
    56 -16.3259   1.7467   0.7336  -8.0124  -0.5840  -4.7245  -4.7242   1.3660   0.0000  -0.0978  -1.0473    0.229
    57 -16.6722   1.4928   0.4112  -6.2113  -0.5513  -4.2750  -4.2734   1.1043   0.0000  -0.1288  -0.8517    0.220
    58 -16.9098   1.1466   0.2281  -4.4245  -0.4775  -3.9314  -3.9299   0.6461   0.0000  -0.1637  -0.7485    0.208
    59 -17.0696   0.9137   0.1099  -2.6528  -0.4525  -2.9434  -2.9423   0.3196   0.0000  -0.1669  -0.5223    0.193
    60 -17.1499   0.7966   0.0321  -0.8857  -0.4605  -1.1207  -1.1203   0.0488   0.0000  -0.0807  -0.1843    0.178

  Surface # 3     horizontal_stabilizer                   
     # Chordwise = 10   # Spanwise = 30     First strip = 61
     Surface area =   20.071465       Ave. chord =    2.826957
     CLsurf  =   0.20563     Clsurf  =  -0.01811
     CYsurf  =  -0.00176     Cmsurf  =  -0.91038
     CDsurf  =  -0.02965     Cnsurf  =  -0.00331
     CDisurf =  -0.02965     CDvsurf =   0.00000

  Forces referred to Ssurf, Cave about hinge axis thru LE
     CLsurf  =   1.27922     CDsurf  =  -0.18442
     Deflect =

 Strip Forces referred to Strip Area, Chord
    j      Yle    Chord     Area     c cl      ai      cl_norm  cl       cd       cdv    cm_c/4    cm_LE  C.P.x/c
    61   0.0046   4.6976   0.0861   4.5376  -0.0033   0.9476   0.9474   0.2537   0.0000   0.0143  -0.2249    0.235
    62   0.0412   4.6783   0.2563   4.4758  -0.0055   0.9643   0.9641  -0.0426   0.0000   0.0133  -0.2236    0.236
    63   0.1140   4.6399   0.4206   4.4673  -0.0086   0.9720   0.9718  -0.0610   0.0000   0.0136  -0.2248    0.236
    64   0.2222   4.5828   0.5752   4.4639  -0.0112   0.9844   0.9842  -0.0735   0.0000   0.0142  -0.2270    0.236
    65   0.3647   4.5076   0.7167   4.4537  -0.0129   0.9991   0.9989  -0.0811   0.0000   0.0147  -0.2300    0.235
    66   0.5398   4.4152   0.8422   4.4413  -0.0133   1.0176   1.0174  -0.0872   0.0000   0.0153  -0.2338    0.235
    67   0.7511   4.3037   0.9974   4.4232  -0.0123   1.0402   1.0401  -0.0960   0.0000   0.0160  -0.2385    0.235
    68   0.9975   4.1737   1.0868   4.3943  -0.0111   1.0661   1.0659  -0.1032   0.0000   0.0166  -0.2441    0.234
    69   1.2712   4.0293   1.1531   4.3597  -0.0130   1.0963   1.0962  -0.1146   0.0000   0.0172  -0.2507    0.234
    70   1.5691   3.8721   1.1959   4.3160  -0.0221   1.1294   1.1293  -0.1186   0.0000   0.0179  -0.2582    0.234
    71   1.8880   3.7039   1.2153   4.2665  -0.0391   1.1683   1.1681  -0.1347   0.0000   0.0186  -0.2667    0.234
    72   2.2244   3.5264   1.2123   4.2026  -0.0567   1.2098   1.2096  -0.1524   0.0000   0.0192  -0.2759    0.234
    73   2.5747   3.3416   1.1886   4.1376  -0.0672   1.2561   1.2559  -0.1485   0.0000   0.0202  -0.2864    0.234
    74   2.9349   3.1516   1.1463   4.0580  -0.0705   1.3082   1.3080  -0.1767   0.0000   0.0212  -0.2976    0.234
    75   3.3011   2.9584   1.0879   3.9623  -0.0705   1.3620   1.3618  -0.1980   0.0000   0.0222  -0.3095    0.234
    76   3.6693   2.7641   1.0165   3.8632  -0.0700   1.4218   1.4216  -0.2126   0.0000   0.0238  -0.3224    0.233
    77   4.0356   2.5709   0.9351   3.7336  -0.0704   1.4803   1.4800  -0.2540   0.0000   0.0247  -0.3350    0.233
    78   4.3958   2.3808   0.8469   3.5875  -0.0719   1.5401   1.5398  -0.3112   0.0000   0.0257  -0.3475    0.233
    79   4.7460   2.1961   0.7550   3.4387  -0.0744   1.5990   1.5987  -0.3072   0.0000   0.0277  -0.3601    0.233
    80   5.0824   2.0186   0.6623   3.2554  -0.0776   1.6483   1.6480  -0.3327   0.0000   0.0290  -0.3704    0.232
    81   5.4013   1.8503   0.5714   3.0520  -0.0810   1.6860   1.6857  -0.3425   0.0000   0.0307  -0.3778    0.232
    82   5.6992   1.6931   0.4845   2.8265  -0.0840   1.7087   1.7085  -0.3740   0.0000   0.0326  -0.3809    0.231
    83   5.9729   1.5487   0.4033   2.5785  -0.0857   1.7063   1.7060  -0.3973   0.0000   0.0349  -0.3775    0.230
    84   6.2193   1.4187   0.3288   2.3183  -0.0851   1.6730   1.6727  -0.3706   0.0000   0.0382  -0.3666    0.227
    85   6.4358   1.3045   0.2616   2.0383  -0.0818   1.6019   1.6016  -0.3790   0.0000   0.0422  -0.3450    0.224
    86   6.6379   1.1979   0.2413   1.7353  -0.0748   1.4827   1.4825  -0.3241   0.0000   0.0477  -0.3113    0.218
    87   6.8184   1.1027   0.1754   1.3829  -0.0641   1.2840   1.2838  -0.2848   0.0000   0.0518  -0.2591    0.210
    88   6.9555   1.0303   0.1183   1.0119  -0.0513   1.0031   1.0029  -0.1950   0.0000   0.0517  -0.1919    0.198
    89   7.0478   0.9816   0.0681   0.6155  -0.0385   0.6406   0.6405  -0.1272   0.0000   0.0403  -0.1153    0.187
    90   7.0942   0.9572   0.0222   0.2070  -0.0288   0.2205   0.2205  -0.0385   0.0000   0.0158  -0.0379    0.178

  Surface # 4     horizontal_stabilizer (YDUP)            
     # Chordwise = 10   # Spanwise = 30     First strip = 91
     Surface area =   20.071465       Ave. chord =    2.826957
     CLsurf  =   0.20563     Clsurf  =   0.01811
     CYsurf  =   0.00176     Cmsurf  =  -0.91036
     CDsurf  =  -0.02964     Cnsurf  =   0.00331
     CDisurf =  -0.02964     CDvsurf =   0.00000

  Forces referred to Ssurf, Cave about hinge axis thru LE
     CLsurf  =   1.27920     CDsurf  =  -0.18442
     Deflect =

 Strip Forces referred to Strip Area, Chord
    j      Yle    Chord     Area     c cl      ai      cl_norm  cl       cd       cdv    cm_c/4    cm_LE  C.P.x/c
    91  -0.0046   4.6976   0.0861   4.5376  -0.0033   0.9476   0.9474   0.2538   0.0000   0.0143   0.2249    0.235
    92  -0.0412   4.6783   0.2563   4.4758  -0.0055   0.9643   0.9641  -0.0426   0.0000   0.0133   0.2236    0.236
    93  -0.1140   4.6399   0.4206   4.4673  -0.0086   0.9720   0.9718  -0.0610   0.0000   0.0136   0.2248    0.236
    94  -0.2222   4.5828   0.5752   4.4639  -0.0112   0.9844   0.9842  -0.0735   0.0000   0.0142   0.2270    0.236
    95  -0.3647   4.5076   0.7167   4.4536  -0.0129   0.9991   0.9989  -0.0811   0.0000   0.0147   0.2300    0.235
    96  -0.5398   4.4152   0.8422   4.4413  -0.0133   1.0175   1.0174  -0.0873   0.0000   0.0153   0.2338    0.235
    97  -0.7511   4.3037   0.9974   4.4231  -0.0123   1.0402   1.0401  -0.0960   0.0000   0.0160   0.2385    0.235
    98  -0.9975   4.1737   1.0868   4.3942  -0.0111   1.0661   1.0659  -0.1032   0.0000   0.0166   0.2441    0.234
    99  -1.2712   4.0293   1.1531   4.3597  -0.0130   1.0963   1.0961  -0.1146   0.0000   0.0172   0.2507    0.234
   100  -1.5691   3.8721   1.1959   4.3159  -0.0222   1.1294   1.1292  -0.1186   0.0000   0.0179   0.2582    0.234
   101  -1.8880   3.7039   1.2153   4.2665  -0.0391   1.1683   1.1681  -0.1347   0.0000   0.0186   0.2667    0.234
   102  -2.2244   3.5264   1.2123   4.2025  -0.0567   1.2098   1.2096  -0.1524   0.0000   0.0192   0.2759    0.234
   103  -2.5747   3.3416   1.1886   4.1375  -0.0672   1.2561   1.2559  -0.1485   0.0000   0.0202   0.2864    0.234
   104  -2.9349   3.1516   1.1463   4.0579  -0.0705   1.3082   1.3079  -0.1767   0.0000   0.0212   0.2976    0.234
   105  -3.3011   2.9584   1.0879   3.9622  -0.0705   1.3620   1.3617  -0.1980   0.0000   0.0222   0.3095    0.234
   106  -3.6693   2.7641   1.0165   3.8631  -0.0700   1.4218   1.4216  -0.2126   0.0000   0.0237   0.3224    0.233
   107  -4.0356   2.5709   0.9351   3.7335  -0.0704   1.4802   1.4800  -0.2540   0.0000   0.0247   0.3350    0.233
   108  -4.3958   2.3808   0.8469   3.5874  -0.0719   1.5400   1.5398  -0.3112   0.0000   0.0257   0.3475    0.233
   109  -4.7460   2.1961   0.7550   3.4386  -0.0744   1.5989   1.5987  -0.3071   0.0000   0.0277   0.3601    0.233
   110  -5.0824   2.0186   0.6623   3.2553  -0.0776   1.6482   1.6480  -0.3327   0.0000   0.0290   0.3704    0.232
   111  -5.4013   1.8503   0.5714   3.0519  -0.0810   1.6859   1.6857  -0.3425   0.0000   0.0307   0.3778    0.232
   112  -5.6992   1.6931   0.4845   2.8264  -0.0840   1.7087   1.7084  -0.3740   0.0000   0.0326   0.3809    0.231
   113  -5.9729   1.5487   0.4033   2.5784  -0.0857   1.7062   1.7059  -0.3973   0.0000   0.0349   0.3775    0.230
   114  -6.2193   1.4187   0.3288   2.3182  -0.0851   1.6729   1.6727  -0.3706   0.0000   0.0382   0.3666    0.227
   115  -6.4358   1.3045   0.2616   2.0383  -0.0818   1.6018   1.6015  -0.3790   0.0000   0.0422   0.3449    0.224
   116  -6.6379   1.1979   0.2413   1.7352  -0.0748   1.4827   1.4825  -0.3241   0.0000   0.0477   0.3113    0.218
   117  -6.8184   1.1027   0.1754   1.3828  -0.0641   1.2840   1.2838  -0.2848   0.0000   0.0518   0.2591    0.210
   118  -6.9555   1.0303   0.1183   1.0118  -0.0513   1.0030   1.0029  -0.1950   0.0000   0.0517   0.1919    0.198
   119  -7.0478   0.9816   0.0681   0.6154  -0.0385   0.6406   0.6405  -0.1272   0.0000   0.0403   0.1153    0.187
   120  -7.0942   0.9572   0.0222   0.2070  -0.0288   0.2205   0.2205  -0.0385   0.0000   0.0158   0.0379    0.178

  Surface # 5     vertical_stabilizer                     
     # Chordwise = 10   # Spanwise = 30     First strip =121
     Surface area =   27.880133       Ave. chord =    3.584947
     CLsurf  =   0.00000     Clsurf  =  -0.00000
     CYsurf  =  -0.00000     Cmsurf  =  -0.00000
     CDsurf  =  -0.00000     Cnsurf  =   0.00000
     CDisurf =  -0.00000     CDvsurf =   0.00000

  Forces referred to Ssurf, Cave about hinge axis thru LE
     CLsurf  =   0.00000     CDsurf  =  -0.00000
     Deflect =

 Strip Forces referred to Strip Area, Chord
    j      Yle    Chord     Area     c cl      ai      cl_norm  cl       cd       cdv    cm_c/4    cm_LE  C.P.x/c
   121   0.0000   8.1257   0.4979   0.0000  -0.0000   0.0000   0.0000  -0.0000   0.0000   0.0000   0.0000   -0.319
   122   0.0000   7.9240   0.7939   0.0000   0.0000   0.0000   0.0000  -0.0000   0.0000   0.0000   0.0000   -0.327
   123   0.0000   7.6259   1.0550   0.0000   0.0000   0.0000   0.0000  -0.0000   0.0000   0.0000   0.0000   -0.401
   124   0.0000   7.2338   1.2682   0.0000  -0.0000   0.0000   0.0000  -0.0000   0.0000   0.0000   0.0000   -0.443
   125   0.0000   6.7513   1.4226   0.0000  -0.0000   0.0000   0.0000  -0.0000   0.0000   0.0000   0.0000   -0.366
   126   0.0000   6.1827   1.5094   0.0000  -0.0000   0.0000   0.0000  -0.0000   0.0000   0.0000   0.0000   -0.321
   127   0.0000   5.5336   1.5228   0.0000  -0.0000   0.0000   0.0000  -0.0000   0.0000   0.0000   0.0000   -0.121
   128   0.0000   4.8100   1.4602   0.0000  -0.0000   0.0000   0.0000  -0.0000   0.0000   0.0000  -0.0000    0.020
   129   0.0000   4.3478   1.3898   0.0000  -0.0000   0.0000   0.0000  -0.0000   0.0000   0.0000  -0.0000   -0.009
   130   0.0000   4.1900   1.4293   0.0000  -0.0000   0.0000   0.0000  -0.0000   0.0000   0.0000  -0.0000    0.037
   131   0.0000   4.0228   1.4447   0.0000  -0.0000   0.0000   0.0000  -0.0000   0.0000   0.0000  -0.0000    0.097
   132   0.0000   3.8479   1.4371   0.0000  -0.0000   0.0000   0.0000  -0.0000   0.0000   0.0000  -0.0000    0.125
   133   0.0000   3.6670   1.4082   0.0000  -0.0000   0.0000   0.0000  -0.0000   0.0000   0.0000  -0.0000    0.160
   134   0.0000   3.4821   1.3602   0.0000  -0.0000   0.0000   0.0000  -0.0000   0.0000   0.0000  -0.0000    0.179
   135   0.0000   3.2949   1.2955   0.0000  -0.0000   0.0000   0.0000  -0.0000   0.0000   0.0000  -0.0000    0.201
   136   0.0000   3.1075   1.2172   0.0000  -0.0000   0.0000   0.0000  -0.0000   0.0000   0.0000  -0.0000    0.211
   137   0.0000   2.9218   1.1282   0.0000  -0.0000   0.0000   0.0000  -0.0000   0.0000   0.0000  -0.0000    0.221
   138   0.0000   2.7397   1.0316   0.0000  -0.0000   0.0000   0.0000  -0.0000   0.0000   0.0000  -0.0000    0.237
   139   0.0000   2.5631   0.9305   0.0000  -0.0000   0.0000   0.0000  -0.0000   0.0000   0.0000  -0.0000    0.239
   140   0.0000   2.3939   0.8277   0.0000  -0.0000   0.0000   0.0000  -0.0000   0.0000   0.0000  -0.0000    0.246
   141   0.0000   2.2338   0.7257   0.0000  -0.0000   0.0000   0.0000  -0.0000   0.0000   0.0000  -0.0000    0.246
   142   0.0000   2.0845   0.6265   0.0000  -0.0000   0.0000   0.0000  -0.0000   0.0000   0.0000  -0.0000    0.247
   143   0.0000   1.9475   0.5319   0.0000  -0.0000   0.0000   0.0000  -0.0000   0.0000   0.0000  -0.0000    0.243
   144   0.0000   1.8243   0.4429   0.0000  -0.0000   0.0000   0.0000  -0.0000   0.0000   0.0000  -0.0000    0.243
   145   0.0000   1.7162   0.3603   0.0000  -0.0000   0.0000   0.0000  -0.0000   0.0000   0.0000  -0.0000    0.235
   146   0.0000   1.6244   0.2840   0.0000  -0.0000   0.0000   0.0000  -0.0000   0.0000   0.0000  -0.0000    0.235
   147   0.0000   1.5497   0.2138   0.0000  -0.0000   0.0000   0.0000  -0.0000   0.0000   0.0000  -0.0000    0.225
   148   0.0000   1.4930   0.1487   0.0000  -0.0000   0.0000   0.0000  -0.0000   0.0000   0.0000  -0.0000    0.221
   149   0.0000   1.4548   0.0875   0.0000  -0.0000   0.0000   0.0000  -0.0000   0.0000   0.0000  -0.0000    0.215
   150   0.0000   1.4357   0.0289   0.0000  -0.0000   0.0000   0.0000  -0.0000   0.0000   0.0000  -0.0000    0.208

  Surface # 6     fuselage_horizontal                     
     # Chordwise = 10   # Spanwise = 10     First strip =151
     Surface area =  123.841209       Ave. chord =   33.112621
     CLsurf  =   0.01969     Clsurf  =  -0.00000
     CYsurf  =  -0.00000     Cmsurf  =  -0.02252
     CDsurf  =  -0.01637     Cnsurf  =  -0.00000
     CDisurf =  -0.01637     CDvsurf =   0.00000

  Forces referred to Ssurf, Cave about hinge axis thru LE
     CLsurf  =   0.01985     CDsurf  =  -0.01650
     Deflect =

 Strip Forces referred to Strip Area, Chord
    j      Yle    Chord     Area     c cl      ai      cl_norm  cl       cd       cdv    cm_c/4    cm_LE  C.P.x/c
   151  -1.6830  26.5957   9.9468   0.5388   0.3754   0.2216   0.0191   0.0138   0.0000  -0.0101  -0.0020    0.777
   152  -1.3090  31.2096  11.6724   0.6901   0.1991   0.0842   0.0221   0.0015   0.0000  -0.0092  -0.0037    0.668
   153  -0.9350  34.0626  12.7394   0.6430  -0.0087   0.0481   0.0199  -0.0108   0.0000  -0.0057  -0.0035    0.538
   154  -0.5610  36.1619  13.5246   0.5998  -0.0922   0.0317   0.0189  -0.0262   0.0000  -0.0033  -0.0033    0.426
   155  -0.1870  37.5333  14.0374   0.5647  -0.1244   0.0225   0.0194  -0.0489   0.0000  -0.0016  -0.0037    0.334
   156   0.1870  37.5333  14.0374   0.5647  -0.1244   0.0225   0.0194  -0.0489   0.0000  -0.0016  -0.0037    0.334
   157   0.5610  36.1619  13.5246   0.5998  -0.0923   0.0317   0.0189  -0.0262   0.0000  -0.0033  -0.0033    0.426
   158   0.9350  34.0626  12.7394   0.6430  -0.0087   0.0481   0.0199  -0.0108   0.0000  -0.0057  -0.0035    0.538
   159   1.3090  31.2096  11.6724   0.6901   0.1991   0.0842   0.0221   0.0015   0.0000  -0.0092  -0.0037    0.668
   160   1.6830  26.5957   9.9468   0.5388   0.3754   0.2216   0.0191   0.0138   0.0000  -0.0101  -0.0020    0.777

  Surface # 7     fuselage_vertical                       
     # Chordwise = 10   # Spanwise = 10     First strip =161
     Surface area =  123.841209       Ave. chord =   33.112621
     CLsurf  =  -0.00000     Clsurf  =   0.00000
     CYsurf  =  -0.00000     Cmsurf  =   0.00000
     CDsurf  =  -0.00000     Cnsurf  =   0.00000
     CDisurf =  -0.00000     CDvsurf =   0.00000

  Forces referred to Ssurf, Cave about hinge axis thru LE
     CLsurf  =   0.00000     CDsurf  =  -0.00000
     Deflect =

 Strip Forces referred to Strip Area, Chord
    j      Yle    Chord     Area     c cl      ai      cl_norm  cl       cd       cdv    cm_c/4    cm_LE  C.P.x/c
   161   0.0000  26.5957   9.9468  -0.0000   0.0000  -0.0000  -0.0000   0.0000   0.0000   0.0000   0.0000
   162   0.0000  31.2096  11.6724   0.0000   0.0001   0.0000   0.0000  -0.0000   0.0000   0.0000   0.0000    0.158
   163   0.0000  34.0626  12.7394   0.0000  -0.0000   0.0000   0.0000  -0.0000   0.0000  -0.0000  -0.0000    0.385
   164   0.0000  36.1619  13.5246   0.0000  -0.0000   0.0000   0.0000  -0.0000   0.0000  -0.0000  -0.0000    0.478
   165   0.0000  37.5333  14.0374   0.0000  -0.0000   0.0000   0.0000  -0.0000   0.0000  -0.0000  -0.0000    0.551
   166   0.0000  37.5333  14.0374   0.0000  -0.0000   0.0000   0.0000  -0.0000   0.0000  -0.0000  -0.0000    0.664
   167   0.0000  36.1619  13.5246   0.0000  -0.0000   0.0000   0.0000  -0.0000   0.0000  -0.0000  -0.0000    0.682
   168   0.0000  34.0626  12.7394   0.0000  -0.0000   0.0000   0.0000  -0.0000   0.0000  -0.0000  -0.0000    0.673
   169   0.0000  31.2096  11.6724   0.0000   0.0000   0.0000   0.0000  -0.0000   0.0000  -0.0000  -0.0000    0.654
   170   0.0000  26.5957   9.9468   0.0000  -0.0000   0.0000   0.0000  -0.0000   0.0000  -0.0000  -0.0000    0.667
 ---------------------------------------------------------------
