 ---------------------------------------------------------------
 Surface and Strip Forces by surface

  Forces referred to Sref, Cref, Bref about Xref, Yref, Zref
 Standard axis orientation,  X fwd, Z down         

  Surface # 1     main_wing                               
     # Chordwise = 10   # Spanwise = 30     First strip =  1
     Surface area =   63.793327       Ave. chord =    3.717556
     CLsurf  =  -2.26833     Clsurf  =   0.49264
     CYsurf  =   0.12411     Cmsurf  =   0.27804
     CDsurf  =   0.19079     Cnsurf  =   0.15609
     CDisurf =   0.19079     CDvsurf =   0.00000

  Forces referred to Ssurf, Cave about hinge axis thru LE
     CLsurf  =  -4.44006     CDsurf  =   0.37342
     Deflect =

 Strip Forces referred to Strip Area, Chord
    j      Yle    Chord     Area     c cl      ai      cl_norm  cl       cd       cdv    cm_c/4    cm_LE  C.P.x/c
     1   0.0123   7.7514   0.3815 -17.6484  -0.6498   5.5021   5.5016 -63.4901   0.0000   1.0055   1.5490    0.067
     2   0.1106   7.6828   1.1303 -20.0412  -0.5796  -1.9068  -1.9066  -5.8766   0.0000   1.0821   1.7060    0.818
     3   0.3062   7.5463   1.8369 -20.0275  -0.4647  -2.5280  -2.5278  -1.1897   0.0000   1.0752   1.7103    0.675
     4   0.5968   7.3435   2.4751 -19.8992  -0.3099  -2.7014  -2.7012  -0.2358   0.0000   1.0291   1.6787    0.631
     5   0.9793   7.0766   3.0215 -18.4495  -0.1165  -2.7571  -2.7569   1.0603   0.0000   0.8787   1.5055    0.569
     6   1.4496   6.7484   3.4567 -18.6502   0.1056  -2.8307  -2.8305   0.3754   0.0000   0.7162   1.3841    0.503
     7   1.9610   6.3915   3.2367 -17.8137   0.1992  -2.8912  -2.8909   0.6748   0.0000   0.5006   1.1778    0.423
     8   2.4995   6.0157   3.4229 -17.8199   0.1314  -3.0492  -3.0489   0.5249   0.0000   0.3739   1.0962    0.373
     9   3.0975   5.5984   3.5010 -17.6368   0.0511  -3.2751  -3.2748   0.8213   0.0000   0.2598   1.0303    0.329
    10   3.7485   5.1441   3.4716 -18.2112  -0.0430  -3.6515  -3.6511   0.6869   0.0000   0.1977   1.0651    0.304
    11   4.4453   4.6578   3.3395 -18.2934  -0.1507  -4.0736  -4.0733   0.9470   0.0000   0.1016   1.0658    0.275
    12   5.1804   4.1448   3.1137 -19.1291  -0.2678  -4.8082  -4.8077   1.2857   0.0000   0.0293   1.1638    0.256
    13   6.0123   3.7903   3.4546 -19.3614  -0.3761  -5.3244  -5.3240   1.4463   0.0000  -0.0158   1.2592    0.247
    14   6.9353   3.6074   3.3620 -19.3598  -0.4224  -5.5719  -5.5715   1.3408   0.0000  -0.0235   1.3160    0.246
    15   7.8737   3.4215   3.2240 -19.0600  -0.4385  -5.7669  -5.7665   1.2547   0.0000  -0.0226   1.3679    0.246
    16   8.8173   3.2345   3.0478 -18.5431  -0.4297  -5.9214  -5.9210   1.1819   0.0000  -0.0196   1.4114    0.247
    17   9.7557   3.0486   2.8411 -17.8572  -0.4096  -6.0395  -6.0391   1.1206   0.0000  -0.0168   1.4452    0.247
    18  10.6786   2.8657   2.6118 -17.0434  -0.3885  -6.1238  -6.1234   1.0700   0.0000  -0.0151   1.4693    0.248
    19  11.5760   2.6879   2.3677 -16.1323  -0.3723  -6.1742  -6.1738   1.0332   0.0000  -0.0148   1.4833    0.248
    20  12.4467   2.5153   2.1582 -15.1408  -0.3627  -6.1891  -6.1887   1.0106   0.0000  -0.0160   1.4865    0.247
    21  13.2645   2.3533   1.8259 -14.0933  -0.3628  -6.1577  -6.1573   1.0062   0.0000  -0.0194   1.4755    0.247
    22  14.0130   2.2050   1.5853 -13.0004  -0.3740  -6.0664  -6.0660   1.0248   0.0000  -0.0252   1.4464    0.246
    23  14.7005   2.0687   1.3533 -11.8502  -0.3984  -5.9018  -5.9015   1.0610   0.0000  -0.0351   1.3947    0.244
    24  15.3195   1.9461   1.1330 -10.6117  -0.4384  -5.6312  -5.6308   1.1161   0.0000  -0.0502   1.3110    0.241
    25  15.8633   1.8383   0.9263  -9.2441  -0.4949  -5.2122  -5.2118   1.1854   0.0000  -0.0702   1.1850    0.237
    26  16.3259   1.7467   0.7336  -7.7066  -0.5674  -4.6019  -4.6016   1.2736   0.0000  -0.0938   1.0076    0.230
    27  16.6722   1.4928   0.4112  -5.9754  -0.5362  -4.1610  -4.1595   1.0312   0.0000  -0.1233   0.8200    0.220
    28  16.9098   1.1466   0.2281  -4.2568  -0.4650  -3.8162  -3.8147   0.6068   0.0000  -0.1568   0.7208    0.209
    29  17.0696   0.9137   0.1099  -2.5523  -0.4408  -2.8524  -2.8514   0.3026   0.0000  -0.1600   0.5032    0.194
    30  17.1499   0.7966   0.0321  -0.8521  -0.4480  -1.0838  -1.0834   0.0465   0.0000  -0.0773   0.1777    0.179

  Surface # 2     main_wing (YDUP)                        
     # Chordwise = 10   # Spanwise = 30     First strip = 31
     Surface area =   63.793327       Ave. chord =    3.717556
     CLsurf  =  -2.26830     Clsurf  =  -0.49263
     CYsurf  =  -0.12411     Cmsurf  =   0.27804
     CDsurf  =   0.19077     Cnsurf  =  -0.15609
     CDisurf =   0.19077     CDvsurf =   0.00000

  Forces referred to Ssurf, Cave about hinge axis thru LE
     CLsurf  =  -4.44002     CDsurf  =   0.37340
     Deflect =

 Strip Forces referred to Strip Area, Chord
    j      Yle    Chord     Area     c cl      ai      cl_norm  cl       cd       cdv    cm_c/4    cm_LE  C.P.x/c
    31  -0.0123   7.7514   0.3815 -17.6483  -0.6494   5.5021   5.5016 -63.4901   0.0000   1.0055  -1.5490    0.067
    32  -0.1106   7.6828   1.1303 -20.0411  -0.5795  -1.9068  -1.9066  -5.8768   0.0000   1.0821  -1.7060    0.818
    33  -0.3062   7.5463   1.8369 -20.0275  -0.4647  -2.5280  -2.5278  -1.1895   0.0000   1.0752  -1.7103    0.675
    34  -0.5968   7.3435   2.4751 -19.8990  -0.3099  -2.7014  -2.7011  -0.2360   0.0000   1.0291  -1.6787    0.631
    35  -0.9793   7.0766   3.0215 -18.4494  -0.1165  -2.7571  -2.7569   1.0603   0.0000   0.8787  -1.5055    0.569
    36  -1.4496   6.7484   3.4567 -18.6500   0.1056  -2.8307  -2.8305   0.3753   0.0000   0.7162  -1.3841    0.503
    37  -1.9610   6.3915   3.2367 -17.8136   0.1992  -2.8911  -2.8909   0.6748   0.0000   0.5006  -1.1778    0.423
    38  -2.4995   6.0157   3.4229 -17.8198   0.1314  -3.0492  -3.0489   0.5249   0.0000   0.3739  -1.0962    0.373
    39  -3.0975   5.5984   3.5010 -17.6366   0.0511  -3.2751  -3.2748   0.8213   0.0000   0.2598  -1.0303    0.329
    40  -3.7485   5.1441   3.4716 -18.2111  -0.0430  -3.6514  -3.6511   0.6869   0.0000   0.1977  -1.0651    0.304
    41  -4.4453   4.6578   3.3395 -18.2933  -0.1507  -4.0736  -4.0732   0.9469   0.0000   0.1015  -1.0658    0.275
    42  -5.1804   4.1448   3.1137 -19.1289  -0.2678  -4.8081  -4.8077   1.2856   0.0000   0.0293  -1.1638    0.256
    43  -6.0123   3.7903   3.4546 -19.3612  -0.3761  -5.3243  -5.3240   1.4463   0.0000  -0.0158  -1.2592    0.247
    44  -6.9353   3.6074   3.3620 -19.3597  -0.4224  -5.5719  -5.5715   1.3408   0.0000  -0.0235  -1.3160    0.246
    45  -7.8737   3.4215   3.2240 -19.0598  -0.4384  -5.7669  -5.7665   1.2547   0.0000  -0.0226  -1.3679    0.246
    46  -8.8173   3.2345   3.0478 -18.5429  -0.4297  -5.9213  -5.9210   1.1819   0.0000  -0.0196  -1.4114    0.247
    47  -9.7557   3.0486   2.8411 -17.8570  -0.4096  -6.0394  -6.0390   1.1206   0.0000  -0.0168  -1.4452    0.247
    48 -10.6786   2.8657   2.6118 -17.0432  -0.3885  -6.1237  -6.1233   1.0700   0.0000  -0.0151  -1.4693    0.248
    49 -11.5760   2.6879   2.3677 -16.1322  -0.3723  -6.1742  -6.1738   1.0333   0.0000  -0.0148  -1.4833    0.248
    50 -12.4467   2.5153   2.1582 -15.1407  -0.3627  -6.1890  -6.1886   1.0105   0.0000  -0.0160  -1.4864    0.247
    51 -13.2645   2.3533   1.8259 -14.0931  -0.3628  -6.1576  -6.1572   1.0061   0.0000  -0.0194  -1.4755    0.247
    52 -14.0130   2.2050   1.5853 -13.0003  -0.3740  -6.0664  -6.0660   1.0248   0.0000  -0.0252  -1.4464    0.246
    53 -14.7005   2.0687   1.3533 -11.8500  -0.3984  -5.9018  -5.9014   1.0610   0.0000  -0.0351  -1.3947    0.244
    54 -15.3195   1.9461   1.1330 -10.6116  -0.4384  -5.6311  -5.6308   1.1161   0.0000  -0.0502  -1.3109    0.241
    55 -15.8633   1.8383   0.9263  -9.2440  -0.4949  -5.2121  -5.2117   1.1854   0.0000  -0.0702  -1.1850    0.237
    56 -16.3259   1.7467   0.7336  -7.7065  -0.5674  -4.6019  -4.6016   1.2735   0.0000  -0.0938  -1.0076    0.230
    57 -16.6722   1.4928   0.4112  -5.9753  -0.5362  -4.1610  -4.1594   1.0312   0.0000  -0.1233  -0.8200    0.220
    58 -16.9098   1.1466   0.2281  -4.2567  -0.4650  -3.8161  -3.8147   0.6068   0.0000  -0.1568  -0.7208    0.209
    59 -17.0696   0.9137   0.1099  -2.5523  -0.4408  -2.8524  -2.8513   0.3026   0.0000  -0.1600  -0.5032    0.194
    60 -17.1499   0.7966   0.0321  -0.8521  -0.4480  -1.0838  -1.0833   0.0465   0.0000  -0.0773  -0.1777    0.179

  Surface # 3     horizontal_stabilizer                   
     # Chordwise = 10   # Spanwise = 30     First strip = 61
     Surface area =   20.071465       Ave. chord =    2.826957
     CLsurf  =   0.22056     Clsurf  =  -0.01936
     CYsurf  =  -0.00452     Cmsurf  =  -0.97164
     CDsurf  =  -0.02741     Cnsurf  =  -0.00222
     CDisurf =  -0.02741     CDvsurf =   0.00000

  Forces referred to Ssurf, Cave about hinge axis thru LE
     CLsurf  =   1.37213     CDsurf  =  -0.17052
     Deflect =

 Strip Forces referred to Strip Area, Chord
    j      Yle    Chord     Area     c cl      ai      cl_norm  cl       cd       cdv    cm_c/4    cm_LE  C.P.x/c
    61   0.0046   4.6976   0.0861   4.8752   0.0377   1.0062   1.0060   0.3224   0.0000   0.0155  -0.2415    0.235
    62   0.0412   4.6783   0.2563   4.8035   0.0353   1.0372   1.0370  -0.0205   0.0000   0.0143  -0.2400    0.236
    63   0.1140   4.6399   0.4206   4.7938   0.0319   1.0462   1.0461  -0.0416   0.0000   0.0146  -0.2413    0.236
    64   0.2222   4.5828   0.5752   4.7901   0.0290   1.0601   1.0599  -0.0557   0.0000   0.0152  -0.2436    0.236
    65   0.3647   4.5076   0.7167   4.7786   0.0269   1.0761   1.0759  -0.0641   0.0000   0.0158  -0.2468    0.235
    66   0.5398   4.4152   0.8422   4.7648   0.0258   1.0961   1.0959  -0.0706   0.0000   0.0164  -0.2508    0.235
    67   0.7511   4.3037   0.9974   4.7442   0.0260   1.1206   1.1204  -0.0799   0.0000   0.0171  -0.2559    0.235
    68   0.9975   4.1737   1.0868   4.7114   0.0258   1.1482   1.1480  -0.0874   0.0000   0.0177  -0.2618    0.235
    69   1.2712   4.0293   1.1531   4.6721   0.0219   1.1806   1.1804  -0.0994   0.0000   0.0184  -0.2688    0.234
    70   1.5691   3.8721   1.1959   4.6222   0.0100   1.2155   1.2153  -0.1028   0.0000   0.0190  -0.2766    0.234
    71   1.8880   3.7039   1.2153   4.5659  -0.0104   1.2569   1.2567  -0.1197   0.0000   0.0197  -0.2855    0.234
    72   2.2244   3.5264   1.2123   4.4930  -0.0313   1.3009   1.3007  -0.1383   0.0000   0.0203  -0.2952    0.234
    73   2.5747   3.3416   1.1886   4.4193  -0.0442   1.3488   1.3486  -0.1319   0.0000   0.0214  -0.3061    0.234
    74   2.9349   3.1516   1.1463   4.3292  -0.0489   1.4041   1.4038  -0.1619   0.0000   0.0224  -0.3178    0.234
    75   3.3011   2.9584   1.0879   4.2213  -0.0498   1.4604   1.4602  -0.1839   0.0000   0.0233  -0.3301    0.234
    76   3.6693   2.7641   1.0165   4.1109  -0.0501   1.5230   1.5227  -0.1977   0.0000   0.0250  -0.3434    0.234
    77   4.0356   2.5709   0.9351   3.9670  -0.0510   1.5846   1.5844  -0.2422   0.0000   0.0258  -0.3563    0.234
    78   4.3958   2.3808   0.8469   3.8064  -0.0530   1.6484   1.6482  -0.3045   0.0000   0.0268  -0.3691    0.234
    79   4.7460   2.1961   0.7550   3.6453  -0.0559   1.7091   1.7088  -0.2966   0.0000   0.0290  -0.3822    0.233
    80   5.0824   2.0186   0.6623   3.4474  -0.0595   1.7606   1.7603  -0.3230   0.0000   0.0304  -0.3926    0.233
    81   5.4013   1.8503   0.5714   3.2293  -0.0632   1.7995   1.7992  -0.3319   0.0000   0.0322  -0.4001    0.232
    82   5.6992   1.6931   0.4845   2.9887  -0.0662   1.8237   1.8234  -0.3663   0.0000   0.0342  -0.4030    0.231
    83   5.9729   1.5487   0.4033   2.7248  -0.0679   1.8211   1.8208  -0.3924   0.0000   0.0366  -0.3992    0.230
    84   6.2193   1.4187   0.3288   2.4491  -0.0672   1.7840   1.7838  -0.3628   0.0000   0.0401  -0.3875    0.228
    85   6.4358   1.3045   0.2616   2.1526  -0.0634   1.7087   1.7084  -0.3747   0.0000   0.0444  -0.3645    0.224
    86   6.6379   1.1979   0.2413   1.8325  -0.0558   1.5804   1.5801  -0.3164   0.0000   0.0503  -0.3288    0.218
    87   6.8184   1.1027   0.1754   1.4601  -0.0443   1.3685   1.3683  -0.2788   0.0000   0.0546  -0.2737    0.210
    88   6.9555   1.0303   0.1183   1.0686  -0.0306   1.0680   1.0679  -0.1867   0.0000   0.0545  -0.2027    0.199
    89   7.0478   0.9816   0.0681   0.6499  -0.0169   0.6821   0.6820  -0.1225   0.0000   0.0425  -0.1218    0.188
    90   7.0942   0.9572   0.0222   0.2186  -0.0066   0.2346   0.2345  -0.0362   0.0000   0.0167  -0.0400    0.179

  Surface # 4     horizontal_stabilizer (YDUP)            
     # Chordwise = 10   # Spanwise = 30     First strip = 91
     Surface area =   20.071465       Ave. chord =    2.826957
     CLsurf  =   0.22055     Clsurf  =   0.01936
     CYsurf  =   0.00452     Cmsurf  =  -0.97162
     CDsurf  =  -0.02741     Cnsurf  =   0.00222
     CDisurf =  -0.02741     CDvsurf =   0.00000

  Forces referred to Ssurf, Cave about hinge axis thru LE
     CLsurf  =   1.37210     CDsurf  =  -0.17052
     Deflect =

 Strip Forces referred to Strip Area, Chord
    j      Yle    Chord     Area     c cl      ai      cl_norm  cl       cd       cdv    cm_c/4    cm_LE  C.P.x/c
    91  -0.0046   4.6976   0.0861   4.8752   0.0377   1.0062   1.0060   0.3224   0.0000   0.0155   0.2415    0.235
    92  -0.0412   4.6783   0.2563   4.8035   0.0353   1.0372   1.0370  -0.0205   0.0000   0.0143   0.2400    0.236
    93  -0.1140   4.6399   0.4206   4.7938   0.0319   1.0462   1.0461  -0.0417   0.0000   0.0146   0.2413    0.236
    94  -0.2222   4.5828   0.5752   4.7901   0.0290   1.0601   1.0599  -0.0557   0.0000   0.0152   0.2436    0.236
    95  -0.3647   4.5076   0.7167   4.7786   0.0269   1.0761   1.0759  -0.0641   0.0000   0.0158   0.2468    0.235
    96  -0.5398   4.4152   0.8422   4.7647   0.0258   1.0961   1.0959  -0.0706   0.0000   0.0164   0.2508    0.235
    97  -0.7511   4.3037   0.9974   4.7442   0.0260   1.1206   1.1204  -0.0799   0.0000   0.0171   0.2559    0.235
    98  -0.9975   4.1737   1.0868   4.7114   0.0258   1.1482   1.1480  -0.0874   0.0000   0.0177   0.2618    0.235
    99  -1.2712   4.0293   1.1531   4.6721   0.0219   1.1806   1.1804  -0.0994   0.0000   0.0184   0.2688    0.234
   100  -1.5691   3.8721   1.1959   4.6222   0.0100   1.2155   1.2153  -0.1028   0.0000   0.0190   0.2766    0.234
   101  -1.8880   3.7039   1.2153   4.5658  -0.0104   1.2569   1.2567  -0.1197   0.0000   0.0197   0.2855    0.234
   102  -2.2244   3.5264   1.2123   4.4929  -0.0313   1.3008   1.3006  -0.1383   0.0000   0.0203   0.2952    0.234
   103  -2.5747   3.3416   1.1886   4.4192  -0.0442   1.3488   1.3486  -0.1319   0.0000   0.0214   0.3061    0.234
   104  -2.9349   3.1516   1.1463   4.3291  -0.0489   1.4040   1.4038  -0.1619   0.0000   0.0224   0.3178    0.234
   105  -3.3011   2.9584   1.0879   4.2213  -0.0498   1.4604   1.4602  -0.1839   0.0000   0.0233   0.3300    0.234
   106  -3.6693   2.7641   1.0165   4.1108  -0.0501   1.5229   1.5227  -0.1977   0.0000   0.0249   0.3434    0.234
   107  -4.0356   2.5709   0.9351   3.9669  -0.0510   1.5846   1.5844  -0.2422   0.0000   0.0258   0.3563    0.234
   108  -4.3958   2.3808   0.8469   3.8063  -0.0530   1.6484   1.6481  -0.3045   0.0000   0.0268   0.3691    0.234
   109  -4.7460   2.1961   0.7550   3.6452  -0.0559   1.7090   1.7088  -0.2966   0.0000   0.0290   0.3821    0.233
   110  -5.0824   2.0186   0.6623   3.4473  -0.0595   1.7606   1.7603  -0.3230   0.0000   0.0304   0.3926    0.233
   111  -5.4013   1.8503   0.5714   3.2293  -0.0632   1.7994   1.7991  -0.3319   0.0000   0.0322   0.4001    0.232
   112  -5.6992   1.6931   0.4845   2.9886  -0.0662   1.8237   1.8234  -0.3663   0.0000   0.0342   0.4030    0.231
   113  -5.9729   1.5487   0.4033   2.7248  -0.0679   1.8210   1.8207  -0.3924   0.0000   0.0366   0.3992    0.230
   114  -6.2193   1.4187   0.3288   2.4490  -0.0672   1.7840   1.7837  -0.3628   0.0000   0.0401   0.3875    0.228
   115  -6.4358   1.3045   0.2616   2.1525  -0.0634   1.7087   1.7084  -0.3747   0.0000   0.0444   0.3645    0.224
   116  -6.6379   1.1979   0.2413   1.8325  -0.0558   1.5803   1.5801  -0.3164   0.0000   0.0503   0.3288    0.218
   117  -6.8184   1.1027   0.1754   1.4600  -0.0443   1.3685   1.3683  -0.2788   0.0000   0.0546   0.2737    0.210
   118  -6.9555   1.0303   0.1183   1.0686  -0.0306   1.0680   1.0678  -0.1866   0.0000   0.0545   0.2027    0.199
   119  -7.0478   0.9816   0.0681   0.6498  -0.0170   0.6821   0.6820  -0.1225   0.0000   0.0425   0.1218    0.188
   120  -7.0942   0.9572   0.0222   0.2186  -0.0066   0.2346   0.2345  -0.0362   0.0000   0.0167   0.0400    0.179

  Surface # 5     vertical_stabilizer                     
     # Chordwise = 10   # Spanwise = 30     First strip =121
     Surface area =   27.880133       Ave. chord =    3.584947
     CLsurf  =   0.00000     Clsurf  =  -0.00000
     CYsurf  =  -0.00000     Cmsurf  =  -0.00000
     CDsurf  =  -0.00000     Cnsurf  =   0.00000
     CDisurf =  -0.00000     CDvsurf =   0.00000

  Forces referred to Ssurf, Cave about hinge axis thru LE
     CLsurf  =   0.00000     CDsurf  =  -0.00000
     Deflect =

 Strip Forces referred to Strip Area, Chord
    j      Yle    Chord     Area     c cl      ai      cl_norm  cl       cd       cdv    cm_c/4    cm_LE  C.P.x/c
   121   0.0000   8.1257   0.4979   0.0000  -0.0000   0.0000   0.0000  -0.0000   0.0000   0.0000   0.0000   -0.384
   122   0.0000   7.9240   0.7939   0.0000   0.0000   0.0000   0.0000  -0.0000   0.0000   0.0000   0.0000   -0.397
   123   0.0000   7.6259   1.0550   0.0000   0.0000   0.0000   0.0000  -0.0000   0.0000   0.0000   0.0000   -0.504
   124   0.0000   7.2338   1.2682   0.0000  -0.0000   0.0000   0.0000  -0.0000   0.0000   0.0000   0.0000   -0.557
   125   0.0000   6.7513   1.4226   0.0000  -0.0000   0.0000   0.0000  -0.0000   0.0000   0.0000   0.0000   -0.451
   126   0.0000   6.1827   1.5094   0.0000  -0.0000   0.0000   0.0000  -0.0000   0.0000   0.0000   0.0000   -0.388
   127   0.0000   5.5336   1.5228   0.0000  -0.0000   0.0000   0.0000  -0.0000   0.0000   0.0000   0.0000   -0.139
   128   0.0000   4.8100   1.4602   0.0000  -0.0000   0.0000   0.0000  -0.0000   0.0000   0.0000  -0.0000    0.028
   129   0.0000   4.3478   1.3898   0.0000  -0.0000   0.0000   0.0000  -0.0000   0.0000   0.0000   0.0000   -0.035
   130   0.0000   4.1900   1.4293   0.0000  -0.0000   0.0000   0.0000  -0.0000   0.0000   0.0000  -0.0000    0.019
   131   0.0000   4.0228   1.4447   0.0000   0.0000   0.0000   0.0000  -0.0000   0.0000   0.0000  -0.0000    0.088
   132   0.0000   3.8479   1.4371   0.0000  -0.0000   0.0000   0.0000  -0.0000   0.0000   0.0000  -0.0000    0.119
   133   0.0000   3.6670   1.4082   0.0000  -0.0000   0.0000   0.0000  -0.0000   0.0000   0.0000  -0.0000    0.158
   134   0.0000   3.4821   1.3602   0.0000  -0.0000   0.0000   0.0000  -0.0000   0.0000   0.0000  -0.0000    0.180
   135   0.0000   3.2949   1.2955   0.0000  -0.0000   0.0000   0.0000  -0.0000   0.0000   0.0000  -0.0000    0.203
   136   0.0000   3.1075   1.2172   0.0000  -0.0000   0.0000   0.0000  -0.0000   0.0000   0.0000  -0.0000    0.214
   137   0.0000   2.9218   1.1282   0.0000  -0.0000   0.0000   0.0000  -0.0000   0.0000   0.0000  -0.0000    0.226
   138   0.0000   2.7397   1.0316   0.0000  -0.0000   0.0000   0.0000  -0.0000   0.0000   0.0000  -0.0000    0.243
   139   0.0000   2.5631   0.9305   0.0000  -0.0000   0.0000   0.0000  -0.0000   0.0000   0.0000  -0.0000    0.245
   140   0.0000   2.3939   0.8277   0.0000  -0.0000   0.0000   0.0000  -0.0000   0.0000  -0.0000  -0.0000    0.253
   141   0.0000   2.2338   0.7257   0.0000  -0.0000   0.0000   0.0000  -0.0000   0.0000  -0.0000  -0.0000    0.253
   142   0.0000   2.0845   0.6265   0.0000  -0.0000   0.0000   0.0000  -0.0000   0.0000  -0.0000  -0.0000    0.254
   143   0.0000   1.9475   0.5319   0.0000  -0.0000   0.0000   0.0000  -0.0000   0.0000  -0.0000  -0.0000    0.250
   144   0.0000   1.8243   0.4429   0.0000  -0.0000   0.0000   0.0000  -0.0000   0.0000   0.0000  -0.0000    0.250
   145   0.0000   1.7162   0.3603   0.0000  -0.0000   0.0000   0.0000  -0.0000   0.0000   0.0000  -0.0000    0.243
   146   0.0000   1.6244   0.2840   0.0000  -0.0000   0.0000   0.0000  -0.0000   0.0000   0.0000  -0.0000    0.243
   147   0.0000   1.5497   0.2138   0.0000  -0.0000   0.0000   0.0000  -0.0000   0.0000   0.0000  -0.0000    0.233
   148   0.0000   1.4930   0.1487   0.0000  -0.0000   0.0000   0.0000  -0.0000   0.0000   0.0000  -0.0000    0.229
   149   0.0000   1.4548   0.0875   0.0000  -0.0000   0.0000   0.0000  -0.0000   0.0000   0.0000  -0.0000    0.223
   150   0.0000   1.4357   0.0289   0.0000  -0.0000   0.0000   0.0000  -0.0000   0.0000   0.0000  -0.0000    0.215

  Surface # 6     fuselage_horizontal                     
     # Chordwise = 10   # Spanwise = 10     First strip =151
     Surface area =  123.841209       Ave. chord =   33.112621
     CLsurf  =   0.02510     Clsurf  =  -0.00000
     CYsurf  =  -0.00000     Cmsurf  =  -0.00049
     CDsurf  =  -0.01497     Cnsurf  =   0.00000
     CDisurf =  -0.01497     CDvsurf =   0.00000

  Forces referred to Ssurf, Cave about hinge axis thru LE
     CLsurf  =   0.02531     CDsurf  =  -0.01510
     Deflect =

 Strip Forces referred to Strip Area, Chord
    j      Yle    Chord     Area     c cl      ai      cl_norm  cl       cd       cdv    cm_c/4    cm_LE  C.P.x/c
   151  -1.6830  26.5957   9.9468   0.6456   0.4366   0.2433   0.0226   0.0149   0.0000  -0.0086  -0.0020    0.630
   152  -1.3090  31.2096  11.6724   0.8518   0.2548   0.1016   0.0272   0.0028   0.0000  -0.0075  -0.0036    0.525
   153  -0.9350  34.0626  12.7394   0.8211   0.0373   0.0608   0.0254  -0.0092   0.0000  -0.0036  -0.0032    0.393
   154  -0.5610  36.1619  13.5246   0.7858  -0.0477   0.0414   0.0249  -0.0245   0.0000  -0.0011  -0.0029    0.294
   155  -0.1870  37.5333  14.0374   0.7497  -0.0793   0.0301   0.0260  -0.0475   0.0000   0.0007  -0.0030    0.223
   156   0.1870  37.5333  14.0374   0.7497  -0.0793   0.0301   0.0260  -0.0475   0.0000   0.0007  -0.0030    0.223
   157   0.5610  36.1619  13.5246   0.7858  -0.0477   0.0414   0.0249  -0.0245   0.0000  -0.0011  -0.0029    0.294
   158   0.9350  34.0626  12.7394   0.8211   0.0373   0.0608   0.0254  -0.0092   0.0000  -0.0036  -0.0032    0.393
   159   1.3090  31.2096  11.6724   0.8518   0.2548   0.1016   0.0272   0.0028   0.0000  -0.0075  -0.0036    0.525
   160   1.6830  26.5957   9.9468   0.6456   0.4366   0.2433   0.0226   0.0149   0.0000  -0.0086  -0.0020    0.630

  Surface # 7     fuselage_vertical                       
     # Chordwise = 10   # Spanwise = 10     First strip =161
     Surface area =  123.841209       Ave. chord =   33.112621
     CLsurf  =  -0.00000     Clsurf  =   0.00000
     CYsurf  =  -0.00000     Cmsurf  =   0.00000
     CDsurf  =  -0.00000     Cnsurf  =   0.00000
     CDisurf =  -0.00000     CDvsurf =   0.00000

  Forces referred to Ssurf, Cave about hinge axis thru LE
     CLsurf  =   0.00000     CDsurf  =  -0.00000
     Deflect =

 Strip Forces referred to Strip Area, Chord
    j      Yle    Chord     Area     c cl      ai      cl_norm  cl       cd       cdv    cm_c/4    cm_LE  C.P.x/c
   161   0.0000  26.5957   9.9468  -0.0000   0.0000  -0.0000  -0.0000   0.0000   0.0000   0.0000   0.0000    1.616
   162   0.0000  31.2096  11.6724   0.0000   0.0001   0.0000   0.0000   0.0000   0.0000   0.0000   0.0000   -0.419
   163   0.0000  34.0626  12.7394   0.0000  -0.0000   0.0000   0.0000  -0.0000   0.0000   0.0000   0.0000    0.220
   164   0.0000  36.1619  13.5246   0.0000  -0.0000   0.0000   0.0000  -0.0000   0.0000  -0.0000  -0.0000    0.405
   165   0.0000  37.5333  14.0374   0.0000  -0.0000   0.0000   0.0000  -0.0000   0.0000  -0.0000  -0.0000    0.528
   166   0.0000  37.5333  14.0374   0.0000  -0.0000   0.0000   0.0000  -0.0000   0.0000  -0.0000  -0.0000    0.685
   167   0.0000  36.1619  13.5246   0.0000  -0.0000   0.0000   0.0000  -0.0000   0.0000  -0.0000  -0.0000    0.708
   168   0.0000  34.0626  12.7394   0.0000  -0.0000   0.0000   0.0000  -0.0000   0.0000  -0.0000  -0.0000    0.705
   169   0.0000  31.2096  11.6724   0.0000   0.0000   0.0000   0.0000  -0.0000   0.0000  -0.0000  -0.0000    0.693
   170   0.0000  26.5957   9.9468   0.0000   0.0000   0.0000   0.0000  -0.0000   0.0000  -0.0000  -0.0000    0.716
 ---------------------------------------------------------------
