 ---------------------------------------------------------------
 Surface and Strip Forces by surface

  Forces referred to Sref, Cref, Bref about Xref, Yref, Zref
 Standard axis orientation,  X fwd, Z down         

  Surface # 1     main_wing                               
     # Chordwise = 10   # Spanwise = 30     First strip =  1
     Surface area =   63.793327       Ave. chord =    3.717556
     CLsurf  =  -2.07244     Clsurf  =   0.44810
     CYsurf  =   0.13398     Cmsurf  =   0.24774
     CDsurf  =   0.14962     Cnsurf  =   0.15828
     CDisurf =   0.14962     CDvsurf =   0.00000

  Forces referred to Ssurf, Cave about hinge axis thru LE
     CLsurf  =  -4.05667     CDsurf  =   0.29286
     Deflect =

 Strip Forces referred to Strip Area, Chord
    j      Yle    Chord     Area     c cl      ai      cl_norm  cl       cd       cdv    cm_c/4    cm_LE  C.P.x/c
     1   0.0123   7.7514   0.3815 -15.6678  -0.5736   8.0688   8.0681 -57.3983   0.0000   0.9810   1.4620    0.128
     2   0.1106   7.6828   1.1303 -17.8100  -0.5039  -1.4258  -1.4257  -5.2645   0.0000   1.0500   1.6029    0.986
     3   0.3062   7.5463   1.8369 -17.9237  -0.3909  -2.2045  -2.2043  -1.1770   0.0000   1.0456   1.6126    0.724
     4   0.5968   7.3435   2.4751 -17.6631  -0.2392  -2.4067  -2.4065  -0.2034   0.0000   0.9938   1.5691    0.663
     5   0.9793   7.0766   3.0215 -16.0761  -0.0512  -2.5150  -2.5148   1.1797   0.0000   0.8460   1.3908    0.586
     6   1.4496   6.7484   3.4567 -16.2825   0.1618  -2.5124  -2.5121   0.3523   0.0000   0.6873   1.2694    0.524
     7   1.9610   6.3915   3.2367 -15.6118   0.2443  -2.5831  -2.5829   0.5819   0.0000   0.4768   1.0697    0.435
     8   2.4995   6.0157   3.4229 -15.8008   0.1670  -2.7331  -2.7328   0.3729   0.0000   0.3603   1.0004    0.382
     9   3.0975   5.5984   3.5010 -15.8765   0.0800  -2.9776  -2.9774   0.5542   0.0000   0.2537   0.9469    0.335
    10   3.7485   5.1441   3.4716 -16.3896  -0.0183  -3.3166  -3.3163   0.4598   0.0000   0.1758   0.9565    0.303
    11   4.4453   4.6578   3.3395 -16.6015  -0.1287  -3.7523  -3.7519   0.7526   0.0000   0.0853   0.9605    0.273
    12   5.1804   4.1448   3.1137 -17.1623  -0.2488  -4.4197  -4.4193   1.2177   0.0000   0.0307   1.0486    0.257
    13   6.0123   3.7903   3.4546 -17.5613  -0.3567  -4.9259  -4.9256   1.2532   0.0000  -0.0140   1.1425    0.247
    14   6.9353   3.6074   3.3620 -17.6051  -0.4024  -5.1598  -5.1595   1.1569   0.0000  -0.0210   1.1972    0.246
    15   7.8737   3.4215   3.2240 -17.3588  -0.4189  -5.3422  -5.3419   1.0786   0.0000  -0.0197   1.2467    0.246
    16   8.8173   3.2345   3.0478 -16.9026  -0.4102  -5.4857  -5.4853   1.0155   0.0000  -0.0168   1.2876    0.247
    17   9.7557   3.0486   2.8411 -16.2877  -0.3899  -5.5950  -5.5947   0.9616   0.0000  -0.0142   1.3194    0.247
    18  10.6786   2.8657   2.6118 -15.5520  -0.3684  -5.6725  -5.6722   0.9159   0.0000  -0.0125   1.3421    0.248
    19  11.5760   2.6879   2.3677 -14.7271  -0.3520  -5.7198  -5.7194   0.8836   0.0000  -0.0119   1.3557    0.248
    20  12.4467   2.5153   2.1582 -13.8271  -0.3419  -5.7344  -5.7341   0.8630   0.0000  -0.0130   1.3592    0.248
    21  13.2645   2.3533   1.8259 -12.8767  -0.3412  -5.7080  -5.7076   0.8588   0.0000  -0.0158   1.3500    0.247
    22  14.0130   2.2050   1.5853 -11.8881  -0.3512  -5.6290  -5.6286   0.8734   0.0000  -0.0211   1.3247    0.246
    23  14.7005   2.0687   1.3533 -10.8413  -0.3739  -5.4818  -5.4814   0.9080   0.0000  -0.0297   1.2784    0.245
    24  15.3195   1.9461   1.1330  -9.7174  -0.4116  -5.2395  -5.2392   0.9574   0.0000  -0.0431   1.2033    0.242
    25  15.8633   1.8383   0.9263  -8.4748  -0.4655  -4.8613  -4.8610   1.0199   0.0000  -0.0612   1.0896    0.237
    26  16.3259   1.7467   0.7336  -7.0749  -0.5350  -4.3067  -4.3065   1.0973   0.0000  -0.0831   0.9281    0.231
    27  16.6722   1.4928   0.4112  -5.4924  -0.5084  -3.8961  -3.8946   0.8996   0.0000  -0.1098   0.7571    0.222
    28  16.9098   1.1466   0.2281  -3.9155  -0.4434  -3.5648  -3.5634   0.5448   0.0000  -0.1404   0.6667    0.211
    29  17.0696   0.9137   0.1099  -2.3491  -0.4224  -2.6620  -2.6610   0.2864   0.0000  -0.1443   0.4659    0.196
    30  17.1499   0.7966   0.0321  -0.7846  -0.4302  -1.0101  -1.0097   0.0551   0.0000  -0.0701   0.1646    0.181

  Surface # 2     main_wing (YDUP)                        
     # Chordwise = 10   # Spanwise = 30     First strip = 31
     Surface area =   63.793327       Ave. chord =    3.717556
     CLsurf  =  -2.07242     Clsurf  =  -0.44810
     CYsurf  =  -0.13397     Cmsurf  =   0.24774
     CDsurf  =   0.14961     Cnsurf  =  -0.15828
     CDisurf =   0.14961     CDvsurf =   0.00000

  Forces referred to Ssurf, Cave about hinge axis thru LE
     CLsurf  =  -4.05663     CDsurf  =   0.29283
     Deflect =

 Strip Forces referred to Strip Area, Chord
    j      Yle    Chord     Area     c cl      ai      cl_norm  cl       cd       cdv    cm_c/4    cm_LE  C.P.x/c
    31  -0.0123   7.7514   0.3815 -15.6677  -0.5728   8.0690   8.0683 -57.3991   0.0000   0.9810  -1.4620    0.128
    32  -0.1106   7.6828   1.1303 -17.8099  -0.5037  -1.4258  -1.4256  -5.2648   0.0000   1.0500  -1.6029    0.986
    33  -0.3062   7.5463   1.8369 -17.9237  -0.3909  -2.2045  -2.2043  -1.1769   0.0000   1.0456  -1.6126    0.724
    34  -0.5968   7.3435   2.4751 -17.6630  -0.2392  -2.4067  -2.4065  -0.2034   0.0000   0.9938  -1.5691    0.663
    35  -0.9793   7.0766   3.0215 -16.0760  -0.0512  -2.5150  -2.5148   1.1797   0.0000   0.8460  -1.3908    0.586
    36  -1.4496   6.7484   3.4567 -16.2823   0.1618  -2.5123  -2.5121   0.3523   0.0000   0.6873  -1.2694    0.524
    37  -1.9610   6.3915   3.2367 -15.6117   0.2443  -2.5831  -2.5828   0.5819   0.0000   0.4768  -1.0697    0.435
    38  -2.4995   6.0157   3.4229 -15.8006   0.1670  -2.7331  -2.7328   0.3729   0.0000   0.3603  -1.0004    0.382
    39  -3.0975   5.5984   3.5010 -15.8764   0.0800  -2.9776  -2.9773   0.5542   0.0000   0.2537  -0.9469    0.335
    40  -3.7485   5.1441   3.4716 -16.3894  -0.0183  -3.3166  -3.3163   0.4598   0.0000   0.1758  -0.9565    0.303
    41  -4.4453   4.6578   3.3395 -16.6013  -0.1287  -3.7522  -3.7519   0.7526   0.0000   0.0853  -0.9605    0.273
    42  -5.1804   4.1448   3.1137 -17.1621  -0.2488  -4.4196  -4.4192   1.2177   0.0000   0.0307  -1.0486    0.257
    43  -6.0123   3.7903   3.4546 -17.5612  -0.3567  -4.9259  -4.9256   1.2532   0.0000  -0.0140  -1.1425    0.247
    44  -6.9353   3.6074   3.3620 -17.6049  -0.4024  -5.1598  -5.1594   1.1569   0.0000  -0.0210  -1.1972    0.246
    45  -7.8737   3.4215   3.2240 -17.3587  -0.4189  -5.3422  -5.3419   1.0786   0.0000  -0.0197  -1.2467    0.246
    46  -8.8173   3.2345   3.0478 -16.9024  -0.4102  -5.4856  -5.4853   1.0155   0.0000  -0.0168  -1.2876    0.247
    47  -9.7557   3.0486   2.8411 -16.2876  -0.3899  -5.5950  -5.5946   0.9616   0.0000  -0.0142  -1.3194    0.247
    48 -10.6786   2.8657   2.6118 -15.5519  -0.3684  -5.6725  -5.6721   0.9159   0.0000  -0.0125  -1.3421    0.248
    49 -11.5760   2.6879   2.3677 -14.7270  -0.3520  -5.7197  -5.7193   0.8836   0.0000  -0.0119  -1.3557    0.248
    50 -12.4467   2.5153   2.1582 -13.8270  -0.3419  -5.7344  -5.7340   0.8630   0.0000  -0.0130  -1.3591    0.248
    51 -13.2645   2.3533   1.8259 -12.8765  -0.3411  -5.7079  -5.7075   0.8588   0.0000  -0.0158  -1.3500    0.247
    52 -14.0130   2.2050   1.5853 -11.8879  -0.3512  -5.6289  -5.6285   0.8734   0.0000  -0.0211  -1.3246    0.246
    53 -14.7005   2.0687   1.3533 -10.8412  -0.3739  -5.4817  -5.4814   0.9080   0.0000  -0.0297  -1.2784    0.245
    54 -15.3195   1.9461   1.1330  -9.7173  -0.4116  -5.2394  -5.2391   0.9574   0.0000  -0.0431  -1.2033    0.242
    55 -15.8633   1.8383   0.9263  -8.4747  -0.4655  -4.8613  -4.8610   1.0199   0.0000  -0.0612  -1.0895    0.237
    56 -16.3259   1.7467   0.7336  -7.0748  -0.5350  -4.3067  -4.3064   1.0972   0.0000  -0.0831  -0.9281    0.231
    57 -16.6722   1.4928   0.4112  -5.4924  -0.5084  -3.8960  -3.8946   0.8996   0.0000  -0.1098  -0.7571    0.222
    58 -16.9098   1.1466   0.2281  -3.9155  -0.4434  -3.5647  -3.5634   0.5448   0.0000  -0.1404  -0.6667    0.211
    59 -17.0696   0.9137   0.1099  -2.3491  -0.4224  -2.6620  -2.6610   0.2864   0.0000  -0.1443  -0.4659    0.196
    60 -17.1499   0.7966   0.0321  -0.7846  -0.4302  -1.0101  -1.0097   0.0551   0.0000  -0.0701  -0.1646    0.181

  Surface # 3     horizontal_stabilizer                   
     # Chordwise = 10   # Spanwise = 30     First strip = 61
     Surface area =   20.071465       Ave. chord =    2.826957
     CLsurf  =   0.23489     Clsurf  =  -0.02056
     CYsurf  =  -0.00904     Cmsurf  =  -1.02765
     CDsurf  =  -0.02177     Cnsurf  =  -0.00017
     CDisurf =  -0.02177     CDvsurf =   0.00000

  Forces referred to Ssurf, Cave about hinge axis thru LE
     CLsurf  =   1.46136     CDsurf  =  -0.13546
     Deflect =

 Strip Forces referred to Strip Area, Chord
    j      Yle    Chord     Area     c cl      ai      cl_norm  cl       cd       cdv    cm_c/4    cm_LE  C.P.x/c
    61   0.0046   4.6976   0.0861   5.1944   0.1002   1.0534   1.0533   0.3944   0.0000   0.0161  -0.2578    0.235
    62   0.0412   4.6783   0.2563   5.1127   0.0975   1.1071   1.1069   0.0160   0.0000   0.0147  -0.2559    0.237
    63   0.1140   4.6399   0.4206   5.1024   0.0937   1.1184   1.1182  -0.0086   0.0000   0.0150  -0.2573    0.237
    64   0.2222   4.5828   0.5752   5.0963   0.0903   1.1333   1.1331  -0.0219   0.0000   0.0156  -0.2598    0.236
    65   0.3647   4.5076   0.7167   5.0849   0.0874   1.1509   1.1507  -0.0296   0.0000   0.0162  -0.2631    0.236
    66   0.5398   4.4152   0.8422   5.0685   0.0853   1.1727   1.1725  -0.0389   0.0000   0.0169  -0.2674    0.236
    67   0.7511   4.3037   0.9974   5.0450   0.0839   1.1989   1.1987  -0.0478   0.0000   0.0176  -0.2727    0.235
    68   0.9975   4.1737   1.0868   5.0064   0.0815   1.2280   1.2278  -0.0556   0.0000   0.0181  -0.2790    0.235
    69   1.2712   4.0293   1.1531   4.9613   0.0745   1.2619   1.2617  -0.0649   0.0000   0.0187  -0.2862    0.235
    70   1.5691   3.8721   1.1959   4.9076   0.0581   1.2992   1.2990  -0.0681   0.0000   0.0194  -0.2945    0.235
    71   1.8880   3.7039   1.2153   4.8401   0.0323   1.3417   1.3414  -0.0824   0.0000   0.0200  -0.3036    0.235
    72   2.2244   3.5264   1.2123   4.7575   0.0064   1.3889   1.3887  -0.1065   0.0000   0.0205  -0.3136    0.235
    73   2.5747   3.3416   1.1886   4.6768  -0.0101   1.4384   1.4382  -0.0965   0.0000   0.0217  -0.3250    0.235
    74   2.9349   3.1516   1.1463   4.5718  -0.0172   1.4953   1.4951  -0.1251   0.0000   0.0225  -0.3368    0.235
    75   3.3011   2.9584   1.0879   4.4550  -0.0197   1.5557   1.5555  -0.1494   0.0000   0.0235  -0.3495    0.235
    76   3.6693   2.7641   1.0165   4.3300  -0.0211   1.6181   1.6178  -0.1540   0.0000   0.0250  -0.3630    0.235
    77   4.0356   2.5709   0.9351   4.1777  -0.0231   1.6839   1.6836  -0.1904   0.0000   0.0261  -0.3764    0.235
    78   4.3958   2.3808   0.8469   3.9968  -0.0260   1.7525   1.7522  -0.2699   0.0000   0.0267  -0.3891    0.235
    79   4.7460   2.1961   0.7550   3.8218  -0.0296   1.8149   1.8146  -0.2688   0.0000   0.0288  -0.4022    0.234
    80   5.0824   2.0186   0.6623   3.6089  -0.0338   1.8653   1.8650  -0.2814   0.0000   0.0302  -0.4127    0.234
    81   5.4013   1.8503   0.5714   3.3754  -0.0378   1.9063   1.9060  -0.3043   0.0000   0.0317  -0.4201    0.233
    82   5.6992   1.6931   0.4845   3.1243  -0.0410   1.9323   1.9320  -0.3304   0.0000   0.0340  -0.4231    0.232
    83   5.9729   1.5487   0.4033   2.8480  -0.0424   1.9306   1.9303  -0.3575   0.0000   0.0365  -0.4191    0.231
    84   6.2193   1.4187   0.3288   2.5597  -0.0411   1.8924   1.8921  -0.3402   0.0000   0.0404  -0.4066    0.229
    85   6.4358   1.3045   0.2616   2.2512  -0.0366   1.8145   1.8142  -0.3515   0.0000   0.0448  -0.3828    0.225
    86   6.6379   1.1979   0.2413   1.9165  -0.0276   1.6750   1.6747  -0.2843   0.0000   0.0510  -0.3455    0.220
    87   6.8184   1.1027   0.1754   1.5295  -0.0144   1.4518   1.4515  -0.2442   0.0000   0.0561  -0.2878    0.211
    88   6.9555   1.0303   0.1183   1.1174   0.0012   1.1297   1.1295  -0.1607   0.0000   0.0560  -0.2130    0.200
    89   7.0478   0.9816   0.0681   0.6813   0.0166   0.7228   0.7226  -0.1013   0.0000   0.0442  -0.1281    0.189
    90   7.0942   0.9572   0.0222   0.2289   0.0282   0.2482   0.2482  -0.0300   0.0000   0.0174  -0.0420    0.180

  Surface # 4     horizontal_stabilizer (YDUP)            
     # Chordwise = 10   # Spanwise = 30     First strip = 91
     Surface area =   20.071465       Ave. chord =    2.826957
     CLsurf  =   0.23489     Clsurf  =   0.02056
     CYsurf  =   0.00904     Cmsurf  =  -1.02764
     CDsurf  =  -0.02177     Cnsurf  =   0.00017
     CDisurf =  -0.02177     CDvsurf =   0.00000

  Forces referred to Ssurf, Cave about hinge axis thru LE
     CLsurf  =   1.46134     CDsurf  =  -0.13545
     Deflect =

 Strip Forces referred to Strip Area, Chord
    j      Yle    Chord     Area     c cl      ai      cl_norm  cl       cd       cdv    cm_c/4    cm_LE  C.P.x/c
    91  -0.0046   4.6976   0.0861   5.1944   0.1003   1.0534   1.0533   0.3944   0.0000   0.0161   0.2578    0.235
    92  -0.0412   4.6783   0.2563   5.1127   0.0975   1.1071   1.1069   0.0160   0.0000   0.0147   0.2559    0.237
    93  -0.1140   4.6399   0.4206   5.1024   0.0937   1.1184   1.1182  -0.0086   0.0000   0.0150   0.2573    0.237
    94  -0.2222   4.5828   0.5752   5.0963   0.0903   1.1333   1.1331  -0.0219   0.0000   0.0156   0.2598    0.236
    95  -0.3647   4.5076   0.7167   5.0848   0.0874   1.1509   1.1507  -0.0296   0.0000   0.0162   0.2631    0.236
    96  -0.5398   4.4152   0.8422   5.0685   0.0853   1.1727   1.1725  -0.0389   0.0000   0.0169   0.2674    0.236
    97  -0.7511   4.3037   0.9974   5.0449   0.0839   1.1989   1.1987  -0.0478   0.0000   0.0176   0.2727    0.235
    98  -0.9975   4.1737   1.0868   5.0063   0.0815   1.2280   1.2278  -0.0556   0.0000   0.0181   0.2790    0.235
    99  -1.2712   4.0293   1.1531   4.9612   0.0744   1.2619   1.2617  -0.0649   0.0000   0.0187   0.2862    0.235
   100  -1.5691   3.8721   1.1959   4.9075   0.0581   1.2992   1.2990  -0.0681   0.0000   0.0194   0.2945    0.235
   101  -1.8880   3.7039   1.2153   4.8401   0.0323   1.3416   1.3414  -0.0824   0.0000   0.0200   0.3036    0.235
   102  -2.2244   3.5264   1.2123   4.7575   0.0064   1.3889   1.3887  -0.1065   0.0000   0.0205   0.3136    0.235
   103  -2.5747   3.3416   1.1886   4.6767  -0.0101   1.4384   1.4381  -0.0965   0.0000   0.0217   0.3249    0.235
   104  -2.9349   3.1516   1.1463   4.5718  -0.0172   1.4953   1.4951  -0.1251   0.0000   0.0225   0.3368    0.235
   105  -3.3011   2.9584   1.0879   4.4549  -0.0197   1.5557   1.5554  -0.1494   0.0000   0.0235   0.3495    0.235
   106  -3.6693   2.7641   1.0165   4.3299  -0.0211   1.6181   1.6178  -0.1540   0.0000   0.0250   0.3630    0.235
   107  -4.0356   2.5709   0.9351   4.1776  -0.0231   1.6839   1.6836  -0.1904   0.0000   0.0261   0.3764    0.235
   108  -4.3958   2.3808   0.8469   3.9967  -0.0260   1.7525   1.7522  -0.2699   0.0000   0.0267   0.3891    0.235
   109  -4.7460   2.1961   0.7550   3.8218  -0.0296   1.8148   1.8145  -0.2688   0.0000   0.0288   0.4022    0.234
   110  -5.0824   2.0186   0.6623   3.6088  -0.0338   1.8653   1.8650  -0.2814   0.0000   0.0302   0.4127    0.234
   111  -5.4013   1.8503   0.5714   3.3753  -0.0378   1.9063   1.9060  -0.3042   0.0000   0.0317   0.4201    0.233
   112  -5.6992   1.6931   0.4845   3.1242  -0.0410   1.9322   1.9319  -0.3304   0.0000   0.0340   0.4231    0.232
   113  -5.9729   1.5487   0.4033   2.8480  -0.0424   1.9306   1.9303  -0.3575   0.0000   0.0365   0.4191    0.231
   114  -6.2193   1.4187   0.3288   2.5597  -0.0412   1.8923   1.8920  -0.3402   0.0000   0.0404   0.4066    0.229
   115  -6.4358   1.3045   0.2616   2.2511  -0.0366   1.8145   1.8142  -0.3515   0.0000   0.0448   0.3828    0.225
   116  -6.6379   1.1979   0.2413   1.9165  -0.0276   1.6749   1.6747  -0.2843   0.0000   0.0510   0.3455    0.220
   117  -6.8184   1.1027   0.1754   1.5294  -0.0144   1.4517   1.4515  -0.2442   0.0000   0.0561   0.2878    0.211
   118  -6.9555   1.0303   0.1183   1.1173   0.0012   1.1297   1.1295  -0.1607   0.0000   0.0560   0.2130    0.200
   119  -7.0478   0.9816   0.0681   0.6813   0.0166   0.7227   0.7226  -0.1013   0.0000   0.0442   0.1281    0.189
   120  -7.0942   0.9572   0.0222   0.2289   0.0282   0.2482   0.2482  -0.0300   0.0000   0.0174   0.0420    0.180

  Surface # 5     vertical_stabilizer                     
     # Chordwise = 10   # Spanwise = 30     First strip =121
     Surface area =   27.880133       Ave. chord =    3.584947
     CLsurf  =   0.00000     Clsurf  =  -0.00000
     CYsurf  =  -0.00000     Cmsurf  =  -0.00000
     CDsurf  =  -0.00000     Cnsurf  =   0.00000
     CDisurf =  -0.00000     CDvsurf =   0.00000

  Forces referred to Ssurf, Cave about hinge axis thru LE
     CLsurf  =   0.00000     CDsurf  =  -0.00000
     Deflect =

 Strip Forces referred to Strip Area, Chord
    j      Yle    Chord     Area     c cl      ai      cl_norm  cl       cd       cdv    cm_c/4    cm_LE  C.P.x/c
   121   0.0000   8.1257   0.4979   0.0000  -0.0000   0.0000   0.0000  -0.0000   0.0000   0.0000   0.0000   -0.445
   122   0.0000   7.9240   0.7939   0.0000   0.0000   0.0000   0.0000  -0.0000   0.0000   0.0000   0.0000   -0.539
   123   0.0000   7.6259   1.0550   0.0000   0.0000   0.0000   0.0000  -0.0000   0.0000   0.0000   0.0000   -0.804
   124   0.0000   7.2338   1.2682   0.0000  -0.0000   0.0000   0.0000  -0.0000   0.0000   0.0000   0.0000   -0.714
   125   0.0000   6.7513   1.4226   0.0000  -0.0000   0.0000   0.0000  -0.0000   0.0000   0.0000   0.0000   -0.505
   126   0.0000   6.1827   1.5094   0.0000  -0.0000   0.0000   0.0000  -0.0000   0.0000   0.0000   0.0000   -0.373
   127   0.0000   5.5336   1.5228   0.0000  -0.0000   0.0000   0.0000  -0.0000   0.0000   0.0000  -0.0000   -0.137
   128   0.0000   4.8100   1.4602   0.0000  -0.0000   0.0000   0.0000  -0.0000   0.0000   0.0000  -0.0000    0.042
   129   0.0000   4.3478   1.3898   0.0000   0.0000   0.0000   0.0000  -0.0000   0.0000   0.0000   0.0000   -0.065
   130   0.0000   4.1900   1.4293   0.0000   0.0000   0.0000   0.0000  -0.0000   0.0000   0.0000  -0.0000    0.011
   131   0.0000   4.0228   1.4447   0.0000   0.0000   0.0000   0.0000  -0.0000   0.0000   0.0000  -0.0000    0.090
   132   0.0000   3.8479   1.4371   0.0000   0.0000   0.0000   0.0000  -0.0000   0.0000   0.0000  -0.0000    0.145
   133   0.0000   3.6670   1.4082   0.0000   0.0000   0.0000   0.0000  -0.0000   0.0000   0.0000  -0.0000    0.168
   134   0.0000   3.4821   1.3602   0.0000   0.0000   0.0000   0.0000  -0.0000   0.0000   0.0000  -0.0000    0.198
   135   0.0000   3.2949   1.2955   0.0000   0.0000   0.0000   0.0000  -0.0000   0.0000   0.0000  -0.0000    0.223
   136   0.0000   3.1075   1.2172   0.0000  -0.0000   0.0000   0.0000  -0.0000   0.0000   0.0000  -0.0000    0.229
   137   0.0000   2.9218   1.1282   0.0000  -0.0000   0.0000   0.0000  -0.0000   0.0000   0.0000  -0.0000    0.239
   138   0.0000   2.7397   1.0316   0.0000  -0.0000   0.0000   0.0000  -0.0000   0.0000  -0.0000  -0.0000    0.257
   139   0.0000   2.5631   0.9305   0.0000  -0.0000   0.0000   0.0000  -0.0000   0.0000  -0.0000  -0.0000    0.260
   140   0.0000   2.3939   0.8277   0.0000  -0.0000   0.0000   0.0000  -0.0000   0.0000  -0.0000  -0.0000    0.267
   141   0.0000   2.2338   0.7257   0.0000  -0.0000   0.0000   0.0000  -0.0000   0.0000  -0.0000  -0.0000    0.265
   142   0.0000   2.0845   0.6265   0.0000  -0.0000   0.0000   0.0000  -0.0000   0.0000  -0.0000  -0.0000    0.271
   143   0.0000   1.9475   0.5319   0.0000  -0.0000   0.0000   0.0000  -0.0000   0.0000  -0.0000  -0.0000    0.268
   144   0.0000   1.8243   0.4429   0.0000  -0.0000   0.0000   0.0000  -0.0000   0.0000  -0.0000  -0.0000    0.271
   145   0.0000   1.7162   0.3603   0.0000  -0.0000   0.0000   0.0000  -0.0000   0.0000  -0.0000  -0.0000    0.267
   146   0.0000   1.6244   0.2840   0.0000  -0.0000   0.0000   0.0000  -0.0000   0.0000  -0.0000  -0.0000    0.256
   147   0.0000   1.5497   0.2138   0.0000  -0.0000   0.0000   0.0000  -0.0000   0.0000   0.0000  -0.0000    0.245
   148   0.0000   1.4930   0.1487   0.0000  -0.0000   0.0000   0.0000  -0.0000   0.0000   0.0000  -0.0000    0.241
   149   0.0000   1.4548   0.0875   0.0000  -0.0000   0.0000   0.0000  -0.0000   0.0000   0.0000  -0.0000    0.241
   150   0.0000   1.4357   0.0289   0.0000  -0.0000   0.0000   0.0000  -0.0000   0.0000   0.0000  -0.0000    0.228

  Surface # 6     fuselage_horizontal                     
     # Chordwise = 10   # Spanwise = 10     First strip =151
     Surface area =  123.841209       Ave. chord =   33.112621
     CLsurf  =   0.03294     Clsurf  =  -0.00000
     CYsurf  =  -0.00000     Cmsurf  =   0.03339
     CDsurf  =  -0.01153     Cnsurf  =   0.00000
     CDisurf =  -0.01153     CDvsurf =   0.00000

  Forces referred to Ssurf, Cave about hinge axis thru LE
     CLsurf  =   0.03321     CDsurf  =  -0.01162
     Deflect =

 Strip Forces referred to Strip Area, Chord
    j      Yle    Chord     Area     c cl      ai      cl_norm  cl       cd       cdv    cm_c/4    cm_LE  C.P.x/c
   151  -1.6830  26.5957   9.9468   0.8188   0.5218   0.2675   0.0286   0.0148   0.0000  -0.0064  -0.0019    0.472
   152  -1.3090  31.2096  11.6724   1.0953   0.3363   0.1250   0.0348   0.0045   0.0000  -0.0047  -0.0034    0.384
   153  -0.9350  34.0626  12.7394   1.0866   0.1113   0.0783   0.0334  -0.0059   0.0000  -0.0004  -0.0028    0.261
   154  -0.5610  36.1619  13.5246   1.0592   0.0248   0.0548   0.0333  -0.0199   0.0000   0.0024  -0.0022    0.178
   155  -0.1870  37.5333  14.0374   1.0214  -0.0066   0.0403   0.0349  -0.0410   0.0000   0.0043  -0.0017    0.127
   156   0.1870  37.5333  14.0374   1.0214  -0.0066   0.0403   0.0349  -0.0410   0.0000   0.0043  -0.0017    0.127
   157   0.5610  36.1619  13.5246   1.0592   0.0248   0.0548   0.0333  -0.0199   0.0000   0.0024  -0.0022    0.178
   158   0.9350  34.0626  12.7394   1.0867   0.1113   0.0783   0.0334  -0.0059   0.0000  -0.0004  -0.0028    0.261
   159   1.3090  31.2096  11.6724   1.0953   0.3363   0.1250   0.0348   0.0045   0.0000  -0.0047  -0.0034    0.384
   160   1.6830  26.5957   9.9468   0.8188   0.5218   0.2675   0.0286   0.0148   0.0000  -0.0064  -0.0019    0.472

  Surface # 7     fuselage_vertical                       
     # Chordwise = 10   # Spanwise = 10     First strip =161
     Surface area =  123.841209       Ave. chord =   33.112621
     CLsurf  =  -0.00000     Clsurf  =   0.00000
     CYsurf  =  -0.00000     Cmsurf  =   0.00000
     CDsurf  =  -0.00000     Cnsurf  =   0.00000
     CDisurf =  -0.00000     CDvsurf =   0.00000

  Forces referred to Ssurf, Cave about hinge axis thru LE
     CLsurf  =   0.00000     CDsurf  =  -0.00000
     Deflect =

 Strip Forces referred to Strip Area, Chord
    j      Yle    Chord     Area     c cl      ai      cl_norm  cl       cd       cdv    cm_c/4    cm_LE  C.P.x/c
   161   0.0000  26.5957   9.9468  -0.0000   0.0000  -0.0000  -0.0000  -0.0000   0.0000   0.0000   0.0000    1.254
   162   0.0000  31.2096  11.6724  -0.0000   0.0001  -0.0000  -0.0000   0.0000   0.0000   0.0000   0.0000
   163   0.0000  34.0626  12.7394   0.0000  -0.0000   0.0000   0.0000  -0.0000   0.0000   0.0000   0.0000   -0.367
   164   0.0000  36.1619  13.5246   0.0000  -0.0000   0.0000   0.0000  -0.0000   0.0000   0.0000   0.0000    0.199
   165   0.0000  37.5333  14.0374   0.0000  -0.0000   0.0000   0.0000  -0.0000   0.0000  -0.0000  -0.0000    0.471
   166   0.0000  37.5333  14.0374   0.0000  -0.0000   0.0000   0.0000  -0.0000   0.0000  -0.0000  -0.0000    0.701
   167   0.0000  36.1619  13.5246   0.0000  -0.0000   0.0000   0.0000  -0.0000   0.0000  -0.0000  -0.0000    0.735
   168   0.0000  34.0626  12.7394   0.0000  -0.0000   0.0000   0.0000  -0.0000   0.0000  -0.0000  -0.0000    0.745
   169   0.0000  31.2096  11.6724   0.0000   0.0000   0.0000   0.0000  -0.0000   0.0000  -0.0000  -0.0000    0.738
   170   0.0000  26.5957   9.9468   0.0000   0.0000   0.0001   0.0000  -0.0000   0.0000  -0.0000  -0.0000    0.776
 ---------------------------------------------------------------
