 ---------------------------------------------------------------
 Surface and Strip Forces by surface

  Forces referred to Sref, Cref, Bref about Xref, Yref, Zref
 Standard axis orientation,  X fwd, Z down         

  Surface # 1     main_wing                               
     # Chordwise = 10   # Spanwise = 30     First strip =  1
     Surface area =   63.968842       Ave. chord =    3.715026
     CLsurf  =   0.09709     Clsurf  =  -0.01562
     CYsurf  =  -0.00664     Cmsurf  =  -0.07878
     CDsurf  =   0.00130     Cnsurf  =   0.00073
     CDisurf =   0.00130     CDvsurf =   0.00000

  Forces referred to Ssurf, Cave about hinge axis thru LE
     CLsurf  =   0.18995     CDsurf  =   0.00254
     Deflect =

 Strip Forces referred to Strip Area, Chord
    j      Yle    Chord     Area     c cl      ai      cl_norm  cl       cd       cdv    cm_c/4    cm_LE  C.P.x/c
     1   0.0114   7.7520   0.3539   1.6676   0.0511   0.2773   0.2151   0.0846   0.0000  -0.0118  -0.0534    0.305
     2   0.1025   7.6885   1.0492   1.6111   0.0504   0.2702   0.2095   0.0181   0.0000  -0.0118  -0.0523    0.306
     3   0.2837   7.5620   1.7073   1.6029   0.0489   0.2733   0.2120   0.0138   0.0000  -0.0110  -0.0522    0.302
     4   0.5530   7.3741   2.3052   1.5907   0.0466   0.2781   0.2157   0.0120   0.0000  -0.0099  -0.0520    0.296
     5   0.9075   7.1267   2.8223   1.5665   0.0440   0.2834   0.2198   0.0104   0.0000  -0.0088  -0.0520    0.290
     6   1.3432   6.8226   3.2414   1.5255   0.0417   0.2883   0.2236   0.0088   0.0000  -0.0080  -0.0520    0.286
     7   1.8554   6.4651   3.5491   1.4655   0.0407   0.2923   0.2267   0.0068   0.0000  -0.0076  -0.0523    0.283
     8   2.4386   6.0582   3.7368   1.3789   0.0384   0.2934   0.2276   0.0051   0.0000  -0.0078  -0.0527    0.284
     9   3.0862   5.6062   3.8005   1.2708   0.0308   0.2922   0.2267   0.0030   0.0000  -0.0089  -0.0534    0.289
    10   3.7613   5.1351   3.4440   1.1485   0.0214   0.2884   0.2237   0.0010   0.0000  -0.0109  -0.0544    0.299
    11   4.4532   4.6522   3.3149   1.0183   0.0121   0.2822   0.2189  -0.0008   0.0000  -0.0140  -0.0560    0.314
    12   5.1831   4.1429   3.0930   0.8807  -0.0006   0.2741   0.2126  -0.0027   0.0000  -0.0184  -0.0583    0.336
    13   6.0123   3.7903   3.4706   0.7578  -0.0077   0.2435   0.1999  -0.0030   0.0000  -0.0215  -0.0635    0.357
    14   6.9353   3.6075   3.3775   0.6685  -0.0049   0.2257   0.1853  -0.0022   0.0000  -0.0221  -0.0608    0.369
    15   7.8737   3.4215   3.2389   0.5966  -0.0029   0.2124   0.1744  -0.0017   0.0000  -0.0222  -0.0585    0.378
    16   8.8172   3.2345   3.0619   0.5366  -0.0017   0.2021   0.1659  -0.0014   0.0000  -0.0222  -0.0566    0.384
    17   9.7556   3.0486   2.8543   0.4853  -0.0009   0.1939   0.1592  -0.0012   0.0000  -0.0222  -0.0551    0.389
    18  10.6786   2.8657   2.6239   0.4407  -0.0004   0.1873   0.1538  -0.0010   0.0000  -0.0221  -0.0538    0.394
    19  11.5760   2.6879   2.3787   0.4011   0.0001   0.1818   0.1492  -0.0009   0.0000  -0.0220  -0.0527    0.398
    20  12.4328   2.5181   2.1010   0.3658   0.0006   0.1769   0.1453  -0.0008   0.0000  -0.0219  -0.0517    0.401
    21  13.2400   2.3582   1.8520   0.3338   0.0012   0.1724   0.1415  -0.0007   0.0000  -0.0217  -0.0508    0.403
    22  13.9941   2.2087   1.6074   0.3040   0.0021   0.1676   0.1376  -0.0007   0.0000  -0.0215  -0.0497    0.406
    23  14.6868   2.0715   1.3716   0.2754   0.0034   0.1619   0.1330  -0.0006   0.0000  -0.0211  -0.0483    0.408
    24  15.3105   1.9479   1.1479   0.2469   0.0050   0.1543   0.1267  -0.0005   0.0000  -0.0204  -0.0463    0.411
    25  15.8583   1.8393   0.9381   0.2167   0.0070   0.1435   0.1178  -0.0004   0.0000  -0.0194  -0.0434    0.414
    26  16.3244   1.7470   0.7427   0.1834   0.0094   0.1278   0.1050  -0.0003   0.0000  -0.0182  -0.0395    0.423
    27  16.6722   1.4928   0.4131   0.1476   0.0120   0.3301   0.0989  -0.0006   0.0000  -0.0151  -0.0186    0.403
    28  16.9098   1.1466   0.2292   0.1110   0.0164   0.3232   0.0968  -0.0012   0.0000  -0.0102  -0.0161    0.356
    29  17.0696   0.9138   0.1104   0.0697   0.0205   0.2545   0.0762  -0.0016   0.0000  -0.0039  -0.0107    0.301
    30  17.1499   0.7967   0.0322   0.0238   0.0226   0.0997   0.0299  -0.0012   0.0000  -0.0003  -0.0036    0.261

  Surface # 2     main_wing (YDUP)                        
     # Chordwise = 10   # Spanwise = 30     First strip = 31
     Surface area =   63.968842       Ave. chord =    3.715026
     CLsurf  =   0.09707     Clsurf  =   0.01562
     CYsurf  =   0.00665     Cmsurf  =  -0.07878
     CDsurf  =   0.00132     Cnsurf  =  -0.00073
     CDisurf =   0.00132     CDvsurf =   0.00000

  Forces referred to Ssurf, Cave about hinge axis thru LE
     CLsurf  =   0.18991     CDsurf  =   0.00258
     Deflect =

 Strip Forces referred to Strip Area, Chord
    j      Yle    Chord     Area     c cl      ai      cl_norm  cl       cd       cdv    cm_c/4    cm_LE  C.P.x/c
    31  -0.0114   7.7520   0.3539   1.6676   0.0511   0.2773   0.2151   0.0846   0.0000  -0.0118   0.0534    0.305
    32  -0.1025   7.6885   1.0492   1.6111   0.0504   0.2702   0.2095   0.0181   0.0000  -0.0118   0.0523    0.306
    33  -0.2837   7.5620   1.7073   1.6028   0.0489   0.2733   0.2120   0.0138   0.0000  -0.0110   0.0522    0.302
    34  -0.5530   7.3741   2.3052   1.5907   0.0466   0.2781   0.2157   0.0120   0.0000  -0.0099   0.0520    0.296
    35  -0.9075   7.1267   2.8223   1.5665   0.0440   0.2834   0.2198   0.0104   0.0000  -0.0088   0.0520    0.290
    36  -1.3432   6.8226   3.2414   1.5254   0.0417   0.2883   0.2236   0.0089   0.0000  -0.0080   0.0520    0.286
    37  -1.8554   6.4651   3.5491   1.4642   0.0407   0.2920   0.2265   0.0071   0.0000  -0.0076   0.0523    0.284
    38  -2.4386   6.0582   3.7368   1.3772   0.0384   0.2931   0.2273   0.0053   0.0000  -0.0079   0.0527    0.285
    39  -3.0862   5.6062   3.8005   1.2707   0.0308   0.2922   0.2267   0.0031   0.0000  -0.0089   0.0534    0.289
    40  -3.7613   5.1351   3.4440   1.1485   0.0214   0.2884   0.2237   0.0009   0.0000  -0.0109   0.0544    0.299
    41  -4.4532   4.6522   3.3149   1.0183   0.0121   0.2822   0.2189  -0.0006   0.0000  -0.0140   0.0560    0.314
    42  -5.1831   4.1429   3.0930   0.8797  -0.0006   0.2738   0.2123  -0.0028   0.0000  -0.0184   0.0582    0.336
    43  -6.0123   3.7903   3.4706   0.7578  -0.0077   0.2435   0.1999  -0.0030   0.0000  -0.0215   0.0635    0.357
    44  -6.9353   3.6075   3.3775   0.6684  -0.0049   0.2257   0.1853  -0.0022   0.0000  -0.0221   0.0608    0.369
    45  -7.8737   3.4215   3.2389   0.5966  -0.0029   0.2124   0.1744  -0.0017   0.0000  -0.0222   0.0585    0.378
    46  -8.8172   3.2345   3.0619   0.5366  -0.0017   0.2021   0.1659  -0.0014   0.0000  -0.0222   0.0566    0.384
    47  -9.7556   3.0486   2.8543   0.4853  -0.0009   0.1939   0.1592  -0.0012   0.0000  -0.0222   0.0551    0.389
    48 -10.6786   2.8657   2.6239   0.4407  -0.0004   0.1873   0.1538  -0.0010   0.0000  -0.0221   0.0538    0.394
    49 -11.5760   2.6879   2.3787   0.4011   0.0001   0.1818   0.1492  -0.0009   0.0000  -0.0220   0.0527    0.398
    50 -12.4328   2.5181   2.1010   0.3658   0.0006   0.1769   0.1453  -0.0008   0.0000  -0.0219   0.0517    0.401
    51 -13.2400   2.3582   1.8520   0.3338   0.0012   0.1724   0.1415  -0.0007   0.0000  -0.0217   0.0508    0.403
    52 -13.9941   2.2087   1.6074   0.3040   0.0021   0.1676   0.1376  -0.0007   0.0000  -0.0215   0.0497    0.406
    53 -14.6868   2.0715   1.3716   0.2754   0.0034   0.1619   0.1330  -0.0006   0.0000  -0.0211   0.0483    0.408
    54 -15.3105   1.9479   1.1479   0.2469   0.0050   0.1543   0.1267  -0.0005   0.0000  -0.0204   0.0463    0.411
    55 -15.8583   1.8393   0.9381   0.2167   0.0070   0.1435   0.1178  -0.0004   0.0000  -0.0194   0.0434    0.414
    56 -16.3244   1.7470   0.7427   0.1834   0.0094   0.1278   0.1050  -0.0003   0.0000  -0.0182   0.0395    0.423
    57 -16.6722   1.4928   0.4131   0.1476   0.0120   0.3301   0.0989  -0.0006   0.0000  -0.0151   0.0186    0.403
    58 -16.9098   1.1466   0.2292   0.1110   0.0164   0.3232   0.0968  -0.0012   0.0000  -0.0102   0.0161    0.356
    59 -17.0696   0.9138   0.1104   0.0697   0.0205   0.2545   0.0762  -0.0016   0.0000  -0.0039   0.0107    0.301
    60 -17.1499   0.7967   0.0322   0.0238   0.0226   0.0997   0.0299  -0.0012   0.0000  -0.0003   0.0036    0.261

  Surface # 3     horizontal_stabilizer                   
     # Chordwise = 10   # Spanwise = 30     First strip = 61
     Surface area =   20.301462       Ave. chord =    2.826986
     CLsurf  =  -0.01281     Clsurf  =   0.00114
     CYsurf  =   0.00211     Cmsurf  =   0.06319
     CDsurf  =  -0.00018     Cnsurf  =  -0.00130
     CDisurf =  -0.00018     CDvsurf =   0.00000

  Forces referred to Ssurf, Cave about hinge axis thru LE
     CLsurf  =  -0.07987     CDsurf  =  -0.00112
     Deflect =

 Strip Forces referred to Strip Area, Chord
    j      Yle    Chord     Area     c cl      ai      cl_norm  cl       cd       cdv    cm_c/4    cm_LE  C.P.x/c
    61   0.0046   4.6976   0.0871  -0.3105   0.0106  -0.1079  -0.0661   0.0161   0.0000   0.0051   0.0159    0.327
    62   0.0412   4.6783   0.2592  -0.3335   0.0101  -0.1164  -0.0713   0.0008   0.0000   0.0051   0.0168    0.322
    63   0.1140   4.6399   0.4254  -0.3354   0.0096  -0.1180  -0.0723  -0.0003   0.0000   0.0049   0.0168    0.317
    64   0.2222   4.5828   0.5818  -0.3361   0.0090  -0.1197  -0.0733  -0.0005   0.0000   0.0044   0.0167    0.310
    65   0.3647   4.5076   0.7249  -0.3362   0.0086  -0.1218  -0.0746  -0.0006   0.0000   0.0037   0.0164    0.300
    66   0.5398   4.4152   0.8518  -0.3358   0.0082  -0.1242  -0.0761  -0.0008   0.0000   0.0031   0.0162    0.290
    67   0.7511   4.3037   1.0088  -0.3346   0.0080  -0.1269  -0.0777  -0.0009   0.0000   0.0024   0.0160    0.281
    68   0.9975   4.1737   1.0993  -0.3321   0.0082  -0.1299  -0.0796  -0.0011   0.0000   0.0017   0.0159    0.272
    69   1.2712   4.0294   1.1663  -0.3280   0.0088  -0.1329  -0.0814  -0.0012   0.0000   0.0012   0.0158    0.264
    70   1.5691   3.8722   1.2096  -0.3219   0.0100  -0.1357  -0.0831  -0.0013   0.0000   0.0007   0.0158    0.258
    71   1.8880   3.7039   1.2292  -0.3136   0.0112  -0.1382  -0.0847  -0.0014   0.0000   0.0003   0.0158    0.254
    72   2.2244   3.5264   1.2262  -0.3028   0.0120  -0.1402  -0.0859  -0.0015   0.0000   0.0000   0.0158    0.250
    73   2.5747   3.3417   1.2022  -0.2897   0.0121  -0.1415  -0.0867  -0.0015   0.0000  -0.0002   0.0157    0.247
    74   2.9349   3.1516   1.1594  -0.2743   0.0116  -0.1421  -0.0870  -0.0016   0.0000  -0.0004   0.0157    0.246
    75   3.3011   2.9584   1.1004  -0.2570   0.0109  -0.1418  -0.0869  -0.0016   0.0000  -0.0005   0.0156    0.244
    76   3.6693   2.7641   1.0281  -0.2383   0.0100  -0.1408  -0.0862  -0.0016   0.0000  -0.0005   0.0154    0.244
    77   4.0356   2.5709   0.9458  -0.2188   0.0092  -0.1389  -0.0851  -0.0015   0.0000  -0.0006   0.0152    0.243
    78   4.3958   2.3809   0.8566  -0.1989   0.0085  -0.1364  -0.0836  -0.0015   0.0000  -0.0006   0.0149    0.243
    79   4.7460   2.1961   0.7636  -0.1793   0.0079  -0.1333  -0.0817  -0.0014   0.0000  -0.0006   0.0146    0.243
    80   5.0824   2.0186   0.6699  -0.1604   0.0073  -0.1297  -0.0795  -0.0013   0.0000  -0.0006   0.0141    0.242
    81   5.4013   1.8503   0.5780  -0.1425   0.0068  -0.1257  -0.0770  -0.0012   0.0000  -0.0007   0.0136    0.241
    82   5.6992   1.6932   0.4901  -0.1257   0.0062  -0.1212  -0.0742  -0.0012   0.0000  -0.0008   0.0130    0.239
    83   5.9729   1.5488   0.4079  -0.1101   0.0055  -0.1161  -0.0711  -0.0011   0.0000  -0.0010   0.0123    0.235
    84   6.2193   1.4188   0.3326  -0.0955   0.0047  -0.1099  -0.0673  -0.0010   0.0000  -0.0014   0.0113    0.229
    85   6.4358   1.3046   0.2646  -0.0817   0.0040  -0.1022  -0.0626  -0.0009   0.0000  -0.0019   0.0101    0.219
    86   6.6379   1.1979   0.2441  -0.0676   0.0032  -0.0922  -0.0565  -0.0009   0.0000  -0.0026   0.0085    0.204
    87   6.8184   1.1027   0.1774  -0.0528   0.0024  -0.0781  -0.0479  -0.0008   0.0000  -0.0033   0.0063    0.181
    88   6.9555   1.0303   0.1197  -0.0378   0.0018  -0.0599  -0.0367  -0.0006   0.0000  -0.0036   0.0041    0.152
    89   7.0478   0.9816   0.0689  -0.0227   0.0015  -0.0378  -0.0232  -0.0005   0.0000  -0.0029   0.0021    0.123
    90   7.0942   0.9572   0.0225  -0.0076   0.0013  -0.0129  -0.0079  -0.0002   0.0000  -0.0011   0.0006    0.105

  Surface # 4     horizontal_stabilizer (YDUP)            
     # Chordwise = 10   # Spanwise = 30     First strip = 91
     Surface area =   20.301462       Ave. chord =    2.826986
     CLsurf  =  -0.01281     Clsurf  =  -0.00114
     CYsurf  =  -0.00211     Cmsurf  =   0.06319
     CDsurf  =  -0.00018     Cnsurf  =   0.00130
     CDisurf =  -0.00018     CDvsurf =   0.00000

  Forces referred to Ssurf, Cave about hinge axis thru LE
     CLsurf  =  -0.07987     CDsurf  =  -0.00113
     Deflect =

 Strip Forces referred to Strip Area, Chord
    j      Yle    Chord     Area     c cl      ai      cl_norm  cl       cd       cdv    cm_c/4    cm_LE  C.P.x/c
    91  -0.0046   4.6976   0.0871  -0.3105   0.0106  -0.1079  -0.0661   0.0161   0.0000   0.0051  -0.0159    0.327
    92  -0.0412   4.6783   0.2592  -0.3335   0.0101  -0.1164  -0.0713   0.0008   0.0000   0.0051  -0.0168    0.322
    93  -0.1140   4.6399   0.4254  -0.3354   0.0096  -0.1180  -0.0723  -0.0003   0.0000   0.0049  -0.0168    0.317
    94  -0.2222   4.5828   0.5818  -0.3361   0.0090  -0.1197  -0.0733  -0.0005   0.0000   0.0044  -0.0167    0.310
    95  -0.3647   4.5076   0.7249  -0.3362   0.0086  -0.1218  -0.0746  -0.0006   0.0000   0.0037  -0.0164    0.300
    96  -0.5398   4.4152   0.8518  -0.3358   0.0082  -0.1242  -0.0761  -0.0008   0.0000   0.0031  -0.0162    0.290
    97  -0.7511   4.3037   1.0088  -0.3346   0.0080  -0.1269  -0.0777  -0.0009   0.0000   0.0024  -0.0160    0.281
    98  -0.9975   4.1737   1.0993  -0.3321   0.0082  -0.1299  -0.0796  -0.0010   0.0000   0.0017  -0.0159    0.272
    99  -1.2712   4.0294   1.1663  -0.3280   0.0088  -0.1329  -0.0814  -0.0012   0.0000   0.0012  -0.0158    0.264
   100  -1.5691   3.8722   1.2096  -0.3219   0.0100  -0.1357  -0.0831  -0.0013   0.0000   0.0007  -0.0158    0.258
   101  -1.8880   3.7039   1.2292  -0.3136   0.0112  -0.1382  -0.0847  -0.0014   0.0000   0.0003  -0.0158    0.254
   102  -2.2244   3.5264   1.2262  -0.3028   0.0120  -0.1402  -0.0859  -0.0015   0.0000   0.0000  -0.0158    0.250
   103  -2.5747   3.3417   1.2022  -0.2897   0.0121  -0.1415  -0.0867  -0.0015   0.0000  -0.0002  -0.0157    0.247
   104  -2.9349   3.1516   1.1594  -0.2743   0.0116  -0.1421  -0.0870  -0.0016   0.0000  -0.0004  -0.0157    0.246
   105  -3.3011   2.9584   1.1004  -0.2570   0.0109  -0.1418  -0.0869  -0.0016   0.0000  -0.0005  -0.0156    0.244
   106  -3.6693   2.7641   1.0281  -0.2383   0.0100  -0.1408  -0.0862  -0.0016   0.0000  -0.0005  -0.0154    0.244
   107  -4.0356   2.5709   0.9458  -0.2188   0.0092  -0.1389  -0.0851  -0.0015   0.0000  -0.0006  -0.0152    0.243
   108  -4.3958   2.3809   0.8566  -0.1989   0.0085  -0.1364  -0.0836  -0.0014   0.0000  -0.0006  -0.0149    0.243
   109  -4.7460   2.1961   0.7636  -0.1793   0.0079  -0.1333  -0.0817  -0.0014   0.0000  -0.0006  -0.0146    0.243
   110  -5.0824   2.0186   0.6699  -0.1604   0.0073  -0.1297  -0.0795  -0.0013   0.0000  -0.0006  -0.0141    0.242
   111  -5.4013   1.8503   0.5780  -0.1425   0.0068  -0.1257  -0.0770  -0.0012   0.0000  -0.0007  -0.0136    0.241
   112  -5.6992   1.6932   0.4901  -0.1257   0.0062  -0.1212  -0.0742  -0.0012   0.0000  -0.0008  -0.0130    0.239
   113  -5.9729   1.5488   0.4079  -0.1101   0.0055  -0.1161  -0.0711  -0.0011   0.0000  -0.0010  -0.0123    0.235
   114  -6.2193   1.4188   0.3326  -0.0955   0.0047  -0.1099  -0.0673  -0.0010   0.0000  -0.0014  -0.0113    0.229
   115  -6.4358   1.3046   0.2646  -0.0817   0.0040  -0.1022  -0.0626  -0.0009   0.0000  -0.0019  -0.0101    0.219
   116  -6.6379   1.1979   0.2441  -0.0676   0.0032  -0.0922  -0.0565  -0.0009   0.0000  -0.0026  -0.0085    0.204
   117  -6.8184   1.1027   0.1774  -0.0528   0.0024  -0.0781  -0.0479  -0.0008   0.0000  -0.0033  -0.0063    0.181
   118  -6.9555   1.0303   0.1197  -0.0378   0.0018  -0.0599  -0.0367  -0.0006   0.0000  -0.0036  -0.0041    0.152
   119  -7.0478   0.9816   0.0689  -0.0227   0.0015  -0.0378  -0.0232  -0.0005   0.0000  -0.0029  -0.0021    0.123
   120  -7.0942   0.9572   0.0225  -0.0076   0.0013  -0.0129  -0.0079  -0.0002   0.0000  -0.0011  -0.0006    0.105

  Surface # 5     vertical_stabilizer                     
     # Chordwise = 10   # Spanwise = 30     First strip =121
     Surface area =   27.879848       Ave. chord =    3.584910
     CLsurf  =  -0.00000     Clsurf  =  -0.00000
     CYsurf  =  -0.00000     Cmsurf  =   0.00000
     CDsurf  =   0.00000     Cnsurf  =   0.00000
     CDisurf =   0.00000     CDvsurf =   0.00000

  Forces referred to Ssurf, Cave about hinge axis thru LE
     CLsurf  =   0.00000     CDsurf  =   0.00000
     Deflect =

 Strip Forces referred to Strip Area, Chord
    j      Yle    Chord     Area     c cl      ai      cl_norm  cl       cd       cdv    cm_c/4    cm_LE  C.P.x/c
   121   0.0000   8.1257   0.4979   0.0000   0.0000   0.0000   0.0000   0.0000   0.0000  -0.0000  -0.0000    0.604
   122   0.0000   7.9240   0.7938   0.0000  -0.0000   0.0000   0.0000   0.0000   0.0000  -0.0000  -0.0000    0.588
   123   0.0000   7.6259   1.0549   0.0000   0.0000   0.0000   0.0000   0.0000   0.0000  -0.0000  -0.0000    0.651
   124   0.0000   7.2338   1.2682   0.0000  -0.0000   0.0000   0.0000   0.0000   0.0000  -0.0000  -0.0000    0.440
   125   0.0000   6.7513   1.4225   0.0000  -0.0000   0.0000   0.0000   0.0000   0.0000  -0.0000  -0.0000    0.589
   126   0.0000   6.1827   1.5094   0.0000  -0.0000   0.0000   0.0000  -0.0000   0.0000  -0.0000  -0.0000    0.604
   127   0.0000   5.5335   1.5228   0.0000   0.0000   0.0000   0.0000   0.0000   0.0000  -0.0000  -0.0000    0.563
   128   0.0000   4.8100   1.4602   0.0000   0.0000   0.0000   0.0000   0.0000   0.0000  -0.0000  -0.0000    0.443
   129   0.0000   4.3477   1.3899   0.0000   0.0000   0.0000   0.0000  -0.0000   0.0000  -0.0000  -0.0000    0.484
   130   0.0000   4.1900   1.4293   0.0000  -0.0000   0.0000   0.0000   0.0000   0.0000   0.0000   0.0000   -0.108
   131   0.0000   4.0228   1.4447   0.0000   0.0000   0.0000   0.0000   0.0000   0.0000   0.0000   0.0000   -0.176
   132   0.0000   3.8479   1.4371   0.0000  -0.0000   0.0000   0.0000   0.0000   0.0000   0.0000   0.0000   -0.321
   133   0.0000   3.6670   1.4082   0.0000   0.0000   0.0000   0.0000  -0.0000   0.0000   0.0000  -0.0000    0.011
   134   0.0000   3.4821   1.3602   0.0000   0.0000   0.0000   0.0000  -0.0000   0.0000   0.0000   0.0000   -0.371
   135   0.0000   3.2949   1.2955   0.0000   0.0000   0.0000   0.0000  -0.0000   0.0000  -0.0000  -0.0000    0.265
   136   0.0000   3.1075   1.2172   0.0000  -0.0000   0.0000   0.0000   0.0000   0.0000  -0.0000  -0.0000    0.324
   137   0.0000   2.9218   1.1282   0.0000   0.0000   0.0000   0.0000   0.0000   0.0000  -0.0000  -0.0000    0.640
   138   0.0000   2.7397   1.0316   0.0000   0.0000   0.0000   0.0000  -0.0000   0.0000   0.0000  -0.0000    0.063
   139   0.0000   2.5631   0.9305   0.0000  -0.0000   0.0000   0.0000  -0.0000   0.0000   0.0000  -0.0000    0.106
   140   0.0000   2.3939   0.8277   0.0000   0.0000   0.0000   0.0000  -0.0000   0.0000  -0.0000  -0.0000    0.323
   141   0.0000   2.2337   0.7257   0.0000  -0.0000   0.0000   0.0000  -0.0000   0.0000  -0.0000  -0.0000    0.465
   142   0.0000   2.0844   0.6265   0.0000   0.0000   0.0000   0.0000  -0.0000   0.0000  -0.0000  -0.0000    0.515
   143   0.0000   1.9474   0.5319   0.0000   0.0000   0.0000   0.0000   0.0000   0.0000  -0.0000  -0.0000    0.601
   144   0.0000   1.8243   0.4429   0.0000  -0.0000   0.0000   0.0000   0.0000   0.0000  -0.0000  -0.0000    0.339
   145   0.0000   1.7162   0.3603   0.0000  -0.0000   0.0000   0.0000   0.0000   0.0000  -0.0000  -0.0000    0.539
   146   0.0000   1.6243   0.2840   0.0000  -0.0000   0.0000   0.0000   0.0000   0.0000  -0.0000  -0.0000    0.763
   147   0.0000   1.5496   0.2138   0.0000   0.0000   0.0000   0.0000  -0.0000   0.0000  -0.0000  -0.0000    0.863
   148   0.0000   1.4929   0.1487   0.0000  -0.0000   0.0000   0.0000   0.0000   0.0000  -0.0000  -0.0000    0.478
   149   0.0000   1.4548   0.0875   0.0000   0.0000   0.0000   0.0000  -0.0000   0.0000  -0.0000  -0.0000    0.613
   150   0.0000   1.4356   0.0289   0.0000   0.0000   0.0000   0.0000   0.0000   0.0000  -0.0000  -0.0000    0.616

  Surface # 6     fuselage_horizontal                     
     # Chordwise = 10   # Spanwise = 10     First strip =151
     Surface area =  123.841194       Ave. chord =   33.112621
     CLsurf  =  -0.00524     Clsurf  =  -0.00000
     CYsurf  =  -0.00000     Cmsurf  =  -0.00368
     CDsurf  =   0.00002     Cnsurf  =  -0.00000
     CDisurf =   0.00002     CDvsurf =   0.00000

  Forces referred to Ssurf, Cave about hinge axis thru LE
     CLsurf  =  -0.00528     CDsurf  =   0.00002
     Deflect =

 Strip Forces referred to Strip Area, Chord
    j      Yle    Chord     Area     c cl      ai      cl_norm  cl       cd       cdv    cm_c/4    cm_LE  C.P.x/c
   151  -1.6830  26.5957   9.9468  -0.1357  -0.0094  -0.0643  -0.0051  -0.0001   0.0000   0.0008   0.0003    0.411
   152  -1.3090  31.2096  11.6724  -0.1793  -0.0054  -0.0224  -0.0057  -0.0000   0.0000   0.0007   0.0005    0.379
   153  -0.9350  34.0626  12.7394  -0.1869   0.0088  -0.0134  -0.0055   0.0000   0.0000   0.0003   0.0006    0.314
   154  -0.5610  36.1619  13.5246  -0.1866   0.0167  -0.0087  -0.0052   0.0001   0.0000   0.0001   0.0006    0.266
   155  -0.1870  37.5332  14.0374  -0.1857   0.0201  -0.0057  -0.0049   0.0001   0.0000  -0.0000   0.0008    0.242
   156   0.1870  37.5332  14.0374  -0.1857   0.0201  -0.0057  -0.0049   0.0001   0.0000  -0.0000   0.0008    0.242
   157   0.5610  36.1619  13.5246  -0.1866   0.0167  -0.0087  -0.0052   0.0001   0.0000   0.0001   0.0006    0.266
   158   0.9350  34.0626  12.7394  -0.1869   0.0088  -0.0134  -0.0055   0.0000   0.0000   0.0003   0.0006    0.314
   159   1.3090  31.2096  11.6724  -0.1793  -0.0054  -0.0224  -0.0057  -0.0000   0.0000   0.0007   0.0005    0.379
   160   1.6830  26.5957   9.9468  -0.1357  -0.0094  -0.0643  -0.0051  -0.0001   0.0000   0.0008   0.0003    0.411

  Surface # 7     fuselage_vertical                       
     # Chordwise = 10   # Spanwise = 10     First strip =161
     Surface area =  123.841194       Ave. chord =   33.112621
     CLsurf  =  -0.00000     Clsurf  =  -0.00000
     CYsurf  =  -0.00000     Cmsurf  =   0.00000
     CDsurf  =   0.00000     Cnsurf  =  -0.00000
     CDisurf =   0.00000     CDvsurf =   0.00000

  Forces referred to Ssurf, Cave about hinge axis thru LE
     CLsurf  =   0.00000     CDsurf  =   0.00000
     Deflect =

 Strip Forces referred to Strip Area, Chord
    j      Yle    Chord     Area     c cl      ai      cl_norm  cl       cd       cdv    cm_c/4    cm_LE  C.P.x/c
   161   0.0000  26.5957   9.9468  -0.0000   0.0000  -0.0000  -0.0000   0.0000   0.0000   0.0000   0.0000    1.120
   162   0.0000  31.2096  11.6724  -0.0000   0.0000  -0.0000  -0.0000   0.0000   0.0000   0.0000   0.0000
   163   0.0000  34.0626  12.7394  -0.0000   0.0000  -0.0000  -0.0000  -0.0000   0.0000   0.0000   0.0000
   164   0.0000  36.1619  13.5246   0.0000  -0.0000   0.0000   0.0000   0.0000   0.0000  -0.0000  -0.0000    0.329
   165   0.0000  37.5332  14.0374   0.0000  -0.0000   0.0000   0.0000  -0.0000   0.0000  -0.0000  -0.0000    0.475
   166   0.0000  37.5332  14.0374   0.0000   0.0000   0.0000   0.0000   0.0000   0.0000  -0.0000  -0.0000    0.590
   167   0.0000  36.1619  13.5246   0.0000   0.0000   0.0000   0.0000   0.0000   0.0000   0.0000   0.0000   -0.440
   168   0.0000  34.0626  12.7394   0.0000   0.0000   0.0000   0.0000  -0.0000   0.0000   0.0000   0.0000
   169   0.0000  31.2096  11.6724   0.0000  -0.0000   0.0000   0.0000  -0.0000   0.0000   0.0000   0.0000   -0.058
   170   0.0000  26.5957   9.9468   0.0000   0.0000   0.0000   0.0000  -0.0000   0.0000   0.0000  -0.0000    0.192
 ---------------------------------------------------------------
