 ---------------------------------------------------------------
 Surface and Strip Forces by surface

  Forces referred to Sref, Cref, Bref about Xref, Yref, Zref
 Standard axis orientation,  X fwd, Z down         

  Surface # 1     main_wing                               
     # Chordwise = 10   # Spanwise = 30     First strip =  1
     Surface area =   63.793327       Ave. chord =    3.717556
     CLsurf  =  -2.43390     Clsurf  =   0.53212
     CYsurf  =   0.10233     Cmsurf  =   0.31010
     CDsurf  =   0.25661     Cnsurf  =   0.12944
     CDisurf =   0.25661     CDvsurf =   0.00000

  Forces referred to Ssurf, Cave about hinge axis thru LE
     CLsurf  =  -4.76408     CDsurf  =   0.50226
     Deflect =

 Strip Forces referred to Strip Area, Chord
    j      Yle    Chord     Area     c cl      ai      cl_norm  cl       cd       cdv    cm_c/4    cm_LE  C.P.x/c
     1   0.0123   7.7514   0.3815 -19.9237  -0.7509  -0.4498  -0.4497 -60.7717   0.0000   1.0048   1.6205
     2   0.1106   7.6828   1.1303 -22.1505  -0.6776  -2.6894  -2.6892  -5.6042   0.0000   1.0765   1.7679    0.650
     3   0.3062   7.5463   1.8369 -22.2703  -0.5592  -2.9091  -2.9088  -1.2642   0.0000   1.0718   1.7800    0.618
     4   0.5968   7.3435   2.4751 -21.9797  -0.4000  -2.9884  -2.9881  -0.1938   0.0000   1.0182   1.7376    0.591
     5   0.9793   7.0766   3.0215 -20.2517  -0.2007  -2.9094  -2.9091   1.3043   0.0000   0.8659   1.5555    0.548
     6   1.4496   6.7484   3.4567 -20.4585   0.0303  -3.0526  -3.0523   0.5402   0.0000   0.7036   1.4376    0.481
     7   1.9610   6.3915   3.2367 -19.7328   0.1346  -3.1184  -3.1181   0.8255   0.0000   0.4836   1.2349    0.405
     8   2.4995   6.0157   3.4229 -19.9436   0.0745  -3.3382  -3.3379   0.5908   0.0000   0.3632   1.1725    0.359
     9   3.0975   5.5984   3.5010 -19.8577  -0.0015  -3.5781  -3.5778   0.8191   0.0000   0.2546   1.1228    0.321
    10   3.7485   5.1441   3.4716 -20.3993  -0.0914  -3.9918  -3.9914   0.6717   0.0000   0.1724   1.1448    0.293
    11   4.4453   4.6578   3.3395 -20.3554  -0.1919  -4.4092  -4.4088   1.0301   0.0000   0.0790   1.1524    0.268
    12   5.1804   4.1448   3.1137 -20.7957  -0.2978  -5.0747  -5.0742   1.5422   0.0000   0.0260   1.2594    0.255
    13   6.0123   3.7903   3.4546 -21.0376  -0.3963  -5.6097  -5.6093   1.5923   0.0000  -0.0173   1.3680    0.247
    14   6.9353   3.6074   3.3620 -20.9492  -0.4344  -5.8628  -5.8624   1.4793   0.0000  -0.0237   1.4258    0.246
    15   7.8737   3.4215   3.2240 -20.5616  -0.4441  -6.0618  -6.0614   1.3820   0.0000  -0.0221   1.4779    0.246
    16   8.8173   3.2345   3.0478 -19.9542  -0.4326  -6.2187  -6.2183   1.3022   0.0000  -0.0191   1.5207    0.247
    17   9.7557   3.0486   2.8411 -19.1803  -0.4122  -6.3389  -6.3385   1.2341   0.0000  -0.0164   1.5539    0.247
    18  10.6786   2.8657   2.6118 -18.2799  -0.3915  -6.4242  -6.4238   1.1768   0.0000  -0.0148   1.5773    0.248
    19  11.5760   2.6879   2.3677 -17.2856  -0.3764  -6.4750  -6.4746   1.1371   0.0000  -0.0145   1.5907    0.248
    20  12.4467   2.5153   2.1582 -16.2113  -0.3681  -6.4882  -6.4878   1.1132   0.0000  -0.0159   1.5928    0.248
    21  13.2645   2.3533   1.8259 -15.0840  -0.3699  -6.4529  -6.4525   1.1111   0.0000  -0.0194   1.5805    0.247
    22  14.0130   2.2050   1.5853 -13.9164  -0.3835  -6.3552  -6.3548   1.1342   0.0000  -0.0257   1.5497    0.246
    23  14.7005   2.0687   1.3533 -12.6844  -0.4114  -6.1769  -6.1765   1.1836   0.0000  -0.0358   1.4946    0.244
    24  15.3195   1.9461   1.1330 -11.3648  -0.4562  -5.8876  -5.8872   1.2540   0.0000  -0.0515   1.4062    0.241
    25  15.8633   1.8383   0.9263  -9.9083  -0.5194  -5.4403  -5.4400   1.3416   0.0000  -0.0727   1.2727    0.237
    26  16.3259   1.7467   0.7336  -8.2698  -0.6009  -4.7885  -4.7882   1.4533   0.0000  -0.0982   1.0837    0.229
    27  16.6722   1.4928   0.4112  -6.4153  -0.5685  -4.3431  -4.3415   1.1843   0.0000  -0.1309   0.8816    0.220
    28  16.9098   1.1466   0.2281  -4.5719  -0.4932  -4.0157  -4.0142   0.7016   0.0000  -0.1670   0.7754    0.208
    29  17.0696   0.9137   0.1099  -2.7426  -0.4697  -3.0170  -3.0159   0.3591   0.0000  -0.1713   0.5411    0.193
    30  17.1499   0.7966   0.0321  -0.9161  -0.4807  -1.1535  -1.1531   0.0692   0.0000  -0.0833   0.1907    0.178

  Surface # 2     main_wing (YDUP)                        
     # Chordwise = 10   # Spanwise = 30     First strip = 31
     Surface area =   63.793327       Ave. chord =    3.717556
     CLsurf  =  -2.43388     Clsurf  =  -0.53212
     CYsurf  =  -0.10233     Cmsurf  =   0.31010
     CDsurf  =   0.25659     Cnsurf  =  -0.12944
     CDisurf =   0.25659     CDvsurf =   0.00000

  Forces referred to Ssurf, Cave about hinge axis thru LE
     CLsurf  =  -4.76404     CDsurf  =   0.50223
     Deflect =

 Strip Forces referred to Strip Area, Chord
    j      Yle    Chord     Area     c cl      ai      cl_norm  cl       cd       cdv    cm_c/4    cm_LE  C.P.x/c
    31  -0.0123   7.7514   0.3815 -19.9237  -0.7500  -0.4497  -0.4497 -60.7725   0.0000   1.0048  -1.6205
    32  -0.1106   7.6828   1.1303 -22.1504  -0.6774  -2.6894  -2.6892  -5.6045   0.0000   1.0765  -1.7679    0.650
    33  -0.3062   7.5463   1.8369 -22.2703  -0.5593  -2.9091  -2.9088  -1.2642   0.0000   1.0718  -1.7800    0.618
    34  -0.5968   7.3435   2.4751 -21.9796  -0.3999  -2.9884  -2.9881  -0.1939   0.0000   1.0182  -1.7376    0.591
    35  -0.9793   7.0766   3.0215 -20.2516  -0.2007  -2.9093  -2.9091   1.3043   0.0000   0.8659  -1.5555    0.548
    36  -1.4496   6.7484   3.4567 -20.4584   0.0303  -3.0526  -3.0523   0.5402   0.0000   0.7036  -1.4376    0.481
    37  -1.9610   6.3915   3.2367 -19.7327   0.1346  -3.1183  -3.1180   0.8255   0.0000   0.4835  -1.2349    0.405
    38  -2.4995   6.0157   3.4229 -19.9434   0.0745  -3.3382  -3.3379   0.5908   0.0000   0.3632  -1.1725    0.359
    39  -3.0975   5.5984   3.5010 -19.8576  -0.0015  -3.5781  -3.5778   0.8191   0.0000   0.2546  -1.1227    0.321
    40  -3.7485   5.1441   3.4716 -20.3991  -0.0914  -3.9918  -3.9914   0.6717   0.0000   0.1724  -1.1448    0.293
    41  -4.4453   4.6578   3.3395 -20.3552  -0.1919  -4.4092  -4.4088   1.0301   0.0000   0.0790  -1.1524    0.268
    42  -5.1804   4.1448   3.1137 -20.7955  -0.2978  -5.0747  -5.0742   1.5421   0.0000   0.0260  -1.2594    0.255
    43  -6.0123   3.7903   3.4546 -21.0374  -0.3963  -5.6096  -5.6093   1.5923   0.0000  -0.0173  -1.3680    0.247
    44  -6.9353   3.6074   3.3620 -20.9491  -0.4344  -5.8627  -5.8624   1.4792   0.0000  -0.0237  -1.4258    0.246
    45  -7.8737   3.4215   3.2240 -20.5614  -0.4441  -6.0618  -6.0614   1.3820   0.0000  -0.0221  -1.4779    0.246
    46  -8.8173   3.2345   3.0478 -19.9540  -0.4326  -6.2187  -6.2183   1.3021   0.0000  -0.0191  -1.5207    0.247
    47  -9.7557   3.0486   2.8411 -19.1802  -0.4122  -6.3388  -6.3384   1.2341   0.0000  -0.0164  -1.5539    0.247
    48 -10.6786   2.8657   2.6118 -18.2797  -0.3915  -6.4242  -6.4238   1.1768   0.0000  -0.0148  -1.5773    0.248
    49 -11.5760   2.6879   2.3677 -17.2855  -0.3764  -6.4749  -6.4745   1.1371   0.0000  -0.0145  -1.5907    0.248
    50 -12.4467   2.5153   2.1582 -16.2111  -0.3681  -6.4881  -6.4877   1.1132   0.0000  -0.0159  -1.5928    0.248
    51 -13.2645   2.3533   1.8259 -15.0839  -0.3699  -6.4528  -6.4524   1.1111   0.0000  -0.0194  -1.5805    0.247
    52 -14.0130   2.2050   1.5853 -13.9163  -0.3835  -6.3551  -6.3547   1.1341   0.0000  -0.0257  -1.5496    0.246
    53 -14.7005   2.0687   1.3533 -12.6842  -0.4114  -6.1768  -6.1764   1.1836   0.0000  -0.0358  -1.4946    0.244
    54 -15.3195   1.9461   1.1330 -11.3647  -0.4562  -5.8875  -5.8871   1.2539   0.0000  -0.0515  -1.4062    0.241
    55 -15.8633   1.8383   0.9263  -9.9082  -0.5194  -5.4403  -5.4399   1.3415   0.0000  -0.0727  -1.2727    0.237
    56 -16.3259   1.7467   0.7336  -8.2697  -0.6009  -4.7885  -4.7882   1.4533   0.0000  -0.0982  -1.0837    0.229
    57 -16.6722   1.4928   0.4112  -6.4152  -0.5685  -4.3431  -4.3415   1.1842   0.0000  -0.1309  -0.8816    0.220
    58 -16.9098   1.1466   0.2281  -4.5719  -0.4932  -4.0157  -4.0142   0.7016   0.0000  -0.1670  -0.7754    0.208
    59 -17.0696   0.9137   0.1099  -2.7426  -0.4697  -3.0170  -3.0159   0.3591   0.0000  -0.1713  -0.5411    0.193
    60 -17.1499   0.7966   0.0321  -0.9161  -0.4807  -1.1535  -1.1531   0.0692   0.0000  -0.0833  -0.1907    0.178

  Surface # 3     horizontal_stabilizer                   
     # Chordwise = 10   # Spanwise = 30     First strip = 61
     Surface area =   20.071465       Ave. chord =    2.826957
     CLsurf  =   0.17603     Clsurf  =  -0.01562
     CYsurf  =   0.00163     Cmsurf  =  -0.78532
     CDsurf  =  -0.03019     Cnsurf  =  -0.00438
     CDisurf =  -0.03019     CDvsurf =   0.00000

  Forces referred to Ssurf, Cave about hinge axis thru LE
     CLsurf  =   1.09503     CDsurf  =  -0.18778
     Deflect =

 Strip Forces referred to Strip Area, Chord
    j      Yle    Chord     Area     c cl      ai      cl_norm  cl       cd       cdv    cm_c/4    cm_LE  C.P.x/c
    61   0.0046   4.6976   0.0861   3.8606  -0.0626   0.8176   0.8174   0.1401   0.0000   0.0117  -0.1918    0.236
    62   0.0412   4.6783   0.2563   3.8162  -0.0645   0.8187   0.8186  -0.0670   0.0000   0.0110  -0.1910    0.237
    63   0.1140   4.6399   0.4206   3.8102  -0.0671   0.8247   0.8245  -0.0809   0.0000   0.0113  -0.1921    0.236
    64   0.2222   4.5828   0.5752   3.8064  -0.0692   0.8343   0.8342  -0.0892   0.0000   0.0117  -0.1939    0.236
    65   0.3647   4.5076   0.7167   3.7992  -0.0702   0.8468   0.8467  -0.0945   0.0000   0.0122  -0.1965    0.236
    66   0.5398   4.4152   0.8422   3.7891  -0.0698   0.8624   0.8622  -0.1012   0.0000   0.0127  -0.1998    0.235
    67   0.7511   4.3037   0.9974   3.7749  -0.0676   0.8816   0.8814  -0.1082   0.0000   0.0133  -0.2039    0.235
    68   0.9975   4.1737   1.0868   3.7522  -0.0647   0.9037   0.9036  -0.1148   0.0000   0.0138  -0.2088    0.235
    69   1.2712   4.0293   1.1531   3.7260  -0.0639   0.9297   0.9296  -0.1229   0.0000   0.0144  -0.2146    0.235
    70   1.5691   3.8721   1.1959   3.6950  -0.0690   0.9595   0.9593  -0.1281   0.0000   0.0150  -0.2213    0.234
    71   1.8880   3.7039   1.2153   3.6563  -0.0807   0.9928   0.9926  -0.1403   0.0000   0.0157  -0.2288    0.234
    72   2.2244   3.5264   1.2123   3.6088  -0.0933   1.0297   1.0295  -0.1584   0.0000   0.0162  -0.2372    0.234
    73   2.5747   3.3416   1.1886   3.5615  -0.1004   1.0721   1.0720  -0.1586   0.0000   0.0172  -0.2467    0.234
    74   2.9349   3.1516   1.1463   3.4995  -0.1017   1.1175   1.1174  -0.1809   0.0000   0.0181  -0.2569    0.234
    75   3.3011   2.9584   1.0879   3.4286  -0.1006   1.1669   1.1667  -0.2017   0.0000   0.0191  -0.2679    0.234
    76   3.6693   2.7641   1.0165   3.3498  -0.0994   1.2203   1.2201  -0.2123   0.0000   0.0204  -0.2797    0.233
    77   4.0356   2.5709   0.9351   3.2510  -0.0991   1.2739   1.2737  -0.2413   0.0000   0.0215  -0.2916    0.233
    78   4.3958   2.3808   0.8469   3.1298  -0.1000   1.3259   1.3257  -0.2956   0.0000   0.0223  -0.3032    0.233
    79   4.7460   2.1961   0.7550   3.0047  -0.1019   1.3799   1.3797  -0.3040   0.0000   0.0239  -0.3149    0.233
    80   5.0824   2.0186   0.6623   2.8499  -0.1046   1.4241   1.4238  -0.3189   0.0000   0.0251  -0.3246    0.232
    81   5.4013   1.8503   0.5714   2.6751  -0.1077   1.4587   1.4585  -0.3386   0.0000   0.0263  -0.3317    0.232
    82   5.6992   1.6931   0.4845   2.4825  -0.1105   1.4798   1.4796  -0.3583   0.0000   0.0280  -0.3351    0.231
    83   5.9729   1.5487   0.4033   2.2684  -0.1121   1.4789   1.4787  -0.3756   0.0000   0.0299  -0.3329    0.230
    84   6.2193   1.4187   0.3288   2.0415  -0.1117   1.4527   1.4525  -0.3634   0.0000   0.0328  -0.3236    0.227
    85   6.4358   1.3045   0.2616   1.7978  -0.1088   1.3919   1.3916  -0.3637   0.0000   0.0363  -0.3051    0.224
    86   6.6379   1.1979   0.2413   1.5308  -0.1024   1.2898   1.2896  -0.3126   0.0000   0.0411  -0.2756    0.218
    87   6.8184   1.1027   0.1754   1.2222  -0.0926   1.1187   1.1185  -0.2694   0.0000   0.0451  -0.2297    0.210
    88   6.9555   1.0303   0.1183   0.8927  -0.0808   0.8738   0.8737  -0.1922   0.0000   0.0449  -0.1700    0.199
    89   7.0478   0.9816   0.0681   0.5444  -0.0691   0.5592   0.5591  -0.1215   0.0000   0.0354  -0.1022    0.187
    90   7.0942   0.9572   0.0222   0.1830  -0.0601   0.1927   0.1926  -0.0387   0.0000   0.0139  -0.0335    0.178

  Surface # 4     horizontal_stabilizer (YDUP)            
     # Chordwise = 10   # Spanwise = 30     First strip = 91
     Surface area =   20.071465       Ave. chord =    2.826957
     CLsurf  =   0.17603     Clsurf  =   0.01562
     CYsurf  =  -0.00163     Cmsurf  =  -0.78530
     CDsurf  =  -0.03018     Cnsurf  =   0.00438
     CDisurf =  -0.03018     CDvsurf =   0.00000

  Forces referred to Ssurf, Cave about hinge axis thru LE
     CLsurf  =   1.09501     CDsurf  =  -0.18778
     Deflect =

 Strip Forces referred to Strip Area, Chord
    j      Yle    Chord     Area     c cl      ai      cl_norm  cl       cd       cdv    cm_c/4    cm_LE  C.P.x/c
    91  -0.0046   4.6976   0.0861   3.8606  -0.0625   0.8176   0.8174   0.1400   0.0000   0.0117   0.1918    0.236
    92  -0.0412   4.6783   0.2563   3.8162  -0.0645   0.8187   0.8186  -0.0670   0.0000   0.0110   0.1910    0.237
    93  -0.1140   4.6399   0.4206   3.8102  -0.0671   0.8247   0.8245  -0.0809   0.0000   0.0113   0.1921    0.236
    94  -0.2222   4.5828   0.5752   3.8063  -0.0692   0.8343   0.8342  -0.0892   0.0000   0.0117   0.1939    0.236
    95  -0.3647   4.5076   0.7167   3.7992  -0.0702   0.8468   0.8466  -0.0945   0.0000   0.0122   0.1965    0.236
    96  -0.5398   4.4152   0.8422   3.7890  -0.0698   0.8624   0.8622  -0.1012   0.0000   0.0127   0.1998    0.235
    97  -0.7511   4.3037   0.9974   3.7748  -0.0676   0.8816   0.8814  -0.1082   0.0000   0.0133   0.2039    0.235
    98  -0.9975   4.1737   1.0868   3.7521  -0.0647   0.9037   0.9036  -0.1148   0.0000   0.0138   0.2088    0.235
    99  -1.2712   4.0293   1.1531   3.7259  -0.0639   0.9297   0.9296  -0.1229   0.0000   0.0144   0.2146    0.235
   100  -1.5691   3.8721   1.1959   3.6950  -0.0690   0.9594   0.9593  -0.1281   0.0000   0.0150   0.2213    0.234
   101  -1.8880   3.7039   1.2153   3.6562  -0.0807   0.9928   0.9926  -0.1403   0.0000   0.0157   0.2288    0.234
   102  -2.2244   3.5264   1.2123   3.6087  -0.0933   1.0297   1.0295  -0.1584   0.0000   0.0162   0.2372    0.234
   103  -2.5747   3.3416   1.1886   3.5614  -0.1004   1.0721   1.0720  -0.1586   0.0000   0.0172   0.2467    0.234
   104  -2.9349   3.1516   1.1463   3.4994  -0.1017   1.1175   1.1173  -0.1809   0.0000   0.0181   0.2569    0.234
   105  -3.3011   2.9584   1.0879   3.4285  -0.1006   1.1669   1.1667  -0.2017   0.0000   0.0191   0.2679    0.234
   106  -3.6693   2.7641   1.0165   3.3497  -0.0994   1.2202   1.2200  -0.2123   0.0000   0.0204   0.2797    0.233
   107  -4.0356   2.5709   0.9351   3.2509  -0.0991   1.2739   1.2737  -0.2413   0.0000   0.0215   0.2916    0.233
   108  -4.3958   2.3808   0.8469   3.1297  -0.1000   1.3259   1.3257  -0.2956   0.0000   0.0223   0.3032    0.233
   109  -4.7460   2.1961   0.7550   3.0047  -0.1019   1.3799   1.3797  -0.3040   0.0000   0.0239   0.3149    0.233
   110  -5.0824   2.0186   0.6623   2.8498  -0.1046   1.4240   1.4238  -0.3189   0.0000   0.0251   0.3246    0.232
   111  -5.4013   1.8503   0.5714   2.6751  -0.1077   1.4587   1.4584  -0.3386   0.0000   0.0263   0.3317    0.232
   112  -5.6992   1.6931   0.4845   2.4824  -0.1105   1.4798   1.4796  -0.3583   0.0000   0.0280   0.3351    0.231
   113  -5.9729   1.5487   0.4033   2.2683  -0.1121   1.4788   1.4786  -0.3755   0.0000   0.0299   0.3329    0.230
   114  -6.2193   1.4187   0.3288   2.0414  -0.1117   1.4527   1.4525  -0.3634   0.0000   0.0328   0.3236    0.227
   115  -6.4358   1.3045   0.2616   1.7977  -0.1088   1.3918   1.3916  -0.3636   0.0000   0.0363   0.3051    0.224
   116  -6.6379   1.1979   0.2413   1.5308  -0.1024   1.2898   1.2896  -0.3126   0.0000   0.0411   0.2756    0.218
   117  -6.8184   1.1027   0.1754   1.2222  -0.0926   1.1186   1.1185  -0.2694   0.0000   0.0451   0.2297    0.210
   118  -6.9555   1.0303   0.1183   0.8927  -0.0808   0.8738   0.8737  -0.1922   0.0000   0.0449   0.1700    0.199
   119  -7.0478   0.9816   0.0681   0.5444  -0.0690   0.5592   0.5591  -0.1214   0.0000   0.0354   0.1022    0.187
   120  -7.0942   0.9572   0.0222   0.1830  -0.0601   0.1927   0.1926  -0.0387   0.0000   0.0139   0.0335    0.178

  Surface # 5     vertical_stabilizer                     
     # Chordwise = 10   # Spanwise = 30     First strip =121
     Surface area =   27.880133       Ave. chord =    3.584947
     CLsurf  =   0.00000     Clsurf  =  -0.00000
     CYsurf  =  -0.00000     Cmsurf  =  -0.00000
     CDsurf  =  -0.00000     Cnsurf  =   0.00000
     CDisurf =  -0.00000     CDvsurf =   0.00000

  Forces referred to Ssurf, Cave about hinge axis thru LE
     CLsurf  =   0.00000     CDsurf  =  -0.00000
     Deflect =

 Strip Forces referred to Strip Area, Chord
    j      Yle    Chord     Area     c cl      ai      cl_norm  cl       cd       cdv    cm_c/4    cm_LE  C.P.x/c
   121   0.0000   8.1257   0.4979   0.0000  -0.0000   0.0000   0.0000  -0.0000   0.0000   0.0000   0.0000   -0.262
   122   0.0000   7.9240   0.7939   0.0000   0.0000   0.0000   0.0000  -0.0000   0.0000   0.0000   0.0000   -0.297
   123   0.0000   7.6259   1.0550   0.0000   0.0000   0.0000   0.0000  -0.0000   0.0000   0.0000   0.0000   -0.385
   124   0.0000   7.2338   1.2682   0.0000  -0.0000   0.0000   0.0000  -0.0000   0.0000   0.0000   0.0000   -0.336
   125   0.0000   6.7513   1.4226   0.0000  -0.0000   0.0000   0.0000  -0.0000   0.0000   0.0000   0.0000   -0.250
   126   0.0000   6.1827   1.5094   0.0000  -0.0000   0.0000   0.0000  -0.0000   0.0000   0.0000   0.0000   -0.201
   127   0.0000   5.5336   1.5228   0.0000  -0.0000   0.0000   0.0000  -0.0000   0.0000   0.0000   0.0000   -0.098
   128   0.0000   4.8100   1.4602   0.0000  -0.0000   0.0000   0.0000  -0.0000   0.0000   0.0000  -0.0000   -0.007
   129   0.0000   4.3478   1.3898   0.0000  -0.0000   0.0000   0.0000  -0.0000   0.0000   0.0000  -0.0000    0.028
   130   0.0000   4.1900   1.4293   0.0000  -0.0000   0.0000   0.0000  -0.0000   0.0000   0.0000  -0.0000    0.069
   131   0.0000   4.0228   1.4447   0.0000  -0.0000   0.0000   0.0000  -0.0000   0.0000   0.0000  -0.0000    0.117
   132   0.0000   3.8479   1.4371   0.0000  -0.0000   0.0000   0.0000  -0.0000   0.0000   0.0000  -0.0000    0.153
   133   0.0000   3.6670   1.4082   0.0000  -0.0000   0.0000   0.0000  -0.0000   0.0000   0.0000  -0.0000    0.168
   134   0.0000   3.4821   1.3602   0.0000  -0.0000   0.0000   0.0000  -0.0000   0.0000   0.0000  -0.0000    0.189
   135   0.0000   3.2949   1.2955   0.0000  -0.0000   0.0000   0.0000  -0.0000   0.0000   0.0000  -0.0000    0.206
   136   0.0000   3.1075   1.2172   0.0000  -0.0000   0.0000   0.0000  -0.0000   0.0000   0.0000  -0.0000    0.210
   137   0.0000   2.9218   1.1282   0.0000  -0.0000   0.0000   0.0000  -0.0000   0.0000   0.0000  -0.0000    0.217
   138   0.0000   2.7397   1.0316   0.0000  -0.0000   0.0000   0.0000  -0.0000   0.0000   0.0000  -0.0000    0.231
   139   0.0000   2.5631   0.9305   0.0000  -0.0000   0.0000   0.0000  -0.0000   0.0000   0.0000  -0.0000    0.234
   140   0.0000   2.3939   0.8277   0.0000  -0.0000   0.0000   0.0000  -0.0000   0.0000   0.0000  -0.0000    0.239
   141   0.0000   2.2338   0.7257   0.0000  -0.0000   0.0000   0.0000  -0.0000   0.0000   0.0000  -0.0000    0.237
   142   0.0000   2.0845   0.6265   0.0000  -0.0000   0.0000   0.0000  -0.0000   0.0000   0.0000  -0.0000    0.241
   143   0.0000   1.9475   0.5319   0.0000  -0.0000   0.0000   0.0000  -0.0000   0.0000   0.0000  -0.0000    0.238
   144   0.0000   1.8243   0.4429   0.0000  -0.0000   0.0000   0.0000  -0.0000   0.0000   0.0000  -0.0000    0.240
   145   0.0000   1.7162   0.3603   0.0000  -0.0000   0.0000   0.0000  -0.0000   0.0000   0.0000  -0.0000    0.234
   146   0.0000   1.6244   0.2840   0.0000  -0.0000   0.0000   0.0000  -0.0000   0.0000   0.0000  -0.0000    0.224
   147   0.0000   1.5497   0.2138   0.0000  -0.0000   0.0000   0.0000  -0.0000   0.0000   0.0000  -0.0000    0.213
   148   0.0000   1.4930   0.1487   0.0000  -0.0000   0.0000   0.0000  -0.0000   0.0000   0.0000  -0.0000    0.208
   149   0.0000   1.4548   0.0875   0.0000  -0.0000   0.0000   0.0000  -0.0000   0.0000   0.0000  -0.0000    0.206
   150   0.0000   1.4357   0.0289   0.0000  -0.0000   0.0000   0.0000  -0.0000   0.0000   0.0000  -0.0000    0.195

  Surface # 6     fuselage_horizontal                     
     # Chordwise = 10   # Spanwise = 10     First strip =151
     Surface area =  123.841209       Ave. chord =   33.112621
     CLsurf  =   0.01161     Clsurf  =  -0.00000
     CYsurf  =  -0.00000     Cmsurf  =  -0.05450
     CDsurf  =  -0.01698     Cnsurf  =   0.00000
     CDisurf =  -0.01698     CDvsurf =   0.00000

  Forces referred to Ssurf, Cave about hinge axis thru LE
     CLsurf  =   0.01171     CDsurf  =  -0.01712
     Deflect =

 Strip Forces referred to Strip Area, Chord
    j      Yle    Chord     Area     c cl      ai      cl_norm  cl       cd       cdv    cm_c/4    cm_LE  C.P.x/c
   151  -1.6830  26.5957   9.9468   0.3955   0.2788   0.1805   0.0145   0.0103   0.0000  -0.0123  -0.0022    1.098
   152  -1.3090  31.2096  11.6724   0.4545   0.1148   0.0567   0.0146  -0.0004   0.0000  -0.0117  -0.0038    1.052
   153  -0.9350  34.0626  12.7394   0.3803  -0.0722   0.0283   0.0116  -0.0120   0.0000  -0.0088  -0.0039    1.005
   154  -0.5610  36.1619  13.5246   0.3218  -0.1526   0.0165   0.0098  -0.0262   0.0000  -0.0066  -0.0039    0.920
   155  -0.1870  37.5333  14.0374   0.2866  -0.1856   0.0108   0.0093  -0.0464   0.0000  -0.0051  -0.0048    0.799
   156   0.1870  37.5333  14.0374   0.2866  -0.1856   0.0108   0.0093  -0.0464   0.0000  -0.0051  -0.0048    0.799
   157   0.5610  36.1619  13.5246   0.3218  -0.1526   0.0165   0.0098  -0.0262   0.0000  -0.0066  -0.0039    0.920
   158   0.9350  34.0626  12.7394   0.3803  -0.0723   0.0283   0.0116  -0.0120   0.0000  -0.0088  -0.0039    1.005
   159   1.3090  31.2096  11.6724   0.4545   0.1148   0.0567   0.0146  -0.0004   0.0000  -0.0117  -0.0038    1.052
   160   1.6830  26.5957   9.9468   0.3955   0.2788   0.1805   0.0145   0.0103   0.0000  -0.0123  -0.0022    1.098

  Surface # 7     fuselage_vertical                       
     # Chordwise = 10   # Spanwise = 10     First strip =161
     Surface area =  123.841209       Ave. chord =   33.112621
     CLsurf  =  -0.00000     Clsurf  =  -0.00000
     CYsurf  =  -0.00000     Cmsurf  =   0.00000
     CDsurf  =  -0.00000     Cnsurf  =   0.00000
     CDisurf =  -0.00000     CDvsurf =   0.00000

  Forces referred to Ssurf, Cave about hinge axis thru LE
     CLsurf  =   0.00000     CDsurf  =  -0.00000
     Deflect =

 Strip Forces referred to Strip Area, Chord
    j      Yle    Chord     Area     c cl      ai      cl_norm  cl       cd       cdv    cm_c/4    cm_LE  C.P.x/c
   161   0.0000  26.5957   9.9468   0.0000   0.0000   0.0000   0.0000   0.0000   0.0000   0.0000   0.0000   -0.137
   162   0.0000  31.2096  11.6724   0.0000   0.0001   0.0000   0.0000   0.0000   0.0000  -0.0000  -0.0000    0.472
   163   0.0000  34.0626  12.7394   0.0000  -0.0000   0.0000   0.0000  -0.0000   0.0000  -0.0000  -0.0000    0.529
   164   0.0000  36.1619  13.5246   0.0000  -0.0000   0.0000   0.0000  -0.0000   0.0000  -0.0000  -0.0000    0.545
   165   0.0000  37.5333  14.0374   0.0000  -0.0000   0.0000   0.0000  -0.0000   0.0000  -0.0000  -0.0000    0.570
   166   0.0000  37.5333  14.0374   0.0000  -0.0000   0.0000   0.0000  -0.0000   0.0000  -0.0000  -0.0000    0.616
   167   0.0000  36.1619  13.5246   0.0000  -0.0000   0.0000   0.0000  -0.0000   0.0000  -0.0000  -0.0000    0.626
   168   0.0000  34.0626  12.7394   0.0000  -0.0000   0.0000   0.0000  -0.0000   0.0000  -0.0000  -0.0000    0.619
   169   0.0000  31.2096  11.6724   0.0000   0.0000   0.0000   0.0000  -0.0000   0.0000  -0.0000  -0.0000    0.582
   170   0.0000  26.5957   9.9468   0.0000  -0.0000   0.0000   0.0000  -0.0000   0.0000  -0.0000  -0.0000    0.580
 ---------------------------------------------------------------
