 ---------------------------------------------------------------
 Surface and Strip Forces by surface

  Forces referred to Sref, Cref, Bref about Xref, Yref, Zref
 Standard axis orientation,  X fwd, Z down         

  Surface # 1     main_wing                               
     # Chordwise = 10   # Spanwise = 30     First strip =  1
     Surface area =   63.968842       Ave. chord =    3.715026
     CLsurf  =   0.09561     Clsurf  =  -0.01547
     CYsurf  =  -0.00649     Cmsurf  =  -0.07612
     CDsurf  =   0.00125     Cnsurf  =   0.00072
     CDisurf =   0.00125     CDvsurf =   0.00000

  Forces referred to Ssurf, Cave about hinge axis thru LE
     CLsurf  =   0.18706     CDsurf  =   0.00245
     Deflect =

 Strip Forces referred to Strip Area, Chord
    j      Yle    Chord     Area     c cl      ai      cl_norm  cl       cd       cdv    cm_c/4    cm_LE  C.P.x/c
     1   0.0114   7.7520   0.3539   1.6401   0.0482   0.2728   0.2116   0.0771   0.0000  -0.0122  -0.0530    0.308
     2   0.1025   7.6885   1.0491   1.5883   0.0476   0.2663   0.2066   0.0170   0.0000  -0.0121  -0.0520    0.309
     3   0.2837   7.5620   1.7073   1.5807   0.0463   0.2695   0.2090   0.0130   0.0000  -0.0114  -0.0519    0.304
     4   0.5530   7.3741   2.3052   1.5685   0.0439   0.2742   0.2127   0.0112   0.0000  -0.0103  -0.0517    0.298
     5   0.9075   7.1267   2.8223   1.5449   0.0408   0.2795   0.2168   0.0099   0.0000  -0.0092  -0.0517    0.292
     6   1.3432   6.8226   3.2414   1.5044   0.0385   0.2843   0.2205   0.0082   0.0000  -0.0083  -0.0517    0.288
     7   1.8554   6.4651   3.5491   1.4433   0.0404   0.2878   0.2232   0.0059   0.0000  -0.0078  -0.0519    0.285
     8   2.4386   6.0582   3.7368   1.3593   0.0405   0.2893   0.2244   0.0048   0.0000  -0.0078  -0.0521    0.285
     9   3.0862   5.6062   3.8005   1.2519   0.0317   0.2879   0.2233   0.0028   0.0000  -0.0083  -0.0523    0.287
    10   3.7613   5.1351   3.4440   1.1301   0.0215   0.2838   0.2201   0.0012   0.0000  -0.0090  -0.0522    0.291
    11   4.4532   4.6522   3.3149   1.0046   0.0119   0.2784   0.2159  -0.0005   0.0000  -0.0095  -0.0517    0.294
    12   5.1831   4.1429   3.0930   0.8678  -0.0006   0.2701   0.2095  -0.0020   0.0000  -0.0106  -0.0513    0.300
    13   6.0123   3.7903   3.4706   0.7465  -0.0074   0.2399   0.1970  -0.0024   0.0000  -0.0112  -0.0537    0.307
    14   6.9353   3.6075   3.3775   0.6583  -0.0046   0.2222   0.1825  -0.0018   0.0000  -0.0120  -0.0512    0.316
    15   7.8737   3.4215   3.2389   0.5866  -0.0027   0.2088   0.1714  -0.0015   0.0000  -0.0129  -0.0495    0.325
    16   8.8172   3.2345   3.0619   0.5258  -0.0016   0.1980   0.1626  -0.0013   0.0000  -0.0139  -0.0485    0.336
    17   9.7556   3.0486   2.8543   0.4732  -0.0012   0.1890   0.1552  -0.0011   0.0000  -0.0152  -0.0480    0.348
    18  10.6786   2.8657   2.6239   0.4272  -0.0010   0.1816   0.1491  -0.0010   0.0000  -0.0166  -0.0479    0.361
    19  11.5760   2.6879   2.3787   0.3871  -0.0010   0.1754   0.1440  -0.0010   0.0000  -0.0180  -0.0480    0.375
    20  12.4328   2.5181   2.1010   0.3535  -0.0005   0.1710   0.1404  -0.0009   0.0000  -0.0189  -0.0480    0.385
    21  13.2400   2.3582   1.8520   0.3254   0.0007   0.1681   0.1380  -0.0007   0.0000  -0.0192  -0.0477    0.389
    22  13.9941   2.2087   1.6074   0.3002   0.0022   0.1655   0.1359  -0.0006   0.0000  -0.0192  -0.0472    0.391
    23  14.6868   2.0715   1.3716   0.2762   0.0040   0.1624   0.1333  -0.0005   0.0000  -0.0190  -0.0465    0.393
    24  15.3105   1.9479   1.1479   0.2516   0.0063   0.1573   0.1292  -0.0004   0.0000  -0.0186  -0.0452    0.394
    25  15.8583   1.8393   0.9381   0.2243   0.0091   0.1485   0.1219  -0.0002   0.0000  -0.0178  -0.0429    0.396
    26  16.3244   1.7470   0.7427   0.1918   0.0121   0.1337   0.1098  -0.0001   0.0000  -0.0167  -0.0392    0.402
    27  16.6722   1.4928   0.4131   0.1547   0.0146   0.3458   0.1036  -0.0005   0.0000  -0.0139  -0.0186    0.384
    28  16.9098   1.1466   0.2292   0.1156   0.0179   0.3366   0.1008  -0.0013   0.0000  -0.0091  -0.0160    0.340
    29  17.0696   0.9138   0.1104   0.0720   0.0209   0.2630   0.0788  -0.0017   0.0000  -0.0031  -0.0107    0.289
    30  17.1499   0.7967   0.0322   0.0245   0.0226   0.1026   0.0307  -0.0013   0.0000  -0.0000  -0.0036    0.251

  Surface # 2     main_wing (YDUP)                        
     # Chordwise = 10   # Spanwise = 30     First strip = 31
     Surface area =   63.968842       Ave. chord =    3.715026
     CLsurf  =   0.09561     Clsurf  =   0.01547
     CYsurf  =   0.00649     Cmsurf  =  -0.07612
     CDsurf  =   0.00125     Cnsurf  =  -0.00072
     CDisurf =   0.00125     CDvsurf =   0.00000

  Forces referred to Ssurf, Cave about hinge axis thru LE
     CLsurf  =   0.18706     CDsurf  =   0.00245
     Deflect =

 Strip Forces referred to Strip Area, Chord
    j      Yle    Chord     Area     c cl      ai      cl_norm  cl       cd       cdv    cm_c/4    cm_LE  C.P.x/c
    31  -0.0114   7.7520   0.3539   1.6401   0.0482   0.2728   0.2116   0.0771   0.0000  -0.0122   0.0530    0.308
    32  -0.1025   7.6885   1.0491   1.5883   0.0476   0.2663   0.2066   0.0170   0.0000  -0.0121   0.0520    0.309
    33  -0.2837   7.5620   1.7073   1.5807   0.0463   0.2695   0.2090   0.0130   0.0000  -0.0114   0.0519    0.304
    34  -0.5530   7.3741   2.3052   1.5685   0.0439   0.2742   0.2127   0.0112   0.0000  -0.0103   0.0517    0.298
    35  -0.9075   7.1267   2.8223   1.5449   0.0408   0.2795   0.2168   0.0099   0.0000  -0.0092   0.0517    0.292
    36  -1.3432   6.8226   3.2414   1.5044   0.0385   0.2843   0.2205   0.0082   0.0000  -0.0083   0.0517    0.288
    37  -1.8554   6.4651   3.5491   1.4433   0.0404   0.2878   0.2232   0.0059   0.0000  -0.0078   0.0519    0.285
    38  -2.4386   6.0582   3.7368   1.3593   0.0405   0.2893   0.2244   0.0048   0.0000  -0.0078   0.0521    0.285
    39  -3.0862   5.6062   3.8005   1.2519   0.0317   0.2879   0.2233   0.0028   0.0000  -0.0083   0.0523    0.287
    40  -3.7613   5.1351   3.4440   1.1301   0.0215   0.2838   0.2201   0.0012   0.0000  -0.0090   0.0522    0.291
    41  -4.4532   4.6522   3.3149   1.0046   0.0119   0.2784   0.2159  -0.0005   0.0000  -0.0095   0.0517    0.294
    42  -5.1831   4.1429   3.0930   0.8678  -0.0006   0.2701   0.2095  -0.0020   0.0000  -0.0106   0.0513    0.300
    43  -6.0123   3.7903   3.4706   0.7465  -0.0074   0.2399   0.1970  -0.0024   0.0000  -0.0112   0.0537    0.307
    44  -6.9353   3.6075   3.3775   0.6583  -0.0046   0.2222   0.1825  -0.0018   0.0000  -0.0120   0.0512    0.316
    45  -7.8737   3.4215   3.2389   0.5866  -0.0027   0.2088   0.1714  -0.0015   0.0000  -0.0129   0.0495    0.325
    46  -8.8172   3.2345   3.0619   0.5258  -0.0016   0.1980   0.1626  -0.0013   0.0000  -0.0139   0.0485    0.336
    47  -9.7556   3.0486   2.8543   0.4732  -0.0012   0.1890   0.1552  -0.0011   0.0000  -0.0152   0.0480    0.348
    48 -10.6786   2.8657   2.6239   0.4272  -0.0010   0.1816   0.1491  -0.0010   0.0000  -0.0166   0.0479    0.361
    49 -11.5760   2.6879   2.3787   0.3871  -0.0010   0.1754   0.1440  -0.0010   0.0000  -0.0180   0.0480    0.375
    50 -12.4328   2.5181   2.1010   0.3535  -0.0005   0.1710   0.1404  -0.0009   0.0000  -0.0189   0.0480    0.385
    51 -13.2400   2.3582   1.8520   0.3254   0.0007   0.1681   0.1380  -0.0007   0.0000  -0.0192   0.0477    0.389
    52 -13.9941   2.2087   1.6074   0.3002   0.0022   0.1655   0.1359  -0.0006   0.0000  -0.0192   0.0472    0.391
    53 -14.6868   2.0715   1.3716   0.2762   0.0040   0.1624   0.1333  -0.0005   0.0000  -0.0190   0.0465    0.393
    54 -15.3105   1.9479   1.1479   0.2516   0.0063   0.1573   0.1292  -0.0004   0.0000  -0.0186   0.0452    0.394
    55 -15.8583   1.8393   0.9381   0.2243   0.0091   0.1485   0.1219  -0.0002   0.0000  -0.0178   0.0429    0.396
    56 -16.3244   1.7470   0.7427   0.1918   0.0121   0.1337   0.1098  -0.0001   0.0000  -0.0167   0.0392    0.402
    57 -16.6722   1.4928   0.4131   0.1547   0.0146   0.3458   0.1036  -0.0005   0.0000  -0.0139   0.0186    0.384
    58 -16.9098   1.1466   0.2292   0.1156   0.0179   0.3366   0.1008  -0.0013   0.0000  -0.0091   0.0160    0.340
    59 -17.0696   0.9138   0.1104   0.0720   0.0209   0.2630   0.0788  -0.0017   0.0000  -0.0031   0.0107    0.289
    60 -17.1499   0.7967   0.0322   0.0245   0.0226   0.1026   0.0307  -0.0013   0.0000  -0.0000   0.0036    0.251

  Surface # 3     horizontal_stabilizer                   
     # Chordwise = 10   # Spanwise = 30     First strip = 61
     Surface area =   20.744604       Ave. chord =    2.848572
     CLsurf  =  -0.01300     Clsurf  =   0.00119
     CYsurf  =   0.00209     Cmsurf  =   0.06213
     CDsurf  =  -0.00019     Cnsurf  =  -0.00125
     CDisurf =  -0.00019     CDvsurf =   0.00000

  Forces referred to Ssurf, Cave about hinge axis thru LE
     CLsurf  =  -0.07926     CDsurf  =  -0.00113
     Deflect =

 Strip Forces referred to Strip Area, Chord
    j      Yle    Chord     Area     c cl      ai      cl_norm  cl       cd       cdv    cm_c/4    cm_LE  C.P.x/c
    61   0.0047   4.2713   0.0803  -0.3157   0.0113  -0.0953  -0.0739   0.0132   0.0000   0.0035   0.0186    0.298
    62   0.0418   4.2566   0.2392  -0.3359   0.0111  -0.1018  -0.0789   0.0003   0.0000   0.0033   0.0195    0.292
    63   0.1156   4.2274   0.3930  -0.3375   0.0108  -0.1030  -0.0798  -0.0005   0.0000   0.0031   0.0195    0.289
    64   0.2254   4.1839   0.5386  -0.3378   0.0104  -0.1042  -0.0807  -0.0008   0.0000   0.0027   0.0193    0.283
    65   0.3698   4.1268   0.6730  -0.3376   0.0101  -0.1055  -0.0818  -0.0009   0.0000   0.0021   0.0191    0.276
    66   0.5474   4.0565   0.7936  -0.3368   0.0099  -0.1071  -0.0830  -0.0010   0.0000   0.0016   0.0188    0.269
    67   0.7617   3.9717   0.9441  -0.3352   0.0097  -0.1088  -0.0844  -0.0012   0.0000   0.0010   0.0187    0.262
    68   1.0116   3.8728   1.0344  -0.3323   0.0098  -0.1107  -0.0858  -0.0013   0.0000   0.0005   0.0185    0.256
    69   1.2891   3.7630   1.1046  -0.3277   0.0101  -0.1123  -0.0871  -0.0014   0.0000   0.0001   0.0185    0.251
    70   1.5912   3.6435   1.1542  -0.3212   0.0105  -0.1137  -0.0882  -0.0015   0.0000  -0.0002   0.0184    0.247
    71   1.9146   3.5155   1.1831  -0.3125   0.0110  -0.1147  -0.0889  -0.0015   0.0000  -0.0005   0.0183    0.244
    72   2.2558   3.3805   1.1921  -0.3015   0.0112  -0.1151  -0.0892  -0.0016   0.0000  -0.0007   0.0182    0.242
    73   2.6109   3.2400   1.1821  -0.2882   0.0111  -0.1147  -0.0890  -0.0016   0.0000  -0.0008   0.0181    0.240
    74   2.9762   3.0955   1.1548  -0.2728   0.0106  -0.1137  -0.0881  -0.0015   0.0000  -0.0009   0.0178    0.240
    75   3.3476   2.9485   1.1122  -0.2557   0.0099  -0.1118  -0.0867  -0.0015   0.0000  -0.0010   0.0175    0.239
    76   3.7210   2.8008   1.0564  -0.2373   0.0092  -0.1093  -0.0847  -0.0014   0.0000  -0.0010   0.0171    0.239
    77   4.0924   2.6538   0.9900  -0.2181   0.0084  -0.1060  -0.0822  -0.0013   0.0000  -0.0009   0.0165    0.238
    78   4.4577   2.5093   0.9155  -0.1987   0.0077  -0.1022  -0.0792  -0.0012   0.0000  -0.0009   0.0159    0.238
    79   4.8128   2.3687   0.8353  -0.1797   0.0070  -0.0978  -0.0758  -0.0011   0.0000  -0.0009   0.0152    0.238
    80   5.1540   2.2338   0.7518  -0.1612   0.0064  -0.0931  -0.0722  -0.0010   0.0000  -0.0010   0.0144    0.237
    81   5.4774   2.1058   0.6671  -0.1436   0.0058  -0.0880  -0.0682  -0.0009   0.0000  -0.0011   0.0135    0.235
    82   5.7795   1.9862   0.5830  -0.1270   0.0052  -0.0825  -0.0640  -0.0009   0.0000  -0.0012   0.0125    0.231
    83   6.0570   1.8764   0.5012  -0.1114   0.0045  -0.0766  -0.0594  -0.0008   0.0000  -0.0014   0.0113    0.226
    84   6.3069   1.7776   0.4225  -0.0966   0.0039  -0.0701  -0.0543  -0.0007   0.0000  -0.0017   0.0101    0.219
    85   6.5264   1.6907   0.3478  -0.0824   0.0033  -0.0629  -0.0487  -0.0006   0.0000  -0.0020   0.0086    0.209
    86   6.7314   1.6096   0.3326  -0.0680   0.0028  -0.0545  -0.0422  -0.0005   0.0000  -0.0023   0.0070    0.197
    87   6.9144   1.5372   0.2507  -0.0528   0.0022  -0.0443  -0.0344  -0.0004   0.0000  -0.0024   0.0052    0.179
    88   7.0535   1.4822   0.1746  -0.0377   0.0018  -0.0328  -0.0254  -0.0003   0.0000  -0.0023   0.0035    0.161
    89   7.1471   1.4451   0.1029  -0.0226   0.0016  -0.0202  -0.0157  -0.0002   0.0000  -0.0017   0.0019    0.144
    90   7.1941   1.4265   0.0340  -0.0075   0.0014  -0.0068  -0.0053  -0.0001   0.0000  -0.0006   0.0006    0.134

  Surface # 4     horizontal_stabilizer (YDUP)            
     # Chordwise = 10   # Spanwise = 30     First strip = 91
     Surface area =   20.744604       Ave. chord =    2.848572
     CLsurf  =  -0.01300     Clsurf  =  -0.00119
     CYsurf  =  -0.00209     Cmsurf  =   0.06213
     CDsurf  =  -0.00019     Cnsurf  =   0.00125
     CDisurf =  -0.00019     CDvsurf =   0.00000

  Forces referred to Ssurf, Cave about hinge axis thru LE
     CLsurf  =  -0.07926     CDsurf  =  -0.00113
     Deflect =

 Strip Forces referred to Strip Area, Chord
    j      Yle    Chord     Area     c cl      ai      cl_norm  cl       cd       cdv    cm_c/4    cm_LE  C.P.x/c
    91  -0.0047   4.2713   0.0803  -0.3157   0.0113  -0.0953  -0.0739   0.0132   0.0000   0.0035  -0.0186    0.298
    92  -0.0418   4.2566   0.2392  -0.3359   0.0111  -0.1018  -0.0789   0.0003   0.0000   0.0033  -0.0195    0.292
    93  -0.1156   4.2274   0.3930  -0.3375   0.0108  -0.1030  -0.0798  -0.0005   0.0000   0.0031  -0.0195    0.289
    94  -0.2254   4.1839   0.5386  -0.3378   0.0104  -0.1042  -0.0807  -0.0008   0.0000   0.0027  -0.0193    0.283
    95  -0.3698   4.1268   0.6730  -0.3376   0.0101  -0.1055  -0.0818  -0.0009   0.0000   0.0021  -0.0191    0.276
    96  -0.5474   4.0565   0.7936  -0.3368   0.0099  -0.1071  -0.0830  -0.0010   0.0000   0.0016  -0.0188    0.269
    97  -0.7617   3.9717   0.9441  -0.3352   0.0097  -0.1088  -0.0844  -0.0012   0.0000   0.0010  -0.0187    0.262
    98  -1.0116   3.8728   1.0344  -0.3323   0.0098  -0.1107  -0.0858  -0.0013   0.0000   0.0005  -0.0185    0.256
    99  -1.2891   3.7630   1.1046  -0.3277   0.0101  -0.1123  -0.0871  -0.0014   0.0000   0.0001  -0.0185    0.251
   100  -1.5912   3.6435   1.1542  -0.3212   0.0105  -0.1137  -0.0882  -0.0015   0.0000  -0.0002  -0.0184    0.247
   101  -1.9146   3.5155   1.1831  -0.3125   0.0110  -0.1147  -0.0889  -0.0015   0.0000  -0.0005  -0.0183    0.244
   102  -2.2558   3.3805   1.1921  -0.3015   0.0112  -0.1151  -0.0892  -0.0016   0.0000  -0.0007  -0.0182    0.242
   103  -2.6109   3.2400   1.1821  -0.2882   0.0111  -0.1147  -0.0890  -0.0016   0.0000  -0.0008  -0.0181    0.240
   104  -2.9762   3.0955   1.1548  -0.2728   0.0106  -0.1137  -0.0881  -0.0015   0.0000  -0.0009  -0.0178    0.240
   105  -3.3476   2.9485   1.1122  -0.2557   0.0099  -0.1118  -0.0867  -0.0015   0.0000  -0.0010  -0.0175    0.239
   106  -3.7210   2.8008   1.0564  -0.2373   0.0092  -0.1093  -0.0847  -0.0014   0.0000  -0.0010  -0.0171    0.239
   107  -4.0924   2.6538   0.9900  -0.2181   0.0084  -0.1060  -0.0822  -0.0013   0.0000  -0.0009  -0.0165    0.238
   108  -4.4577   2.5093   0.9155  -0.1987   0.0077  -0.1022  -0.0792  -0.0012   0.0000  -0.0009  -0.0159    0.238
   109  -4.8128   2.3687   0.8353  -0.1797   0.0070  -0.0978  -0.0758  -0.0011   0.0000  -0.0009  -0.0152    0.238
   110  -5.1540   2.2338   0.7518  -0.1612   0.0064  -0.0931  -0.0722  -0.0010   0.0000  -0.0010  -0.0144    0.237
   111  -5.4774   2.1058   0.6671  -0.1436   0.0058  -0.0880  -0.0682  -0.0009   0.0000  -0.0011  -0.0135    0.235
   112  -5.7795   1.9862   0.5830  -0.1270   0.0052  -0.0825  -0.0640  -0.0009   0.0000  -0.0012  -0.0125    0.231
   113  -6.0570   1.8764   0.5012  -0.1114   0.0045  -0.0766  -0.0594  -0.0008   0.0000  -0.0014  -0.0113    0.226
   114  -6.3069   1.7776   0.4225  -0.0966   0.0039  -0.0701  -0.0543  -0.0007   0.0000  -0.0017  -0.0101    0.219
   115  -6.5264   1.6907   0.3478  -0.0824   0.0033  -0.0629  -0.0487  -0.0006   0.0000  -0.0020  -0.0086    0.209
   116  -6.7314   1.6096   0.3326  -0.0680   0.0028  -0.0545  -0.0422  -0.0005   0.0000  -0.0023  -0.0070    0.197
   117  -6.9144   1.5372   0.2507  -0.0528   0.0022  -0.0443  -0.0344  -0.0004   0.0000  -0.0024  -0.0052    0.179
   118  -7.0535   1.4822   0.1746  -0.0377   0.0018  -0.0328  -0.0254  -0.0003   0.0000  -0.0023  -0.0035    0.161
   119  -7.1471   1.4451   0.1029  -0.0226   0.0016  -0.0202  -0.0157  -0.0002   0.0000  -0.0017  -0.0019    0.144
   120  -7.1941   1.4265   0.0340  -0.0075   0.0014  -0.0068  -0.0053  -0.0001   0.0000  -0.0006  -0.0006    0.134

  Surface # 5     vertical_stabilizer                     
     # Chordwise = 10   # Spanwise = 30     First strip =121
     Surface area =   34.910358       Ave. chord =    4.190919
     CLsurf  =   0.00000     Clsurf  =   0.00000
     CYsurf  =   0.00000     Cmsurf  =  -0.00000
     CDsurf  =  -0.00000     Cnsurf  =  -0.00000
     CDisurf =  -0.00000     CDvsurf =   0.00000

  Forces referred to Ssurf, Cave about hinge axis thru LE
     CLsurf  =  -0.00000     CDsurf  =  -0.00000
     Deflect =

 Strip Forces referred to Strip Area, Chord
    j      Yle    Chord     Area     c cl      ai      cl_norm  cl       cd       cdv    cm_c/4    cm_LE  C.P.x/c
   121   0.0000  10.0347   0.6931  -0.0000   0.0000  -0.0000  -0.0000   0.0000   0.0000  -0.0000  -0.0000   -0.988
   122   0.0000   9.8296   1.1101  -0.0000  -0.0000  -0.0000  -0.0000  -0.0000   0.0000  -0.0000  -0.0000
   123   0.0000   9.5266   1.4857  -0.0000  -0.0000  -0.0000  -0.0000  -0.0000   0.0000  -0.0000  -0.0000
   124   0.0000   9.1281   1.8040  -0.0000   0.0000  -0.0000  -0.0000  -0.0000   0.0000  -0.0000  -0.0000
   125   0.0000   8.6377   2.0517  -0.0000   0.0000  -0.0000  -0.0000  -0.0000   0.0000  -0.0000  -0.0000
   126   0.0000   8.0598   2.2181   0.0000   0.0000   0.0000   0.0000   0.0000   0.0000  -0.0000  -0.0000
   127   0.0000   7.4000   2.2957  -0.0000   0.0000  -0.0000  -0.0000  -0.0000   0.0000  -0.0000  -0.0000
   128   0.0000   6.6646   2.2808  -0.0000  -0.0000  -0.0000  -0.0000  -0.0000   0.0000  -0.0000  -0.0000
   129   0.0000   5.8609   2.1733  -0.0000  -0.0000  -0.0000  -0.0000  -0.0000   0.0000  -0.0000  -0.0000
   130   0.0000   4.9969   1.9773  -0.0000   0.0000  -0.0000  -0.0000  -0.0000   0.0000  -0.0000  -0.0000
   131   0.0000   4.4389   1.6667  -0.0000  -0.0000  -0.0000  -0.0000  -0.0000   0.0000  -0.0000  -0.0000
   132   0.0000   4.2198   1.6478  -0.0000  -0.0000  -0.0000  -0.0000  -0.0000   0.0000  -0.0000  -0.0000
   133   0.0000   3.9932   1.6033  -0.0000  -0.0000  -0.0000  -0.0000  -0.0000   0.0000  -0.0000  -0.0000
   134   0.0000   3.7615   1.5362  -0.0000  -0.0000  -0.0000  -0.0000  -0.0000   0.0000  -0.0000  -0.0000   -0.709
   135   0.0000   3.5271   1.4499  -0.0000  -0.0000  -0.0000  -0.0000  -0.0000   0.0000  -0.0000  -0.0000   -0.450
   136   0.0000   3.2923   1.3482  -0.0000  -0.0000  -0.0000  -0.0000  -0.0000   0.0000  -0.0000  -0.0000   -0.204
   137   0.0000   3.0597   1.2352  -0.0000  -0.0000  -0.0000  -0.0000  -0.0000   0.0000  -0.0000  -0.0000   -0.026
   138   0.0000   2.8315   1.1147  -0.0000   0.0000  -0.0000  -0.0000  -0.0000   0.0000  -0.0000   0.0000    0.024
   139   0.0000   2.6103   0.9908  -0.0000  -0.0000  -0.0000  -0.0000  -0.0000   0.0000  -0.0000   0.0000    0.075
   140   0.0000   2.3983   0.8670  -0.0000   0.0000  -0.0000  -0.0000  -0.0000   0.0000  -0.0000   0.0000    0.099
   141   0.0000   2.1977   0.7464  -0.0000   0.0000  -0.0000  -0.0000  -0.0000   0.0000  -0.0000   0.0000    0.137
   142   0.0000   2.0106   0.6318  -0.0000   0.0000  -0.0000  -0.0000  -0.0000   0.0000  -0.0000   0.0000    0.141
   143   0.0000   1.8390   0.5251  -0.0000   0.0000  -0.0000  -0.0000  -0.0000   0.0000  -0.0000   0.0000    0.168
   144   0.0000   1.6847   0.4276  -0.0000  -0.0000  -0.0000  -0.0000  -0.0000   0.0000  -0.0000   0.0000    0.173
   145   0.0000   1.5493   0.3400  -0.0000   0.0000  -0.0000  -0.0000  -0.0000   0.0000  -0.0000   0.0000    0.149
   146   0.0000   1.4342   0.2622  -0.0000   0.0000  -0.0000  -0.0000  -0.0000   0.0000  -0.0000   0.0000    0.130
   147   0.0000   1.3407   0.1933  -0.0000   0.0000  -0.0000  -0.0000  -0.0000   0.0000  -0.0000   0.0000    0.119
   148   0.0000   1.2696   0.1322  -0.0000  -0.0000  -0.0000  -0.0000  -0.0000   0.0000  -0.0000   0.0000    0.088
   149   0.0000   1.2218   0.0769  -0.0000  -0.0000  -0.0000  -0.0000  -0.0000   0.0000  -0.0000   0.0000    0.091
   150   0.0000   1.1978   0.0252  -0.0000   0.0000  -0.0000  -0.0000  -0.0000   0.0000  -0.0000   0.0000    0.071

  Surface # 6     fuselage_horizontal                     
     # Chordwise = 10   # Spanwise = 10     First strip =151
     Surface area =  123.841202       Ave. chord =   33.112617
     CLsurf  =  -0.00510     Clsurf  =   0.00000
     CYsurf  =  -0.00000     Cmsurf  =  -0.00367
     CDsurf  =   0.00002     Cnsurf  =   0.00000
     CDisurf =   0.00002     CDvsurf =   0.00000

  Forces referred to Ssurf, Cave about hinge axis thru LE
     CLsurf  =  -0.00515     CDsurf  =   0.00002
     Deflect =

 Strip Forces referred to Strip Area, Chord
    j      Yle    Chord     Area     c cl      ai      cl_norm  cl       cd       cdv    cm_c/4    cm_LE  C.P.x/c
   151  -1.6830  26.5957   9.9468  -0.1341  -0.0066  -0.0636  -0.0050  -0.0001   0.0000   0.0008   0.0003    0.413
   152  -1.3090  31.2096  11.6724  -0.1748  -0.0002  -0.0219  -0.0056   0.0000   0.0000   0.0007   0.0005    0.374
   153  -0.9350  34.0626  12.7394  -0.1816   0.0140  -0.0130  -0.0053   0.0001   0.0000   0.0003   0.0006    0.310
   154  -0.5610  36.1619  13.5246  -0.1812   0.0220  -0.0084  -0.0050   0.0001   0.0000   0.0001   0.0006    0.264
   155  -0.1870  37.5332  14.0374  -0.1801   0.0255  -0.0056  -0.0048   0.0001   0.0000  -0.0000   0.0008    0.240
   156   0.1870  37.5332  14.0374  -0.1801   0.0255  -0.0056  -0.0048   0.0001   0.0000  -0.0000   0.0008    0.240
   157   0.5610  36.1619  13.5246  -0.1812   0.0220  -0.0084  -0.0050   0.0001   0.0000   0.0001   0.0006    0.264
   158   0.9350  34.0626  12.7394  -0.1816   0.0140  -0.0130  -0.0053   0.0001   0.0000   0.0003   0.0006    0.310
   159   1.3090  31.2096  11.6724  -0.1748  -0.0002  -0.0219  -0.0056   0.0000   0.0000   0.0007   0.0005    0.374
   160   1.6830  26.5957   9.9468  -0.1341  -0.0066  -0.0636  -0.0050  -0.0001   0.0000   0.0008   0.0003    0.413

  Surface # 7     fuselage_vertical                       
     # Chordwise = 10   # Spanwise = 10     First strip =161
     Surface area =  123.841202       Ave. chord =   33.112617
     CLsurf  =  -0.00000     Clsurf  =   0.00000
     CYsurf  =   0.00000     Cmsurf  =   0.00000
     CDsurf  =  -0.00000     Cnsurf  =  -0.00000
     CDisurf =  -0.00000     CDvsurf =   0.00000

  Forces referred to Ssurf, Cave about hinge axis thru LE
     CLsurf  =  -0.00000     CDsurf  =  -0.00000
     Deflect =

 Strip Forces referred to Strip Area, Chord
    j      Yle    Chord     Area     c cl      ai      cl_norm  cl       cd       cdv    cm_c/4    cm_LE  C.P.x/c
   161   0.0000  26.5957   9.9468  -0.0000  -0.0000  -0.0000  -0.0000   0.0000   0.0000   0.0000   0.0000    0.856
   162   0.0000  31.2096  11.6724  -0.0000  -0.0000  -0.0000  -0.0000   0.0000   0.0000   0.0000   0.0000    0.640
   163   0.0000  34.0626  12.7394  -0.0000  -0.0000  -0.0000  -0.0000   0.0000   0.0000   0.0000   0.0000    0.658
   164   0.0000  36.1619  13.5246  -0.0000   0.0000  -0.0000  -0.0000  -0.0000   0.0000   0.0000   0.0000    0.643
   165   0.0000  37.5332  14.0374  -0.0000   0.0000  -0.0000  -0.0000   0.0000   0.0000   0.0000   0.0000    0.629
   166   0.0000  37.5332  14.0374  -0.0000   0.0000  -0.0000  -0.0000  -0.0000   0.0000   0.0000   0.0000    0.616
   167   0.0000  36.1619  13.5246  -0.0000   0.0000  -0.0000  -0.0000  -0.0000   0.0000   0.0000   0.0000    0.609
   168   0.0000  34.0626  12.7394  -0.0000   0.0000  -0.0000  -0.0000   0.0000   0.0000   0.0000   0.0000    0.553
   169   0.0000  31.2096  11.6724  -0.0000   0.0000  -0.0000  -0.0000  -0.0000   0.0000   0.0000   0.0000    0.495
   170   0.0000  26.5957   9.9468  -0.0000  -0.0000  -0.0000  -0.0000  -0.0000   0.0000   0.0000   0.0000    0.461
 ---------------------------------------------------------------
