 ---------------------------------------------------------------
 Surface and Strip Forces by surface

  Forces referred to Sref, Cref, Bref about Xref, Yref, Zref
 Standard axis orientation,  X fwd, Z down         

  Surface # 1     main_wing                               
     # Chordwise = 10   # Spanwise = 30     First strip =  1
     Surface area =   63.968842       Ave. chord =    3.715026
     CLsurf  =   0.40529     Clsurf  =  -0.07938
     CYsurf  =  -0.02215     Cmsurf  =  -0.36570
     CDsurf  =   0.01391     Cnsurf  =  -0.00757
     CDisurf =   0.01391     CDvsurf =   0.00000

  Forces referred to Ssurf, Cave about hinge axis thru LE
     CLsurf  =   0.79220     CDsurf  =   0.02715
     Deflect =

 Strip Forces referred to Strip Area, Chord
    j      Yle    Chord     Area     c cl      ai      cl_norm  cl       cd       cdv    cm_c/4    cm_LE  C.P.x/c
     1   0.0114   7.7520   0.3539   5.2053   0.1764   0.7642   0.5919   0.6878   0.0000  -0.0385  -0.1694    0.315
     2   0.1025   7.6885   1.0491   4.7299   0.1761   0.7794   0.6037   0.1314   0.0000  -0.0381  -0.1577    0.313
     3   0.2837   7.5620   1.7073   4.6897   0.1750   0.7913   0.6129   0.0968   0.0000  -0.0358  -0.1568    0.308
     4   0.5530   7.3741   2.3052   4.6653   0.1723   0.8097   0.6272   0.0834   0.0000  -0.0321  -0.1564    0.301
     5   0.9075   7.1267   2.8223   4.6323   0.1665   0.8330   0.6452   0.0788   0.0000  -0.0279  -0.1566    0.293
     6   1.3432   6.8226   3.2414   4.5736   0.1539   0.8613   0.6671   0.0676   0.0000  -0.0241  -0.1577    0.286
     7   1.8554   6.4651   3.5491   4.4839   0.1286   0.8938   0.6922   0.0529   0.0000  -0.0210  -0.1599    0.280
     8   2.4386   6.0582   3.7368   4.3626   0.1033   0.9294   0.7198   0.0465   0.0000  -0.0187  -0.1636    0.276
     9   3.0862   5.6062   3.8005   4.2108   0.0898   0.9710   0.7521   0.0378   0.0000  -0.0172  -0.1687    0.273
    10   3.7613   5.1351   3.4440   3.9848   0.0781   1.0050   0.7784   0.0280   0.0000  -0.0184  -0.1749    0.274
    11   4.4532   4.6522   3.3149   3.8013   0.0641   1.0600   0.8210   0.0182   0.0000  -0.0169  -0.1821    0.271
    12   5.1831   4.1429   3.0930   3.5780   0.0427   1.1227   0.8695   0.0051   0.0000  -0.0158  -0.1907    0.268
    13   6.0123   3.7903   3.4706   3.3440   0.0282   1.0911   0.8890  -0.0012   0.0000  -0.0107  -0.2090    0.262
    14   6.9353   3.6075   3.3775   3.1582   0.0264   1.0826   0.8821  -0.0002   0.0000  -0.0110  -0.2078    0.262
    15   7.8737   3.4215   3.2389   2.9879   0.0226   1.0800   0.8799  -0.0007   0.0000  -0.0116  -0.2078    0.263
    16   8.8172   3.2345   3.0619   2.8262   0.0200   1.0807   0.8805  -0.0016   0.0000  -0.0125  -0.2087    0.264
    17   9.7556   3.0486   2.8543   2.6669   0.0193   1.0822   0.8817  -0.0027   0.0000  -0.0135  -0.2098    0.265
    18  10.6786   2.8657   2.6239   2.5106   0.0198   1.0839   0.8831  -0.0037   0.0000  -0.0147  -0.2112    0.267
    19  11.5760   2.6879   2.3787   2.3569   0.0212   1.0850   0.8840  -0.0049   0.0000  -0.0158  -0.2123    0.268
    20  12.4328   2.5181   2.1010   2.2071   0.0240   1.0847   0.8837  -0.0056   0.0000  -0.0161  -0.2125    0.268
    21  13.2400   2.3582   1.8520   2.0598   0.0284   1.0810   0.8807  -0.0056   0.0000  -0.0153  -0.2111    0.267
    22  13.9941   2.2087   1.6074   1.9107   0.0343   1.0706   0.8722  -0.0057   0.0000  -0.0138  -0.2079    0.266
    23  14.6868   2.0715   1.3716   1.7548   0.0423   1.0484   0.8541  -0.0055   0.0000  -0.0112  -0.2015    0.263
    24  15.3105   1.9479   1.1479   1.5853   0.0521   1.0072   0.8206  -0.0050   0.0000  -0.0073  -0.1906    0.259
    25  15.8583   1.8393   0.9381   1.3936   0.0629   0.9374   0.7638  -0.0032   0.0000  -0.0035  -0.1745    0.255
    26  16.3244   1.7470   0.7427   1.1731   0.0739   0.8298   0.6761   0.0038   0.0000  -0.0054  -0.1567    0.258
    27  16.6722   1.4928   0.4131   0.9329   0.0847   2.1148   0.6330  -0.0269   0.0000  -0.0077  -0.0815    0.262
    28  16.9098   1.1466   0.2292   0.6886   0.0982   2.0459   0.6124  -0.0589   0.0000   0.0177  -0.0669    0.221
    29  17.0696   0.9138   0.1104   0.4238   0.1084   1.5959   0.4777  -0.0835   0.0000   0.0409  -0.0393    0.164
    30  17.1499   0.7967   0.0322   0.1432   0.1137   0.6309   0.1889  -0.0623   0.0000   0.0260  -0.0106    0.113

  Surface # 2     main_wing (YDUP)                        
     # Chordwise = 10   # Spanwise = 30     First strip = 31
     Surface area =   63.968842       Ave. chord =    3.715026
     CLsurf  =   0.40529     Clsurf  =   0.07938
     CYsurf  =   0.02215     Cmsurf  =  -0.36570
     CDsurf  =   0.01391     Cnsurf  =   0.00757
     CDisurf =   0.01391     CDvsurf =   0.00000

  Forces referred to Ssurf, Cave about hinge axis thru LE
     CLsurf  =   0.79220     CDsurf  =   0.02715
     Deflect =

 Strip Forces referred to Strip Area, Chord
    j      Yle    Chord     Area     c cl      ai      cl_norm  cl       cd       cdv    cm_c/4    cm_LE  C.P.x/c
    31  -0.0114   7.7520   0.3539   5.2053   0.1764   0.7642   0.5919   0.6878   0.0000  -0.0385   0.1694    0.315
    32  -0.1025   7.6885   1.0491   4.7299   0.1761   0.7794   0.6037   0.1314   0.0000  -0.0381   0.1577    0.313
    33  -0.2837   7.5620   1.7073   4.6897   0.1750   0.7913   0.6129   0.0968   0.0000  -0.0358   0.1568    0.308
    34  -0.5530   7.3741   2.3052   4.6653   0.1723   0.8097   0.6272   0.0834   0.0000  -0.0321   0.1564    0.301
    35  -0.9075   7.1267   2.8223   4.6323   0.1665   0.8330   0.6452   0.0788   0.0000  -0.0279   0.1566    0.293
    36  -1.3432   6.8226   3.2414   4.5736   0.1539   0.8613   0.6671   0.0676   0.0000  -0.0241   0.1577    0.286
    37  -1.8554   6.4651   3.5491   4.4839   0.1286   0.8938   0.6922   0.0529   0.0000  -0.0210   0.1599    0.280
    38  -2.4386   6.0582   3.7368   4.3626   0.1033   0.9294   0.7198   0.0465   0.0000  -0.0187   0.1636    0.276
    39  -3.0862   5.6062   3.8005   4.2108   0.0898   0.9710   0.7521   0.0378   0.0000  -0.0172   0.1687    0.273
    40  -3.7613   5.1351   3.4440   3.9848   0.0781   1.0050   0.7784   0.0280   0.0000  -0.0184   0.1749    0.274
    41  -4.4532   4.6522   3.3149   3.8013   0.0641   1.0600   0.8210   0.0182   0.0000  -0.0169   0.1821    0.271
    42  -5.1831   4.1429   3.0930   3.5780   0.0427   1.1227   0.8695   0.0051   0.0000  -0.0158   0.1907    0.268
    43  -6.0123   3.7903   3.4706   3.3440   0.0282   1.0911   0.8890  -0.0012   0.0000  -0.0107   0.2090    0.262
    44  -6.9353   3.6075   3.3775   3.1582   0.0264   1.0826   0.8821  -0.0002   0.0000  -0.0110   0.2078    0.262
    45  -7.8737   3.4215   3.2389   2.9879   0.0226   1.0800   0.8799  -0.0007   0.0000  -0.0116   0.2078    0.263
    46  -8.8172   3.2345   3.0619   2.8262   0.0200   1.0807   0.8805  -0.0016   0.0000  -0.0125   0.2087    0.264
    47  -9.7556   3.0486   2.8543   2.6669   0.0193   1.0822   0.8817  -0.0027   0.0000  -0.0135   0.2098    0.265
    48 -10.6786   2.8657   2.6239   2.5106   0.0198   1.0839   0.8831  -0.0037   0.0000  -0.0147   0.2112    0.267
    49 -11.5760   2.6879   2.3787   2.3568   0.0212   1.0850   0.8840  -0.0049   0.0000  -0.0158   0.2123    0.268
    50 -12.4328   2.5181   2.1010   2.2071   0.0240   1.0847   0.8837  -0.0056   0.0000  -0.0161   0.2125    0.268
    51 -13.2400   2.3582   1.8520   2.0598   0.0284   1.0810   0.8807  -0.0056   0.0000  -0.0153   0.2111    0.267
    52 -13.9941   2.2087   1.6074   1.9107   0.0343   1.0706   0.8722  -0.0057   0.0000  -0.0138   0.2079    0.266
    53 -14.6868   2.0715   1.3716   1.7548   0.0423   1.0484   0.8541  -0.0055   0.0000  -0.0112   0.2015    0.263
    54 -15.3105   1.9479   1.1479   1.5853   0.0521   1.0072   0.8206  -0.0050   0.0000  -0.0073   0.1906    0.259
    55 -15.8583   1.8393   0.9381   1.3936   0.0629   0.9374   0.7638  -0.0032   0.0000  -0.0035   0.1745    0.255
    56 -16.3244   1.7470   0.7427   1.1731   0.0739   0.8298   0.6761   0.0038   0.0000  -0.0054   0.1567    0.258
    57 -16.6722   1.4928   0.4131   0.9329   0.0847   2.1148   0.6330  -0.0269   0.0000  -0.0077   0.0815    0.262
    58 -16.9098   1.1466   0.2292   0.6886   0.0982   2.0459   0.6124  -0.0589   0.0000   0.0177   0.0669    0.221
    59 -17.0696   0.9138   0.1104   0.4238   0.1084   1.5959   0.4777  -0.0835   0.0000   0.0409   0.0393    0.164
    60 -17.1499   0.7967   0.0322   0.1432   0.1137   0.6309   0.1889  -0.0623   0.0000   0.0260   0.0106    0.113

  Surface # 3     horizontal_stabilizer                   
     # Chordwise = 10   # Spanwise = 30     First strip = 61
     Surface area =   20.744604       Ave. chord =    2.848572
     CLsurf  =   0.04224     Clsurf  =  -0.00442
     CYsurf  =  -0.00675     Cmsurf  =  -0.20678
     CDsurf  =   0.00329     Cnsurf  =   0.00374
     CDisurf =   0.00329     CDvsurf =   0.00000

  Forces referred to Ssurf, Cave about hinge axis thru LE
     CLsurf  =   0.25749     CDsurf  =   0.01978
     Deflect =

 Strip Forces referred to Strip Area, Chord
    j      Yle    Chord     Area     c cl      ai      cl_norm  cl       cd       cdv    cm_c/4    cm_LE  C.P.x/c
    61   0.0047   4.2713   0.0803   0.9960   0.1249   0.2897   0.2211   0.1123   0.0000  -0.0126  -0.0612    0.307
    62   0.0418   4.2566   0.2392   0.8647   0.1253   0.2637   0.2013   0.0276   0.0000  -0.0123  -0.0546    0.311
    63   0.1156   4.2274   0.3930   0.8552   0.1254   0.2635   0.2011   0.0221   0.0000  -0.0117  -0.0539    0.308
    64   0.2254   4.1839   0.5386   0.8524   0.1249   0.2656   0.2027   0.0208   0.0000  -0.0107  -0.0534    0.303
    65   0.3698   4.1268   0.6730   0.8519   0.1237   0.2692   0.2055   0.0204   0.0000  -0.0094  -0.0529    0.296
    66   0.5474   4.0565   0.7936   0.8507   0.1217   0.2736   0.2088   0.0202   0.0000  -0.0080  -0.0524    0.288
    67   0.7617   3.9717   0.9441   0.8494   0.1185   0.2791   0.2130   0.0200   0.0000  -0.0066  -0.0522    0.281
    68   1.0116   3.8728   1.0344   0.8465   0.1140   0.2853   0.2178   0.0197   0.0000  -0.0053  -0.0522    0.275
    69   1.2891   3.7630   1.1046   0.8434   0.1083   0.2927   0.2234   0.0197   0.0000  -0.0043  -0.0525    0.269
    70   1.5912   3.6435   1.1542   0.8394   0.1020   0.3009   0.2297   0.0198   0.0000  -0.0034  -0.0531    0.265
    71   1.9146   3.5155   1.1831   0.8343   0.0956   0.3101   0.2366   0.0199   0.0000  -0.0026  -0.0540    0.261
    72   2.2558   3.3805   1.1921   0.8285   0.0900   0.3203   0.2444   0.0200   0.0000  -0.0019  -0.0551    0.258
    73   2.6109   3.2400   1.1821   0.8222   0.0855   0.3317   0.2532   0.0202   0.0000  -0.0013  -0.0565    0.255
    74   2.9762   3.0955   1.1548   0.8147   0.0821   0.3441   0.2626   0.0204   0.0000  -0.0008  -0.0581    0.253
    75   3.3476   2.9485   1.1122   0.8056   0.0798   0.3573   0.2727   0.0205   0.0000  -0.0002  -0.0598    0.251
    76   3.7210   2.8008   1.0564   0.7947   0.0782   0.3712   0.2833   0.0207   0.0000   0.0004  -0.0616    0.248
    77   4.0924   2.6538   0.9900   0.7813   0.0772   0.3853   0.2941   0.0206   0.0000   0.0012  -0.0633    0.246
    78   4.4577   2.5093   0.9155   0.7648   0.0768   0.3990   0.3045   0.0205   0.0000   0.0020  -0.0648    0.243
    79   4.8128   2.3687   0.8353   0.7440   0.0771   0.4113   0.3139   0.0204   0.0000   0.0031  -0.0660    0.240
    80   5.1540   2.2338   0.7518   0.7187   0.0779   0.4215   0.3217   0.0200   0.0000   0.0044  -0.0666    0.236
    81   5.4774   2.1058   0.6671   0.6878   0.0794   0.4280   0.3267   0.0194   0.0000   0.0060  -0.0663    0.232
    82   5.7795   1.9862   0.5830   0.6507   0.0815   0.4295   0.3278   0.0183   0.0000   0.0081  -0.0648    0.225
    83   6.0570   1.8764   0.5012   0.6073   0.0841   0.4245   0.3240   0.0172   0.0000   0.0106  -0.0618    0.217
    84   6.3069   1.7776   0.4225   0.5567   0.0869   0.4109   0.3136   0.0157   0.0000   0.0135  -0.0571    0.207
    85   6.5264   1.6907   0.3478   0.4987   0.0898   0.3871   0.2955   0.0137   0.0000   0.0165  -0.0506    0.194
    86   6.7314   1.6096   0.3326   0.4299   0.0927   0.3507   0.2677   0.0114   0.0000   0.0192  -0.0423    0.178
    87   6.9144   1.5372   0.2507   0.3463   0.0954   0.2961   0.2259   0.0083   0.0000   0.0206  -0.0320    0.159
    88   7.0535   1.4822   0.1746   0.2540   0.0975   0.2255   0.1721   0.0050   0.0000   0.0192  -0.0214    0.139
    89   7.1471   1.4451   0.1029   0.1551   0.0990   0.1414   0.1079   0.0019   0.0000   0.0139  -0.0118    0.121
    90   7.1941   1.4265   0.0340   0.0522   0.0998   0.0485   0.0370  -0.0011   0.0000   0.0051  -0.0037    0.112

  Surface # 4     horizontal_stabilizer (YDUP)            
     # Chordwise = 10   # Spanwise = 30     First strip = 91
     Surface area =   20.744604       Ave. chord =    2.848572
     CLsurf  =   0.04224     Clsurf  =   0.00442
     CYsurf  =   0.00675     Cmsurf  =  -0.20678
     CDsurf  =   0.00329     Cnsurf  =  -0.00374
     CDisurf =   0.00329     CDvsurf =   0.00000

  Forces referred to Ssurf, Cave about hinge axis thru LE
     CLsurf  =   0.25748     CDsurf  =   0.01978
     Deflect =

 Strip Forces referred to Strip Area, Chord
    j      Yle    Chord     Area     c cl      ai      cl_norm  cl       cd       cdv    cm_c/4    cm_LE  C.P.x/c
    91  -0.0047   4.2713   0.0803   0.9960   0.1249   0.2897   0.2211   0.1123   0.0000  -0.0126   0.0612    0.307
    92  -0.0418   4.2566   0.2392   0.8647   0.1253   0.2637   0.2013   0.0276   0.0000  -0.0123   0.0546    0.311
    93  -0.1156   4.2274   0.3930   0.8552   0.1254   0.2635   0.2011   0.0221   0.0000  -0.0117   0.0539    0.308
    94  -0.2254   4.1839   0.5386   0.8524   0.1249   0.2656   0.2027   0.0208   0.0000  -0.0107   0.0534    0.303
    95  -0.3698   4.1268   0.6730   0.8519   0.1237   0.2692   0.2055   0.0204   0.0000  -0.0094   0.0529    0.296
    96  -0.5474   4.0565   0.7936   0.8507   0.1217   0.2736   0.2088   0.0202   0.0000  -0.0080   0.0524    0.288
    97  -0.7617   3.9717   0.9441   0.8494   0.1185   0.2791   0.2130   0.0200   0.0000  -0.0066   0.0522    0.281
    98  -1.0116   3.8728   1.0344   0.8465   0.1139   0.2853   0.2178   0.0197   0.0000  -0.0053   0.0522    0.275
    99  -1.2891   3.7630   1.1046   0.8434   0.1083   0.2927   0.2234   0.0197   0.0000  -0.0043   0.0525    0.269
   100  -1.5912   3.6435   1.1542   0.8394   0.1020   0.3009   0.2297   0.0198   0.0000  -0.0034   0.0531    0.265
   101  -1.9146   3.5155   1.1831   0.8343   0.0956   0.3101   0.2366   0.0199   0.0000  -0.0026   0.0540    0.261
   102  -2.2558   3.3805   1.1921   0.8285   0.0900   0.3203   0.2444   0.0200   0.0000  -0.0019   0.0551    0.258
   103  -2.6109   3.2400   1.1821   0.8222   0.0855   0.3317   0.2532   0.0202   0.0000  -0.0013   0.0565    0.255
   104  -2.9762   3.0955   1.1548   0.8147   0.0821   0.3441   0.2626   0.0204   0.0000  -0.0008   0.0581    0.253
   105  -3.3476   2.9485   1.1122   0.8056   0.0798   0.3573   0.2727   0.0205   0.0000  -0.0002   0.0598    0.251
   106  -3.7210   2.8008   1.0564   0.7947   0.0782   0.3712   0.2833   0.0207   0.0000   0.0004   0.0616    0.248
   107  -4.0924   2.6538   0.9900   0.7813   0.0772   0.3853   0.2941   0.0206   0.0000   0.0012   0.0633    0.246
   108  -4.4577   2.5093   0.9155   0.7648   0.0768   0.3990   0.3045   0.0205   0.0000   0.0020   0.0648    0.243
   109  -4.8128   2.3687   0.8353   0.7440   0.0771   0.4113   0.3139   0.0204   0.0000   0.0031   0.0660    0.240
   110  -5.1540   2.2338   0.7518   0.7187   0.0779   0.4215   0.3217   0.0200   0.0000   0.0044   0.0666    0.236
   111  -5.4774   2.1058   0.6671   0.6878   0.0794   0.4280   0.3267   0.0194   0.0000   0.0060   0.0663    0.232
   112  -5.7795   1.9862   0.5830   0.6507   0.0815   0.4295   0.3278   0.0183   0.0000   0.0081   0.0648    0.225
   113  -6.0570   1.8764   0.5012   0.6073   0.0841   0.4245   0.3240   0.0172   0.0000   0.0106   0.0618    0.217
   114  -6.3069   1.7776   0.4225   0.5567   0.0869   0.4109   0.3136   0.0157   0.0000   0.0135   0.0571    0.207
   115  -6.5264   1.6907   0.3478   0.4987   0.0898   0.3871   0.2955   0.0137   0.0000   0.0165   0.0506    0.194
   116  -6.7314   1.6096   0.3326   0.4299   0.0927   0.3507   0.2677   0.0114   0.0000   0.0192   0.0423    0.178
   117  -6.9144   1.5372   0.2507   0.3463   0.0954   0.2961   0.2259   0.0083   0.0000   0.0206   0.0320    0.159
   118  -7.0535   1.4822   0.1746   0.2540   0.0975   0.2255   0.1721   0.0050   0.0000   0.0192   0.0214    0.139
   119  -7.1471   1.4451   0.1029   0.1551   0.0990   0.1414   0.1079   0.0019   0.0000   0.0139   0.0118    0.121
   120  -7.1941   1.4265   0.0340   0.0522   0.0998   0.0485   0.0370  -0.0011   0.0000   0.0051   0.0037    0.112

  Surface # 5     vertical_stabilizer                     
     # Chordwise = 10   # Spanwise = 30     First strip =121
     Surface area =   34.910358       Ave. chord =    4.190919
     CLsurf  =   0.00000     Clsurf  =   0.00000
     CYsurf  =   0.00000     Cmsurf  =  -0.00000
     CDsurf  =  -0.00000     Cnsurf  =  -0.00000
     CDisurf =  -0.00000     CDvsurf =   0.00000

  Forces referred to Ssurf, Cave about hinge axis thru LE
     CLsurf  =  -0.00000     CDsurf  =  -0.00000
     Deflect =

 Strip Forces referred to Strip Area, Chord
    j      Yle    Chord     Area     c cl      ai      cl_norm  cl       cd       cdv    cm_c/4    cm_LE  C.P.x/c
   121   0.0000  10.0347   0.6931  -0.0000   0.0000  -0.0000  -0.0000  -0.0000   0.0000   0.0000   0.0000    0.384
   122   0.0000   9.8296   1.1101  -0.0000   0.0000  -0.0000  -0.0000   0.0000   0.0000   0.0000   0.0000    0.391
   123   0.0000   9.5266   1.4857  -0.0000  -0.0000  -0.0000  -0.0000   0.0000   0.0000   0.0000   0.0000    0.395
   124   0.0000   9.1281   1.8040  -0.0000   0.0000  -0.0000  -0.0000   0.0000   0.0000   0.0000   0.0000    0.406
   125   0.0000   8.6377   2.0517  -0.0000   0.0000  -0.0000  -0.0000   0.0000   0.0000   0.0000   0.0000    0.407
   126   0.0000   8.0598   2.2181  -0.0000   0.0000  -0.0000  -0.0000  -0.0000   0.0000   0.0000   0.0000    0.407
   127   0.0000   7.4000   2.2957  -0.0000   0.0000  -0.0000  -0.0000  -0.0000   0.0000   0.0000   0.0000    0.399
   128   0.0000   6.6646   2.2808  -0.0000   0.0000  -0.0000  -0.0000  -0.0000   0.0000   0.0000   0.0000    0.384
   129   0.0000   5.8609   2.1733  -0.0000   0.0000  -0.0000  -0.0000  -0.0000   0.0000   0.0000   0.0000    0.361
   130   0.0000   4.9969   1.9773  -0.0000   0.0000  -0.0000  -0.0000  -0.0000   0.0000   0.0000   0.0000    0.320
   131   0.0000   4.4389   1.6667  -0.0000   0.0000  -0.0000  -0.0000  -0.0000   0.0000   0.0000   0.0000    0.282
   132   0.0000   4.2198   1.6478  -0.0000   0.0000  -0.0000  -0.0000  -0.0000   0.0000   0.0000   0.0000    0.277
   133   0.0000   3.9932   1.6033  -0.0000   0.0000  -0.0000  -0.0000  -0.0000   0.0000   0.0000   0.0000    0.267
   134   0.0000   3.7615   1.5362  -0.0000   0.0000  -0.0000  -0.0000  -0.0000   0.0000   0.0000   0.0000    0.262
   135   0.0000   3.5271   1.4499  -0.0000   0.0000  -0.0000  -0.0000  -0.0000   0.0000   0.0000   0.0000    0.258
   136   0.0000   3.2923   1.3482  -0.0000   0.0000  -0.0000  -0.0000  -0.0000   0.0000  -0.0000   0.0000    0.248
   137   0.0000   3.0597   1.2352  -0.0000   0.0000  -0.0000  -0.0000  -0.0000   0.0000  -0.0000   0.0000    0.244
   138   0.0000   2.8315   1.1147  -0.0000   0.0000  -0.0000  -0.0000  -0.0000   0.0000  -0.0000   0.0000    0.236
   139   0.0000   2.6103   0.9908  -0.0000   0.0000  -0.0000  -0.0000  -0.0000   0.0000  -0.0000   0.0000    0.231
   140   0.0000   2.3983   0.8670  -0.0000   0.0000  -0.0000  -0.0000  -0.0000   0.0000  -0.0000   0.0000    0.231
   141   0.0000   2.1977   0.7464  -0.0000   0.0000  -0.0000  -0.0000  -0.0000   0.0000  -0.0000   0.0000    0.225
   142   0.0000   2.0106   0.6318  -0.0000   0.0000  -0.0000  -0.0000  -0.0000   0.0000  -0.0000   0.0000    0.224
   143   0.0000   1.8390   0.5251  -0.0000   0.0000  -0.0000  -0.0000  -0.0000   0.0000  -0.0000   0.0000    0.218
   144   0.0000   1.6847   0.4276  -0.0000   0.0000  -0.0000  -0.0000  -0.0000   0.0000  -0.0000   0.0000    0.209
   145   0.0000   1.5493   0.3400  -0.0000   0.0000  -0.0000  -0.0000  -0.0000   0.0000  -0.0000   0.0000    0.194
   146   0.0000   1.4342   0.2622  -0.0000   0.0000  -0.0000  -0.0000  -0.0000   0.0000  -0.0000   0.0000    0.176
   147   0.0000   1.3407   0.1933  -0.0000   0.0000  -0.0000  -0.0000  -0.0000   0.0000  -0.0000   0.0000    0.159
   148   0.0000   1.2696   0.1322  -0.0000   0.0000  -0.0000  -0.0000  -0.0000   0.0000  -0.0000   0.0000    0.137
   149   0.0000   1.2218   0.0769  -0.0000   0.0000  -0.0000  -0.0000  -0.0000   0.0000  -0.0000   0.0000    0.117
   150   0.0000   1.1978   0.0252  -0.0000   0.0000  -0.0000  -0.0000  -0.0000   0.0000  -0.0000   0.0000    0.107

  Surface # 6     fuselage_horizontal                     
     # Chordwise = 10   # Spanwise = 10     First strip =151
     Surface area =  123.841202       Ave. chord =   33.112617
     CLsurf  =   0.01066     Clsurf  =   0.00000
     CYsurf  =   0.00000     Cmsurf  =   0.06572
     CDsurf  =  -0.00022     Cnsurf  =  -0.00000
     CDisurf =  -0.00022     CDvsurf =   0.00000

  Forces referred to Ssurf, Cave about hinge axis thru LE
     CLsurf  =   0.01075     CDsurf  =  -0.00022
     Deflect =

 Strip Forces referred to Strip Area, Chord
    j      Yle    Chord     Area     c cl      ai      cl_norm  cl       cd       cdv    cm_c/4    cm_LE  C.P.x/c
   151  -1.6830  26.5957   9.9468   0.2424   0.1818   0.1030   0.0096  -0.0032   0.0000   0.0046   0.0003   -0.235
   152  -1.3090  31.2096  11.6724   0.3440   0.1957   0.0420   0.0112  -0.0010   0.0000   0.0058   0.0008   -0.266
   153  -0.9350  34.0626  12.7394   0.3761   0.1803   0.0267   0.0111  -0.0001   0.0000   0.0070   0.0014   -0.377
   154  -0.5610  36.1619  13.5246   0.3943   0.1754   0.0182   0.0109   0.0006   0.0000   0.0075   0.0022   -0.441
   155  -0.1870  37.5332  14.0374   0.4050   0.1758   0.0124   0.0107   0.0017   0.0000   0.0077   0.0034   -0.470
   156   0.1870  37.5332  14.0374   0.4050   0.1758   0.0124   0.0107   0.0017   0.0000   0.0077   0.0034   -0.470
   157   0.5610  36.1619  13.5246   0.3943   0.1754   0.0182   0.0109   0.0006   0.0000   0.0075   0.0022   -0.441
   158   0.9350  34.0626  12.7394   0.3761   0.1803   0.0267   0.0111  -0.0001   0.0000   0.0070   0.0014   -0.377
   159   1.3090  31.2096  11.6724   0.3440   0.1957   0.0420   0.0112  -0.0010   0.0000   0.0058   0.0008   -0.266
   160   1.6830  26.5957   9.9468   0.2424   0.1818   0.1030   0.0096  -0.0032   0.0000   0.0046   0.0003   -0.235

  Surface # 7     fuselage_vertical                       
     # Chordwise = 10   # Spanwise = 10     First strip =161
     Surface area =  123.841202       Ave. chord =   33.112617
     CLsurf  =  -0.00000     Clsurf  =  -0.00000
     CYsurf  =   0.00000     Cmsurf  =   0.00000
     CDsurf  =   0.00000     Cnsurf  =  -0.00000
     CDisurf =   0.00000     CDvsurf =   0.00000

  Forces referred to Ssurf, Cave about hinge axis thru LE
     CLsurf  =  -0.00000     CDsurf  =   0.00000
     Deflect =

 Strip Forces referred to Strip Area, Chord
    j      Yle    Chord     Area     c cl      ai      cl_norm  cl       cd       cdv    cm_c/4    cm_LE  C.P.x/c
   161   0.0000  26.5957   9.9468  -0.0000  -0.0000  -0.0000  -0.0000  -0.0000   0.0000   0.0000   0.0000
   162   0.0000  31.2096  11.6724  -0.0000  -0.0000  -0.0000  -0.0000   0.0000   0.0000  -0.0000  -0.0000
   163   0.0000  34.0626  12.7394  -0.0000   0.0000  -0.0000  -0.0000   0.0000   0.0000  -0.0000  -0.0000   -0.568
   164   0.0000  36.1619  13.5246  -0.0000   0.0000  -0.0000  -0.0000   0.0000   0.0000  -0.0000  -0.0000   -0.133
   165   0.0000  37.5332  14.0374  -0.0000   0.0000  -0.0000  -0.0000   0.0000   0.0000  -0.0000  -0.0000    0.066
   166   0.0000  37.5332  14.0374  -0.0000  -0.0000  -0.0000  -0.0000   0.0000   0.0000   0.0000   0.0000    0.430
   167   0.0000  36.1619  13.5246  -0.0000   0.0000  -0.0000  -0.0000  -0.0000   0.0000   0.0000   0.0000    0.532
   168   0.0000  34.0626  12.7394  -0.0000   0.0000  -0.0000  -0.0000   0.0000   0.0000   0.0000   0.0000    0.601
   169   0.0000  31.2096  11.6724  -0.0000   0.0000  -0.0000  -0.0000   0.0000   0.0000   0.0000   0.0000    0.663
   170   0.0000  26.5957   9.9468  -0.0000   0.0000  -0.0000  -0.0000   0.0000   0.0000   0.0000   0.0000    0.742
 ---------------------------------------------------------------
