 ---------------------------------------------------------------
 Surface and Strip Forces by surface

  Forces referred to Sref, Cref, Bref about Xref, Yref, Zref
 Standard axis orientation,  X fwd, Z down         

  Surface # 1     main_wing                               
     # Chordwise = 10   # Spanwise = 30     First strip =  1
     Surface area =   63.793327       Ave. chord =    3.717556
     CLsurf  =  -2.81814     Clsurf  =   0.61676
     CYsurf  =   0.06510     Cmsurf  =   0.37808
     CDsurf  =   0.31075     Cnsurf  =   0.12763
     CDisurf =   0.31075     CDvsurf =   0.00000

  Forces referred to Ssurf, Cave about hinge axis thru LE
     CLsurf  =  -5.51607     CDsurf  =   0.60822
     Deflect =

 Strip Forces referred to Strip Area, Chord
    j      Yle    Chord     Area     c cl      ai      cl_norm  cl       cd       cdv    cm_c/4    cm_LE  C.P.x/c
     1   0.0123   7.7514   0.3815 -23.2248  -0.8678  -5.7567  -5.7562 -78.9826   0.0000   1.0393   1.7591    0.431
     2   0.1106   7.6828   1.1303 -26.2083  -0.7969  -3.6676  -3.6673  -7.2717   0.0000   1.1339   1.9542    0.559
     3   0.3062   7.5463   1.8369 -26.4975  -0.6782  -3.5721  -3.5718  -1.6698   0.0000   1.1358   1.9807    0.568
     4   0.5968   7.3435   2.4751 -26.5686  -0.5172  -3.6376  -3.6372  -0.4885   0.0000   1.0928   1.9647    0.550
     5   0.9793   7.0766   3.0215 -24.4080  -0.3117  -3.4011  -3.4008   1.4436   0.0000   0.9434   1.7762    0.527
     6   1.4496   6.7484   3.4567 -24.7579  -0.0678  -3.6532  -3.6529   0.5170   0.0000   0.7588   1.6486    0.458
     7   1.9610   6.3915   3.2367 -23.5149   0.0555  -3.6458  -3.6455   1.0267   0.0000   0.5328   1.4288    0.396
     8   2.4995   6.0157   3.4229 -23.8900   0.0153  -3.9461  -3.9458   0.7988   0.0000   0.4064   1.3763    0.353
     9   3.0975   5.5984   3.5010 -23.4363  -0.0441  -4.1485  -4.1481   1.1647   0.0000   0.2857   1.3105    0.319
    10   3.7485   5.1441   3.4716 -24.2417  -0.1237  -4.6829  -4.6825   0.9426   0.0000   0.2042   1.3597    0.294
    11   4.4453   4.6578   3.3395 -23.6913  -0.2201  -5.0512  -5.0508   1.1094   0.0000   0.0915   1.3408    0.268
    12   5.1804   4.1448   3.1137 -24.4045  -0.3248  -5.8291  -5.8286   1.8048   0.0000   0.0262   1.4737    0.254
    13   6.0123   3.7903   3.4546 -24.3430  -0.4316  -6.3556  -6.3552   2.0355   0.0000  -0.0216   1.5814    0.247
    14   6.9353   3.6074   3.3620 -24.2071  -0.4777  -6.6482  -6.6478   1.9081   0.0000  -0.0314   1.6435    0.245
    15   7.8737   3.4215   3.2240 -23.7476  -0.4916  -6.8824  -6.8820   1.8008   0.0000  -0.0313   1.7011    0.245
    16   8.8173   3.2345   3.0478 -23.0518  -0.4825  -7.0720  -7.0716   1.7054   0.0000  -0.0283   1.7505    0.246
    17   9.7557   3.0486   2.8411 -22.1622  -0.4632  -7.2178  -7.2174   1.6244   0.0000  -0.0256   1.7889    0.246
    18  10.6786   2.8657   2.6118 -21.1270  -0.4432  -7.3230  -7.3225   1.5559   0.0000  -0.0240   1.8162    0.247
    19  11.5760   2.6879   2.3677 -19.9750  -0.4273  -7.3840  -7.3835   1.5042   0.0000  -0.0245   1.8304    0.247
    20  12.4467   2.5153   2.1582 -18.7294  -0.4204  -7.3995  -7.3990   1.4771   0.0000  -0.0261   1.8324    0.246
    21  13.2645   2.3533   1.8259 -17.4105  -0.4228  -7.3520  -7.3515   1.4708   0.0000  -0.0308   1.8158    0.246
    22  14.0130   2.2050   1.5853 -16.0376  -0.4373  -7.2261  -7.2256   1.4931   0.0000  -0.0390   1.7764    0.245
    23  14.7005   2.0687   1.3533 -14.5869  -0.4663  -7.0020  -7.0015   1.5423   0.0000  -0.0521   1.7078    0.243
    24  15.3195   1.9461   1.1330 -13.0317  -0.5120  -6.6446  -6.6442   1.6122   0.0000  -0.0717   1.5998    0.239
    25  15.8633   1.8383   0.9263 -11.3219  -0.5751  -6.1036  -6.1032   1.6991   0.0000  -0.0972   1.4401    0.234
    26  16.3259   1.7467   0.7336  -9.4059  -0.6549  -5.3252  -5.3249   1.8158   0.0000  -0.1251   1.2192    0.227
    27  16.6722   1.4928   0.4112  -7.2725  -0.6100  -4.8266  -4.8248   1.4298   0.0000  -0.1624   0.9861    0.216
    28  16.9098   1.1466   0.2281  -5.1707  -0.5211  -4.4868  -4.4851   0.7751   0.0000  -0.2039   0.8627    0.205
    29  17.0696   0.9137   0.1099  -3.0954  -0.4872  -3.3799  -3.3787   0.3172   0.0000  -0.2043   0.6004    0.190
    30  17.1499   0.7966   0.0321  -1.0325  -0.4929  -1.2975  -1.2970  -0.0044   0.0000  -0.0973   0.2118    0.175

  Surface # 2     main_wing (YDUP)                        
     # Chordwise = 10   # Spanwise = 30     First strip = 31
     Surface area =   63.793327       Ave. chord =    3.717556
     CLsurf  =  -2.81812     Clsurf  =  -0.61675
     CYsurf  =  -0.06509     Cmsurf  =   0.37808
     CDsurf  =   0.31073     Cnsurf  =  -0.12763
     CDisurf =   0.31073     CDvsurf =   0.00000

  Forces referred to Ssurf, Cave about hinge axis thru LE
     CLsurf  =  -5.51602     CDsurf  =   0.60818
     Deflect =

 Strip Forces referred to Strip Area, Chord
    j      Yle    Chord     Area     c cl      ai      cl_norm  cl       cd       cdv    cm_c/4    cm_LE  C.P.x/c
    31  -0.0123   7.7514   0.3815 -23.2247  -0.8672  -5.7567  -5.7562 -78.9836   0.0000   1.0393  -1.7591    0.431
    32  -0.1106   7.6828   1.1303 -26.2082  -0.7970  -3.6676  -3.6673  -7.2715   0.0000   1.1339  -1.9542    0.559
    33  -0.3062   7.5463   1.8369 -26.4975  -0.6782  -3.5721  -3.5717  -1.6698   0.0000   1.1358  -1.9807    0.568
    34  -0.5968   7.3435   2.4751 -26.5684  -0.5171  -3.6375  -3.6372  -0.4887   0.0000   1.0928  -1.9646    0.550
    35  -0.9793   7.0766   3.0215 -24.4078  -0.3117  -3.4011  -3.4008   1.4436   0.0000   0.9434  -1.7762    0.527
    36  -1.4496   6.7484   3.4567 -24.7578  -0.0677  -3.6532  -3.6529   0.5169   0.0000   0.7588  -1.6486    0.458
    37  -1.9610   6.3915   3.2367 -23.5147   0.0555  -3.6458  -3.6455   1.0266   0.0000   0.5328  -1.4288    0.396
    38  -2.4995   6.0157   3.4229 -23.8898   0.0153  -3.9461  -3.9457   0.7988   0.0000   0.4064  -1.3763    0.353
    39  -3.0975   5.5984   3.5010 -23.4361  -0.0441  -4.1485  -4.1481   1.1647   0.0000   0.2857  -1.3105    0.319
    40  -3.7485   5.1441   3.4716 -24.2415  -0.1237  -4.6829  -4.6825   0.9426   0.0000   0.2042  -1.3597    0.294
    41  -4.4453   4.6578   3.3395 -23.6911  -0.2201  -5.0512  -5.0507   1.1093   0.0000   0.0915  -1.3408    0.268
    42  -5.1804   4.1448   3.1137 -24.4043  -0.3248  -5.8291  -5.8285   1.8047   0.0000   0.0262  -1.4737    0.254
    43  -6.0123   3.7903   3.4546 -24.3428  -0.4316  -6.3556  -6.3552   2.0355   0.0000  -0.0216  -1.5814    0.247
    44  -6.9353   3.6074   3.3620 -24.2069  -0.4777  -6.6481  -6.6477   1.9080   0.0000  -0.0314  -1.6435    0.245
    45  -7.8737   3.4215   3.2240 -23.7474  -0.4916  -6.8824  -6.8820   1.8008   0.0000  -0.0313  -1.7011    0.245
    46  -8.8173   3.2345   3.0478 -23.0516  -0.4825  -7.0719  -7.0715   1.7054   0.0000  -0.0283  -1.7505    0.246
    47  -9.7557   3.0486   2.8411 -22.1620  -0.4632  -7.2178  -7.2173   1.6244   0.0000  -0.0256  -1.7889    0.246
    48 -10.6786   2.8657   2.6118 -21.1268  -0.4432  -7.3229  -7.3225   1.5559   0.0000  -0.0240  -1.8161    0.247
    49 -11.5760   2.6879   2.3677 -19.9748  -0.4273  -7.3839  -7.3834   1.5042   0.0000  -0.0245  -1.8304    0.247
    50 -12.4467   2.5153   2.1582 -18.7291  -0.4204  -7.3994  -7.3989   1.4770   0.0000  -0.0261  -1.8324    0.246
    51 -13.2645   2.3533   1.8259 -17.4102  -0.4228  -7.3519  -7.3514   1.4708   0.0000  -0.0308  -1.8158    0.246
    52 -14.0130   2.2050   1.5853 -16.0374  -0.4373  -7.2260  -7.2255   1.4930   0.0000  -0.0390  -1.7764    0.245
    53 -14.7005   2.0687   1.3533 -14.5867  -0.4663  -7.0019  -7.0014   1.5422   0.0000  -0.0521  -1.7078    0.243
    54 -15.3195   1.9461   1.1330 -13.0315  -0.5119  -6.6445  -6.6441   1.6121   0.0000  -0.0717  -1.5998    0.239
    55 -15.8633   1.8383   0.9263 -11.3217  -0.5751  -6.1035  -6.1031   1.6990   0.0000  -0.0972  -1.4401    0.234
    56 -16.3259   1.7467   0.7336  -9.4058  -0.6549  -5.3252  -5.3248   1.8158   0.0000  -0.1251  -1.2192    0.227
    57 -16.6722   1.4928   0.4112  -7.2724  -0.6100  -4.8265  -4.8247   1.4297   0.0000  -0.1624  -0.9861    0.216
    58 -16.9098   1.1466   0.2281  -5.1706  -0.5211  -4.4867  -4.4851   0.7751   0.0000  -0.2039  -0.8626    0.205
    59 -17.0696   0.9137   0.1099  -3.0954  -0.4872  -3.3799  -3.3786   0.3172   0.0000  -0.2043  -0.6004    0.190
    60 -17.1499   0.7966   0.0321  -1.0325  -0.4929  -1.2975  -1.2970  -0.0044   0.0000  -0.0973  -0.2118    0.175

  Surface # 3     horizontal_stabilizer                   
     # Chordwise = 10   # Spanwise = 30     First strip = 61
     Surface area =   20.071465       Ave. chord =    2.826957
     CLsurf  =   0.16737     Clsurf  =  -0.01495
     CYsurf  =   0.00587     Cmsurf  =  -0.75516
     CDsurf  =  -0.03684     Cnsurf  =  -0.00649
     CDisurf =  -0.03684     CDvsurf =   0.00000

  Forces referred to Ssurf, Cave about hinge axis thru LE
     CLsurf  =   1.04111     CDsurf  =  -0.22915
     Deflect =

 Strip Forces referred to Strip Area, Chord
    j      Yle    Chord     Area     c cl      ai      cl_norm  cl       cd       cdv    cm_c/4    cm_LE  C.P.x/c
    61   0.0046   4.6976   0.0861   3.6637  -0.1537   0.7844   0.7842   0.1103   0.0000   0.0121  -0.1810    0.235
    62   0.0412   4.6783   0.2563   3.6199  -0.1553   0.7709   0.7708  -0.0997   0.0000   0.0115  -0.1801    0.235
    63   0.1140   4.6399   0.4206   3.6143  -0.1574   0.7756   0.7755  -0.1141   0.0000   0.0117  -0.1812    0.235
    64   0.2222   4.5828   0.5752   3.6113  -0.1587   0.7844   0.7842  -0.1222   0.0000   0.0122  -0.1829    0.234
    65   0.3647   4.5076   0.7167   3.6056  -0.1588   0.7960   0.7959  -0.1286   0.0000   0.0127  -0.1853    0.234
    66   0.5398   4.4152   0.8422   3.5974  -0.1568   0.8107   0.8106  -0.1334   0.0000   0.0133  -0.1885    0.234
    67   0.7511   4.3037   0.9974   3.5870  -0.1524   0.8292   0.8290  -0.1409   0.0000   0.0140  -0.1924    0.233
    68   0.9975   4.1737   1.0868   3.5699  -0.1461   0.8508   0.8506  -0.1490   0.0000   0.0146  -0.1972    0.233
    69   1.2712   4.0293   1.1531   3.5502  -0.1405   0.8762   0.8761  -0.1586   0.0000   0.0154  -0.2028    0.232
    70   1.5691   3.8721   1.1959   3.5265  -0.1393   0.9057   0.9055  -0.1652   0.0000   0.0162  -0.2094    0.232
    71   1.8880   3.7039   1.2153   3.4985  -0.1438   0.9391   0.9389  -0.1780   0.0000   0.0171  -0.2168    0.232
    72   2.2244   3.5264   1.2123   3.4599  -0.1496   0.9750   0.9749  -0.1964   0.0000   0.0179  -0.2251    0.232
    73   2.5747   3.3416   1.1886   3.4241  -0.1515   1.0185   1.0184  -0.1987   0.0000   0.0191  -0.2346    0.231
    74   2.9349   3.1516   1.1463   3.3715  -0.1491   1.0628   1.0627  -0.2223   0.0000   0.0202  -0.2447    0.231
    75   3.3011   2.9584   1.0879   3.3112  -0.1453   1.1115   1.1113  -0.2476   0.0000   0.0214  -0.2558    0.231
    76   3.6693   2.7641   1.0165   3.2460  -0.1419   1.1662   1.1660  -0.2600   0.0000   0.0232  -0.2677    0.230
    77   4.0356   2.5709   0.9351   3.1543  -0.1397   1.2176   1.2174  -0.2948   0.0000   0.0244  -0.2795    0.230
    78   4.3958   2.3808   0.8469   3.0489  -0.1389   1.2699   1.2697  -0.3360   0.0000   0.0257  -0.2914    0.230
    79   4.7460   2.1961   0.7550   2.9286  -0.1396   1.3222   1.3220  -0.3543   0.0000   0.0274  -0.3029    0.229
    80   5.0824   2.0186   0.6623   2.7853  -0.1413   1.3678   1.3675  -0.3763   0.0000   0.0290  -0.3127    0.229
    81   5.4013   1.8503   0.5714   2.6166  -0.1438   1.4017   1.4014  -0.3888   0.0000   0.0304  -0.3198    0.228
    82   5.6992   1.6931   0.4845   2.4276  -0.1465   1.4202   1.4200  -0.4214   0.0000   0.0321  -0.3230    0.227
    83   5.9729   1.5487   0.4033   2.2197  -0.1485   1.4193   1.4191  -0.4292   0.0000   0.0342  -0.3208    0.226
    84   6.2193   1.4187   0.3288   1.9979  -0.1491   1.3951   1.3949  -0.4067   0.0000   0.0373  -0.3116    0.223
    85   6.4358   1.3045   0.2616   1.7570  -0.1477   1.3335   1.3333  -0.4132   0.0000   0.0405  -0.2931    0.220
    86   6.6379   1.1979   0.2413   1.4938  -0.1435   1.2353   1.2351  -0.3621   0.0000   0.0448  -0.2642    0.214
    87   6.8184   1.1027   0.1754   1.1904  -0.1366   1.0694   1.0692  -0.3142   0.0000   0.0479  -0.2198    0.205
    88   6.9555   1.0303   0.1183   0.8687  -0.1278   0.8359   0.8358  -0.2262   0.0000   0.0464  -0.1627    0.194
    89   7.0478   0.9816   0.0681   0.5279  -0.1187   0.5330   0.5329  -0.1491   0.0000   0.0356  -0.0978    0.183
    90   7.0942   0.9572   0.0222   0.1774  -0.1116   0.1838   0.1838  -0.0482   0.0000   0.0138  -0.0322    0.175

  Surface # 4     horizontal_stabilizer (YDUP)            
     # Chordwise = 10   # Spanwise = 30     First strip = 91
     Surface area =   20.071465       Ave. chord =    2.826957
     CLsurf  =   0.16737     Clsurf  =   0.01495
     CYsurf  =  -0.00587     Cmsurf  =  -0.75514
     CDsurf  =  -0.03683     Cnsurf  =   0.00649
     CDisurf =  -0.03683     CDvsurf =   0.00000

  Forces referred to Ssurf, Cave about hinge axis thru LE
     CLsurf  =   1.04108     CDsurf  =  -0.22915
     Deflect =

 Strip Forces referred to Strip Area, Chord
    j      Yle    Chord     Area     c cl      ai      cl_norm  cl       cd       cdv    cm_c/4    cm_LE  C.P.x/c
    91  -0.0046   4.6976   0.0861   3.6637  -0.1537   0.7844   0.7842   0.1104   0.0000   0.0121   0.1810    0.235
    92  -0.0412   4.6783   0.2563   3.6199  -0.1552   0.7709   0.7708  -0.0997   0.0000   0.0115   0.1801    0.235
    93  -0.1140   4.6399   0.4206   3.6143  -0.1574   0.7756   0.7755  -0.1141   0.0000   0.0117   0.1812    0.235
    94  -0.2222   4.5828   0.5752   3.6113  -0.1587   0.7844   0.7842  -0.1222   0.0000   0.0122   0.1829    0.234
    95  -0.3647   4.5076   0.7167   3.6056  -0.1588   0.7960   0.7959  -0.1286   0.0000   0.0127   0.1853    0.234
    96  -0.5398   4.4152   0.8422   3.5974  -0.1568   0.8107   0.8106  -0.1334   0.0000   0.0133   0.1885    0.234
    97  -0.7511   4.3037   0.9974   3.5869  -0.1524   0.8292   0.8290  -0.1409   0.0000   0.0140   0.1924    0.233
    98  -0.9975   4.1737   1.0868   3.5698  -0.1461   0.8508   0.8506  -0.1490   0.0000   0.0146   0.1972    0.233
    99  -1.2712   4.0293   1.1531   3.5502  -0.1405   0.8762   0.8761  -0.1586   0.0000   0.0154   0.2028    0.232
   100  -1.5691   3.8721   1.1959   3.5264  -0.1393   0.9056   0.9055  -0.1652   0.0000   0.0162   0.2094    0.232
   101  -1.8880   3.7039   1.2153   3.4985  -0.1438   0.9390   0.9389  -0.1780   0.0000   0.0171   0.2168    0.232
   102  -2.2244   3.5264   1.2123   3.4598  -0.1496   0.9750   0.9749  -0.1963   0.0000   0.0179   0.2251    0.232
   103  -2.5747   3.3416   1.1886   3.4241  -0.1515   1.0185   1.0184  -0.1987   0.0000   0.0191   0.2346    0.231
   104  -2.9349   3.1516   1.1463   3.3714  -0.1491   1.0628   1.0626  -0.2223   0.0000   0.0202   0.2447    0.231
   105  -3.3011   2.9584   1.0879   3.3111  -0.1453   1.1115   1.1113  -0.2476   0.0000   0.0214   0.2557    0.231
   106  -3.6693   2.7641   1.0165   3.2459  -0.1419   1.1661   1.1660  -0.2600   0.0000   0.0232   0.2677    0.230
   107  -4.0356   2.5709   0.9351   3.1542  -0.1397   1.2176   1.2174  -0.2948   0.0000   0.0244   0.2795    0.230
   108  -4.3958   2.3808   0.8469   3.0488  -0.1389   1.2698   1.2696  -0.3360   0.0000   0.0257   0.2914    0.230
   109  -4.7460   2.1961   0.7550   2.9285  -0.1396   1.3222   1.3220  -0.3543   0.0000   0.0274   0.3029    0.229
   110  -5.0824   2.0186   0.6623   2.7852  -0.1413   1.3677   1.3675  -0.3762   0.0000   0.0290   0.3127    0.229
   111  -5.4013   1.8503   0.5714   2.6165  -0.1439   1.4016   1.4014  -0.3888   0.0000   0.0304   0.3198    0.228
   112  -5.6992   1.6931   0.4845   2.4276  -0.1465   1.4201   1.4199  -0.4214   0.0000   0.0321   0.3230    0.227
   113  -5.9729   1.5487   0.4033   2.2197  -0.1485   1.4193   1.4191  -0.4292   0.0000   0.0342   0.3208    0.226
   114  -6.2193   1.4187   0.3288   1.9978  -0.1491   1.3950   1.3948  -0.4067   0.0000   0.0373   0.3116    0.223
   115  -6.4358   1.3045   0.2616   1.7570  -0.1477   1.3334   1.3332  -0.4132   0.0000   0.0405   0.2931    0.220
   116  -6.6379   1.1979   0.2413   1.4937  -0.1435   1.2352   1.2351  -0.3621   0.0000   0.0448   0.2642    0.214
   117  -6.8184   1.1027   0.1754   1.1903  -0.1366   1.0693   1.0692  -0.3142   0.0000   0.0479   0.2198    0.205
   118  -6.9555   1.0303   0.1183   0.8687  -0.1278   0.8359   0.8357  -0.2262   0.0000   0.0464   0.1627    0.194
   119  -7.0478   0.9816   0.0681   0.5279  -0.1187   0.5330   0.5329  -0.1490   0.0000   0.0356   0.0978    0.183
   120  -7.0942   0.9572   0.0222   0.1774  -0.1116   0.1838   0.1838  -0.0482   0.0000   0.0138   0.0322    0.175

  Surface # 5     vertical_stabilizer                     
     # Chordwise = 10   # Spanwise = 30     First strip =121
     Surface area =   27.880133       Ave. chord =    3.584947
     CLsurf  =   0.00000     Clsurf  =  -0.00000
     CYsurf  =  -0.00000     Cmsurf  =  -0.00000
     CDsurf  =  -0.00000     Cnsurf  =   0.00000
     CDisurf =  -0.00000     CDvsurf =   0.00000

  Forces referred to Ssurf, Cave about hinge axis thru LE
     CLsurf  =   0.00000     CDsurf  =  -0.00000
     Deflect =

 Strip Forces referred to Strip Area, Chord
    j      Yle    Chord     Area     c cl      ai      cl_norm  cl       cd       cdv    cm_c/4    cm_LE  C.P.x/c
   121   0.0000   8.1257   0.4979   0.0000  -0.0000   0.0000   0.0000  -0.0000   0.0000   0.0000   0.0000   -0.710
   122   0.0000   7.9240   0.7939   0.0000   0.0000   0.0000   0.0000  -0.0000   0.0000   0.0000   0.0000   -0.757
   123   0.0000   7.6259   1.0550   0.0000   0.0000   0.0000   0.0000  -0.0000   0.0000   0.0000   0.0000   -0.699
   124   0.0000   7.2338   1.2682   0.0000  -0.0000   0.0000   0.0000  -0.0000   0.0000   0.0000   0.0000   -0.766
   125   0.0000   6.7513   1.4226   0.0000  -0.0000   0.0000   0.0000  -0.0000   0.0000   0.0000   0.0000   -0.637
   126   0.0000   6.1827   1.5094   0.0000  -0.0000   0.0000   0.0000  -0.0000   0.0000   0.0000   0.0000   -0.518
   127   0.0000   5.5336   1.5228   0.0000  -0.0000   0.0000   0.0000  -0.0000   0.0000   0.0000   0.0000   -0.369
   128   0.0000   4.8100   1.4602   0.0000  -0.0000   0.0000   0.0000  -0.0000   0.0000   0.0000   0.0000   -0.204
   129   0.0000   4.3478   1.3898   0.0000  -0.0000   0.0000   0.0000  -0.0000   0.0000   0.0000   0.0000   -0.008
   130   0.0000   4.1900   1.4293   0.0000  -0.0000   0.0000   0.0000  -0.0000   0.0000   0.0000  -0.0000    0.045
   131   0.0000   4.0228   1.4447   0.0000   0.0000   0.0000   0.0000  -0.0000   0.0000   0.0000  -0.0000    0.088
   132   0.0000   3.8479   1.4371   0.0000  -0.0000   0.0000   0.0000  -0.0000   0.0000   0.0000  -0.0000    0.112
   133   0.0000   3.6670   1.4082   0.0000  -0.0000   0.0000   0.0000  -0.0000   0.0000   0.0000  -0.0000    0.132
   134   0.0000   3.4821   1.3602   0.0000  -0.0000   0.0000   0.0000  -0.0000   0.0000   0.0000  -0.0000    0.154
   135   0.0000   3.2949   1.2955   0.0000  -0.0000   0.0000   0.0000  -0.0000   0.0000   0.0000  -0.0000    0.175
   136   0.0000   3.1075   1.2172   0.0000  -0.0000   0.0000   0.0000  -0.0000   0.0000   0.0000  -0.0000    0.190
   137   0.0000   2.9218   1.1282   0.0000  -0.0000   0.0000   0.0000  -0.0000   0.0000   0.0000  -0.0000    0.199
   138   0.0000   2.7397   1.0316   0.0000  -0.0000   0.0000   0.0000  -0.0000   0.0000   0.0000  -0.0000    0.213
   139   0.0000   2.5631   0.9305   0.0000  -0.0000   0.0000   0.0000  -0.0000   0.0000   0.0000  -0.0000    0.215
   140   0.0000   2.3939   0.8277   0.0000  -0.0000   0.0000   0.0000  -0.0000   0.0000   0.0000  -0.0000    0.219
   141   0.0000   2.2338   0.7257   0.0000  -0.0000   0.0000   0.0000  -0.0000   0.0000   0.0000  -0.0000    0.220
   142   0.0000   2.0845   0.6265   0.0000  -0.0000   0.0000   0.0000  -0.0000   0.0000   0.0000  -0.0000    0.219
   143   0.0000   1.9475   0.5319   0.0000  -0.0000   0.0000   0.0000  -0.0000   0.0000   0.0000  -0.0000    0.216
   144   0.0000   1.8243   0.4429   0.0000  -0.0000   0.0000   0.0000  -0.0000   0.0000   0.0000  -0.0000    0.215
   145   0.0000   1.7162   0.3603   0.0000  -0.0000   0.0000   0.0000  -0.0000   0.0000   0.0000  -0.0000    0.208
   146   0.0000   1.6244   0.2840   0.0000  -0.0000   0.0000   0.0000  -0.0000   0.0000   0.0000  -0.0000    0.203
   147   0.0000   1.5497   0.2138   0.0000  -0.0000   0.0000   0.0000  -0.0000   0.0000   0.0000  -0.0000    0.195
   148   0.0000   1.4930   0.1487   0.0000  -0.0000   0.0000   0.0000  -0.0000   0.0000   0.0000  -0.0000    0.189
   149   0.0000   1.4548   0.0875   0.0000  -0.0000   0.0000   0.0000  -0.0000   0.0000   0.0000  -0.0000    0.182
   150   0.0000   1.4357   0.0289   0.0000  -0.0000   0.0000   0.0000  -0.0000   0.0000   0.0000  -0.0000    0.176

  Surface # 6     fuselage_horizontal                     
     # Chordwise = 10   # Spanwise = 10     First strip =151
     Surface area =  123.841209       Ave. chord =   33.112621
     CLsurf  =  -0.00246     Clsurf  =  -0.00000
     CYsurf  =  -0.00000     Cmsurf  =  -0.10390
     CDsurf  =  -0.02422     Cnsurf  =  -0.00000
     CDisurf =  -0.02422     CDvsurf =   0.00000

  Forces referred to Ssurf, Cave about hinge axis thru LE
     CLsurf  =  -0.00248     CDsurf  =  -0.02442
     Deflect =

 Strip Forces referred to Strip Area, Chord
    j      Yle    Chord     Area     c cl      ai      cl_norm  cl       cd       cdv    cm_c/4    cm_LE  C.P.x/c
   151  -1.6830  26.5957   9.9468   0.0716   0.1676   0.0374   0.0030   0.0091   0.0000  -0.0150  -0.0021
   152  -1.3090  31.2096  11.6724   0.0237   0.0023   0.0024   0.0006  -0.0038   0.0000  -0.0154  -0.0039
   153  -0.9350  34.0626  12.7394  -0.0768  -0.1849  -0.0071  -0.0029  -0.0182   0.0000  -0.0131  -0.0042
   154  -0.5610  36.1619  13.5246  -0.1319  -0.2645  -0.0082  -0.0049  -0.0355   0.0000  -0.0114  -0.0047
   155  -0.1870  37.5333  14.0374  -0.1553  -0.2976  -0.0073  -0.0062  -0.0603   0.0000  -0.0100  -0.0062
   156   0.1870  37.5333  14.0374  -0.1553  -0.2976  -0.0073  -0.0062  -0.0603   0.0000  -0.0100  -0.0062
   157   0.5610  36.1619  13.5246  -0.1319  -0.2645  -0.0082  -0.0049  -0.0355   0.0000  -0.0114  -0.0047
   158   0.9350  34.0626  12.7394  -0.0768  -0.1849  -0.0071  -0.0029  -0.0182   0.0000  -0.0131  -0.0042
   159   1.3090  31.2096  11.6724   0.0237   0.0023   0.0024   0.0006  -0.0038   0.0000  -0.0154  -0.0039
   160   1.6830  26.5957   9.9468   0.0716   0.1676   0.0374   0.0030   0.0091   0.0000  -0.0150  -0.0021

  Surface # 7     fuselage_vertical                       
     # Chordwise = 10   # Spanwise = 10     First strip =161
     Surface area =  123.841209       Ave. chord =   33.112621
     CLsurf  =  -0.00000     Clsurf  =  -0.00000
     CYsurf  =  -0.00000     Cmsurf  =   0.00000
     CDsurf  =  -0.00000     Cnsurf  =   0.00000
     CDisurf =  -0.00000     CDvsurf =   0.00000

  Forces referred to Ssurf, Cave about hinge axis thru LE
     CLsurf  =   0.00000     CDsurf  =  -0.00000
     Deflect =

 Strip Forces referred to Strip Area, Chord
    j      Yle    Chord     Area     c cl      ai      cl_norm  cl       cd       cdv    cm_c/4    cm_LE  C.P.x/c
   161   0.0000  26.5957   9.9468   0.0000   0.0000   0.0000   0.0000   0.0000   0.0000  -0.0000  -0.0000    0.667
   162   0.0000  31.2096  11.6724   0.0000   0.0001   0.0000   0.0000   0.0000   0.0000  -0.0000  -0.0000    0.654
   163   0.0000  34.0626  12.7394   0.0000  -0.0000   0.0000   0.0000  -0.0000   0.0000  -0.0000  -0.0000    0.658
   164   0.0000  36.1619  13.5246   0.0000  -0.0000   0.0000   0.0000  -0.0000   0.0000  -0.0000  -0.0000    0.652
   165   0.0000  37.5333  14.0374   0.0000  -0.0000   0.0000   0.0000  -0.0000   0.0000  -0.0000  -0.0000    0.633
   166   0.0000  37.5333  14.0374   0.0000  -0.0000   0.0000   0.0000  -0.0000   0.0000  -0.0000  -0.0000    0.596
   167   0.0000  36.1619  13.5246   0.0000  -0.0000   0.0000   0.0000  -0.0000   0.0000  -0.0000  -0.0000    0.579
   168   0.0000  34.0626  12.7394   0.0000  -0.0000   0.0000   0.0000  -0.0000   0.0000  -0.0000  -0.0000    0.539
   169   0.0000  31.2096  11.6724   0.0000   0.0000   0.0000   0.0000  -0.0000   0.0000  -0.0000  -0.0000    0.428
   170   0.0000  26.5957   9.9468   0.0000  -0.0000   0.0000   0.0000  -0.0000   0.0000  -0.0000  -0.0000    0.255
 ---------------------------------------------------------------
