 ---------------------------------------------------------------
 Surface and Strip Forces by surface

  Forces referred to Sref, Cref, Bref about Xref, Yref, Zref
 Standard axis orientation,  X fwd, Z down         

  Surface # 1     main_wing                               
     # Chordwise = 10   # Spanwise = 30     First strip =  1
     Surface area =   63.968842       Ave. chord =    3.715026
     CLsurf  =   0.49506     Clsurf  =  -0.09695
     CYsurf  =  -0.02214     Cmsurf  =  -0.44453
     CDsurf  =   0.02050     Cnsurf  =  -0.01516
     CDisurf =   0.02050     CDvsurf =   0.00000

  Forces referred to Ssurf, Cave about hinge axis thru LE
     CLsurf  =   0.96702     CDsurf  =   0.04002
     Deflect =

 Strip Forces referred to Strip Area, Chord
    j      Yle    Chord     Area     c cl      ai      cl_norm  cl       cd       cdv    cm_c/4    cm_LE  C.P.x/c
     1   0.0114   7.7520   0.3539   6.2975   0.2259   0.8508   0.6603   0.9301   0.0000  -0.0408  -0.2010    0.312
     2   0.1025   7.6885   1.0491   5.6606   0.2257   0.9214   0.7151   0.1837   0.0000  -0.0411  -0.1857    0.307
     3   0.2837   7.5620   1.7073   5.6081   0.2247   0.9390   0.7287   0.1374   0.0000  -0.0381  -0.1844    0.302
     4   0.5530   7.3741   2.3052   5.5788   0.2218   0.9627   0.7472   0.1189   0.0000  -0.0336  -0.1839    0.295
     5   0.9075   7.1267   2.8223   5.5414   0.2148   0.9921   0.7700   0.1105   0.0000  -0.0286  -0.1841    0.287
     6   1.3432   6.8226   3.2414   5.4746   0.1975   1.0284   0.7981   0.0942   0.0000  -0.0241  -0.1857    0.280
     7   1.8554   6.4651   3.5491   5.3708   0.1604   1.0705   0.8308   0.0719   0.0000  -0.0206  -0.1887    0.275
     8   2.4386   6.0582   3.7368   5.2336   0.1240   1.1151   0.8654   0.0667   0.0000  -0.0180  -0.1935    0.271
     9   3.0862   5.6062   3.8005   5.0569   0.1084   1.1673   0.9060   0.0563   0.0000  -0.0165  -0.2001    0.268
    10   3.7613   5.1351   3.4440   4.8421   0.0960   1.2224   0.9487   0.0499   0.0000  -0.0160  -0.2082    0.267
    11   4.4532   4.6522   3.3149   4.6220   0.0802   1.2936   1.0039   0.0279   0.0000  -0.0161  -0.2188    0.266
    12   5.1831   4.1429   3.0930   4.3504   0.0553   1.3717   1.0645   0.0102   0.0000  -0.0138  -0.2286    0.263
    13   6.0123   3.7903   3.4706   4.0697   0.0380   1.3398   1.0901   0.0009   0.0000  -0.0072  -0.2511    0.257
    14   6.9353   3.6075   3.3775   3.8496   0.0343   1.3313   1.0832   0.0023   0.0000  -0.0077  -0.2500    0.257
    15   7.8737   3.4215   3.2389   3.6481   0.0283   1.3303   1.0825   0.0014   0.0000  -0.0083  -0.2504    0.258
    16   8.8172   3.2345   3.0619   3.4549   0.0242   1.3330   1.0847  -0.0001   0.0000  -0.0090  -0.2515    0.258
    17   9.7556   3.0486   2.8543   3.2629   0.0230   1.3361   1.0872  -0.0018   0.0000  -0.0100  -0.2528    0.259
    18  10.6786   2.8657   2.6239   3.0737   0.0236   1.3393   1.0898  -0.0033   0.0000  -0.0110  -0.2542    0.260
    19  11.5760   2.6879   2.3787   2.8871   0.0254   1.3416   1.0916  -0.0050   0.0000  -0.0120  -0.2554    0.261
    20  12.4328   2.5181   2.1010   2.7045   0.0288   1.3417   1.0917  -0.0060   0.0000  -0.0121  -0.2556    0.261
    21  13.2400   2.3582   1.8520   2.5245   0.0341   1.3373   1.0882  -0.0061   0.0000  -0.0113  -0.2541    0.260
    22  13.9941   2.2087   1.6074   2.3427   0.0414   1.3250   1.0782  -0.0062   0.0000  -0.0098  -0.2504    0.259
    23  14.6868   2.0715   1.3716   2.1533   0.0514   1.2985   1.0566  -0.0057   0.0000  -0.0071  -0.2432    0.257
    24  15.3105   1.9479   1.1479   1.9484   0.0641   1.2493   1.0165  -0.0045   0.0000  -0.0030  -0.2307    0.253
    25  15.8583   1.8393   0.9381   1.7165   0.0785   1.1649   0.9479  -0.0013   0.0000   0.0013  -0.2116    0.249
    26  16.3244   1.7470   0.7427   1.4479   0.0930   1.0321   0.8398   0.0103   0.0000  -0.0012  -0.1900    0.251
    27  16.6722   1.4928   0.4131   1.1535   0.1074   2.5891   0.7913  -0.0356   0.0000  -0.0047  -0.1013    0.256
    28  16.9098   1.1466   0.2292   0.8537   0.1263   2.5246   0.7716  -0.0848   0.0000   0.0250  -0.0843    0.218
    29  17.0696   0.9138   0.1104   0.5268   0.1413   1.9886   0.6077  -0.1227   0.0000   0.0526  -0.0503    0.164
    30  17.1499   0.7967   0.0322   0.1782   0.1492   0.7990   0.2442  -0.0936   0.0000   0.0332  -0.0137    0.114

  Surface # 2     main_wing (YDUP)                        
     # Chordwise = 10   # Spanwise = 30     First strip = 31
     Surface area =   63.968842       Ave. chord =    3.715026
     CLsurf  =   0.49506     Clsurf  =   0.09695
     CYsurf  =   0.02214     Cmsurf  =  -0.44453
     CDsurf  =   0.02050     Cnsurf  =   0.01516
     CDisurf =   0.02050     CDvsurf =   0.00000

  Forces referred to Ssurf, Cave about hinge axis thru LE
     CLsurf  =   0.96702     CDsurf  =   0.04002
     Deflect =

 Strip Forces referred to Strip Area, Chord
    j      Yle    Chord     Area     c cl      ai      cl_norm  cl       cd       cdv    cm_c/4    cm_LE  C.P.x/c
    31  -0.0114   7.7520   0.3539   6.2975   0.2259   0.8508   0.6603   0.9301   0.0000  -0.0408   0.2010    0.312
    32  -0.1025   7.6885   1.0491   5.6606   0.2257   0.9214   0.7151   0.1837   0.0000  -0.0411   0.1857    0.307
    33  -0.2837   7.5620   1.7073   5.6081   0.2247   0.9390   0.7287   0.1374   0.0000  -0.0381   0.1844    0.302
    34  -0.5530   7.3741   2.3052   5.5788   0.2218   0.9627   0.7472   0.1189   0.0000  -0.0336   0.1839    0.295
    35  -0.9075   7.1267   2.8223   5.5414   0.2148   0.9921   0.7700   0.1105   0.0000  -0.0286   0.1841    0.287
    36  -1.3432   6.8226   3.2414   5.4746   0.1975   1.0284   0.7981   0.0942   0.0000  -0.0241   0.1857    0.280
    37  -1.8554   6.4651   3.5491   5.3708   0.1604   1.0705   0.8308   0.0719   0.0000  -0.0206   0.1887    0.275
    38  -2.4386   6.0582   3.7368   5.2336   0.1240   1.1151   0.8654   0.0667   0.0000  -0.0180   0.1935    0.271
    39  -3.0862   5.6062   3.8005   5.0569   0.1084   1.1673   0.9060   0.0563   0.0000  -0.0165   0.2001    0.268
    40  -3.7613   5.1351   3.4440   4.8421   0.0960   1.2224   0.9487   0.0499   0.0000  -0.0160   0.2082    0.267
    41  -4.4532   4.6522   3.3149   4.6220   0.0802   1.2936   1.0039   0.0279   0.0000  -0.0161   0.2188    0.266
    42  -5.1831   4.1429   3.0930   4.3504   0.0553   1.3717   1.0645   0.0102   0.0000  -0.0138   0.2286    0.263
    43  -6.0123   3.7903   3.4706   4.0697   0.0380   1.3398   1.0901   0.0009   0.0000  -0.0072   0.2511    0.257
    44  -6.9353   3.6075   3.3775   3.8496   0.0343   1.3313   1.0832   0.0023   0.0000  -0.0077   0.2500    0.257
    45  -7.8737   3.4215   3.2389   3.6481   0.0283   1.3303   1.0825   0.0014   0.0000  -0.0083   0.2504    0.258
    46  -8.8172   3.2345   3.0619   3.4549   0.0242   1.3330   1.0847  -0.0001   0.0000  -0.0090   0.2515    0.258
    47  -9.7556   3.0486   2.8543   3.2629   0.0230   1.3361   1.0872  -0.0018   0.0000  -0.0100   0.2528    0.259
    48 -10.6786   2.8657   2.6239   3.0737   0.0236   1.3393   1.0898  -0.0033   0.0000  -0.0110   0.2542    0.260
    49 -11.5760   2.6879   2.3787   2.8871   0.0254   1.3416   1.0916  -0.0050   0.0000  -0.0120   0.2554    0.261
    50 -12.4328   2.5181   2.1010   2.7045   0.0288   1.3417   1.0917  -0.0060   0.0000  -0.0121   0.2556    0.261
    51 -13.2400   2.3582   1.8520   2.5245   0.0341   1.3373   1.0882  -0.0061   0.0000  -0.0113   0.2541    0.260
    52 -13.9941   2.2087   1.6074   2.3427   0.0414   1.3250   1.0782  -0.0062   0.0000  -0.0098   0.2504    0.259
    53 -14.6868   2.0715   1.3716   2.1533   0.0514   1.2985   1.0566  -0.0057   0.0000  -0.0071   0.2432    0.257
    54 -15.3105   1.9479   1.1479   1.9484   0.0641   1.2493   1.0165  -0.0045   0.0000  -0.0030   0.2307    0.253
    55 -15.8583   1.8393   0.9381   1.7165   0.0785   1.1649   0.9479  -0.0013   0.0000   0.0013   0.2116    0.249
    56 -16.3244   1.7470   0.7427   1.4478   0.0930   1.0321   0.8398   0.0103   0.0000  -0.0012   0.1900    0.251
    57 -16.6722   1.4928   0.4131   1.1535   0.1074   2.5891   0.7913  -0.0356   0.0000  -0.0047   0.1013    0.256
    58 -16.9098   1.1466   0.2292   0.8537   0.1263   2.5246   0.7716  -0.0848   0.0000   0.0250   0.0843    0.218
    59 -17.0696   0.9138   0.1104   0.5268   0.1413   1.9886   0.6077  -0.1227   0.0000   0.0526   0.0503    0.164
    60 -17.1499   0.7967   0.0322   0.1782   0.1492   0.7990   0.2442  -0.0936   0.0000   0.0332   0.0137    0.114

  Surface # 3     horizontal_stabilizer                   
     # Chordwise = 10   # Spanwise = 30     First strip = 61
     Surface area =   20.744604       Ave. chord =    2.848572
     CLsurf  =   0.06377     Clsurf  =  -0.00656
     CYsurf  =  -0.01002     Cmsurf  =  -0.31290
     CDsurf  =   0.00647     Cnsurf  =   0.00529
     CDisurf =   0.00647     CDvsurf =   0.00000

  Forces referred to Ssurf, Cave about hinge axis thru LE
     CLsurf  =   0.38854     CDsurf  =   0.03893
     Deflect =

 Strip Forces referred to Strip Area, Chord
    j      Yle    Chord     Area     c cl      ai      cl_norm  cl       cd       cdv    cm_c/4    cm_LE  C.P.x/c
    61   0.0047   4.2713   0.0803   1.6422   0.1679   0.4552   0.3461   0.2505   0.0000  -0.0161  -0.0977    0.297
    62   0.0418   4.2566   0.2392   1.3484   0.1686   0.4094   0.3112   0.0590   0.0000  -0.0163  -0.0836    0.302
    63   0.1156   4.2274   0.3930   1.3264   0.1688   0.4082   0.3103   0.0466   0.0000  -0.0153  -0.0822    0.299
    64   0.2254   4.1839   0.5386   1.3198   0.1683   0.4113   0.3126   0.0434   0.0000  -0.0137  -0.0812    0.294
    65   0.3698   4.1268   0.6730   1.3185   0.1667   0.4169   0.3169   0.0422   0.0000  -0.0117  -0.0804    0.287
    66   0.5474   4.0565   0.7936   1.3155   0.1639   0.4235   0.3219   0.0415   0.0000  -0.0096  -0.0797    0.280
    67   0.7617   3.9717   0.9441   1.3126   0.1594   0.4320   0.3283   0.0408   0.0000  -0.0075  -0.0794    0.273
    68   1.0116   3.8728   1.0344   1.3060   0.1530   0.4412   0.3353   0.0397   0.0000  -0.0057  -0.0794    0.267
    69   1.2891   3.7630   1.1046   1.3001   0.1449   0.4523   0.3438   0.0395   0.0000  -0.0041  -0.0799    0.262
    70   1.5912   3.6435   1.1542   1.2920   0.1356   0.4645   0.3531   0.0393   0.0000  -0.0029  -0.0809    0.258
    71   1.9146   3.5155   1.1831   1.2814   0.1264   0.4778   0.3631   0.0393   0.0000  -0.0018  -0.0822    0.255
    72   2.2558   3.3805   1.1921   1.2684   0.1182   0.4920   0.3740   0.0394   0.0000  -0.0009  -0.0839    0.252
    73   2.6109   3.2400   1.1821   1.2542   0.1118   0.5079   0.3860   0.0395   0.0000  -0.0002  -0.0859    0.250
    74   2.9762   3.0955   1.1548   1.2378   0.1072   0.5249   0.3990   0.0398   0.0000   0.0006  -0.0881    0.249
    75   3.3476   2.9485   1.1122   1.2181   0.1040   0.5426   0.4124   0.0397   0.0000   0.0013  -0.0904    0.247
    76   3.7210   2.8008   1.0564   1.1950   0.1019   0.5607   0.4262   0.0396   0.0000   0.0020  -0.0928    0.245
    77   4.0924   2.6538   0.9900   1.1684   0.1007   0.5790   0.4401   0.0393   0.0000   0.0029  -0.0951    0.243
    78   4.4577   2.5093   0.9155   1.1378   0.1003   0.5966   0.4535   0.0389   0.0000   0.0039  -0.0971    0.241
    79   4.8128   2.3687   0.8353   1.1013   0.1008   0.6121   0.4653   0.0383   0.0000   0.0052  -0.0987    0.239
    80   5.1540   2.2338   0.7518   1.0587   0.1022   0.6244   0.4746   0.0374   0.0000   0.0067  -0.0993    0.236
    81   5.4774   2.1058   0.6671   1.0091   0.1044   0.6317   0.4802   0.0362   0.0000   0.0087  -0.0989    0.232
    82   5.7795   1.9862   0.5830   0.9516   0.1077   0.6320   0.4804   0.0341   0.0000   0.0112  -0.0968    0.227
    83   6.0570   1.8764   0.5012   0.8865   0.1117   0.6236   0.4740   0.0322   0.0000   0.0143  -0.0927    0.220
    84   6.3069   1.7776   0.4225   0.8114   0.1164   0.6029   0.4582   0.0295   0.0000   0.0181  -0.0861    0.211
    85   6.5264   1.6907   0.3478   0.7266   0.1213   0.5680   0.4317   0.0258   0.0000   0.0221  -0.0768    0.199
    86   6.7314   1.6096   0.3326   0.6266   0.1263   0.5150   0.3914   0.0217   0.0000   0.0258  -0.0647    0.184
    87   6.9144   1.5372   0.2507   0.5051   0.1311   0.4352   0.3307   0.0162   0.0000   0.0281  -0.0494    0.165
    88   7.0535   1.4822   0.1746   0.3707   0.1349   0.3318   0.2522   0.0100   0.0000   0.0266  -0.0333    0.145
    89   7.1471   1.4451   0.1029   0.2266   0.1376   0.2085   0.1584   0.0042   0.0000   0.0195  -0.0185    0.127
    90   7.1941   1.4265   0.0340   0.0763   0.1391   0.0718   0.0546  -0.0017   0.0000   0.0072  -0.0058    0.117

  Surface # 4     horizontal_stabilizer (YDUP)            
     # Chordwise = 10   # Spanwise = 30     First strip = 91
     Surface area =   20.744604       Ave. chord =    2.848572
     CLsurf  =   0.06377     Clsurf  =   0.00656
     CYsurf  =   0.01002     Cmsurf  =  -0.31290
     CDsurf  =   0.00647     Cnsurf  =  -0.00529
     CDisurf =   0.00647     CDvsurf =   0.00000

  Forces referred to Ssurf, Cave about hinge axis thru LE
     CLsurf  =   0.38854     CDsurf  =   0.03893
     Deflect =

 Strip Forces referred to Strip Area, Chord
    j      Yle    Chord     Area     c cl      ai      cl_norm  cl       cd       cdv    cm_c/4    cm_LE  C.P.x/c
    91  -0.0047   4.2713   0.0803   1.6422   0.1679   0.4552   0.3461   0.2505   0.0000  -0.0161   0.0977    0.297
    92  -0.0418   4.2566   0.2392   1.3484   0.1686   0.4094   0.3112   0.0590   0.0000  -0.0163   0.0836    0.302
    93  -0.1156   4.2274   0.3930   1.3264   0.1688   0.4082   0.3103   0.0466   0.0000  -0.0153   0.0822    0.299
    94  -0.2254   4.1839   0.5386   1.3198   0.1683   0.4113   0.3126   0.0434   0.0000  -0.0137   0.0812    0.294
    95  -0.3698   4.1268   0.6730   1.3185   0.1667   0.4169   0.3169   0.0422   0.0000  -0.0117   0.0804    0.287
    96  -0.5474   4.0565   0.7936   1.3155   0.1639   0.4235   0.3219   0.0415   0.0000  -0.0096   0.0797    0.280
    97  -0.7617   3.9717   0.9441   1.3126   0.1594   0.4320   0.3283   0.0408   0.0000  -0.0075   0.0794    0.273
    98  -1.0116   3.8728   1.0344   1.3060   0.1530   0.4412   0.3353   0.0397   0.0000  -0.0057   0.0794    0.267
    99  -1.2891   3.7630   1.1046   1.3001   0.1449   0.4523   0.3438   0.0395   0.0000  -0.0041   0.0799    0.262
   100  -1.5912   3.6435   1.1542   1.2920   0.1356   0.4645   0.3531   0.0393   0.0000  -0.0029   0.0809    0.258
   101  -1.9146   3.5155   1.1831   1.2814   0.1264   0.4778   0.3631   0.0393   0.0000  -0.0018   0.0822    0.255
   102  -2.2558   3.3805   1.1921   1.2684   0.1182   0.4920   0.3740   0.0394   0.0000  -0.0009   0.0839    0.252
   103  -2.6109   3.2400   1.1821   1.2542   0.1118   0.5079   0.3860   0.0395   0.0000  -0.0002   0.0859    0.250
   104  -2.9762   3.0955   1.1548   1.2378   0.1072   0.5249   0.3990   0.0398   0.0000   0.0006   0.0881    0.249
   105  -3.3476   2.9485   1.1122   1.2181   0.1040   0.5426   0.4124   0.0397   0.0000   0.0013   0.0904    0.247
   106  -3.7210   2.8008   1.0564   1.1950   0.1019   0.5607   0.4262   0.0396   0.0000   0.0020   0.0928    0.245
   107  -4.0924   2.6538   0.9900   1.1684   0.1007   0.5790   0.4401   0.0393   0.0000   0.0029   0.0951    0.243
   108  -4.4577   2.5093   0.9155   1.1378   0.1003   0.5966   0.4535   0.0389   0.0000   0.0039   0.0971    0.241
   109  -4.8128   2.3687   0.8353   1.1013   0.1008   0.6121   0.4653   0.0383   0.0000   0.0052   0.0987    0.239
   110  -5.1540   2.2338   0.7518   1.0587   0.1022   0.6244   0.4746   0.0374   0.0000   0.0067   0.0993    0.236
   111  -5.4774   2.1058   0.6671   1.0091   0.1044   0.6317   0.4802   0.0362   0.0000   0.0087   0.0989    0.232
   112  -5.7795   1.9862   0.5830   0.9516   0.1077   0.6320   0.4804   0.0341   0.0000   0.0112   0.0968    0.227
   113  -6.0570   1.8764   0.5012   0.8865   0.1117   0.6236   0.4740   0.0322   0.0000   0.0143   0.0927    0.220
   114  -6.3069   1.7776   0.4225   0.8114   0.1164   0.6029   0.4582   0.0295   0.0000   0.0181   0.0861    0.211
   115  -6.5264   1.6907   0.3478   0.7266   0.1213   0.5680   0.4317   0.0258   0.0000   0.0221   0.0768    0.199
   116  -6.7314   1.6096   0.3326   0.6266   0.1263   0.5150   0.3914   0.0217   0.0000   0.0258   0.0647    0.184
   117  -6.9144   1.5372   0.2507   0.5051   0.1311   0.4352   0.3307   0.0162   0.0000   0.0281   0.0494    0.165
   118  -7.0535   1.4822   0.1746   0.3707   0.1349   0.3318   0.2522   0.0100   0.0000   0.0266   0.0333    0.145
   119  -7.1471   1.4451   0.1029   0.2266   0.1376   0.2085   0.1584   0.0042   0.0000   0.0195   0.0185    0.127
   120  -7.1941   1.4265   0.0340   0.0763   0.1391   0.0718   0.0546  -0.0017   0.0000   0.0072   0.0058    0.117

  Surface # 5     vertical_stabilizer                     
     # Chordwise = 10   # Spanwise = 30     First strip =121
     Surface area =   34.910358       Ave. chord =    4.190919
     CLsurf  =   0.00000     Clsurf  =   0.00000
     CYsurf  =   0.00000     Cmsurf  =  -0.00000
     CDsurf  =  -0.00000     Cnsurf  =  -0.00000
     CDisurf =  -0.00000     CDvsurf =   0.00000

  Forces referred to Ssurf, Cave about hinge axis thru LE
     CLsurf  =  -0.00000     CDsurf  =  -0.00000
     Deflect =

 Strip Forces referred to Strip Area, Chord
    j      Yle    Chord     Area     c cl      ai      cl_norm  cl       cd       cdv    cm_c/4    cm_LE  C.P.x/c
   121   0.0000  10.0347   0.6931  -0.0000  -0.0000  -0.0000  -0.0000   0.0000   0.0000   0.0000   0.0000    0.331
   122   0.0000   9.8296   1.1101  -0.0000   0.0000  -0.0000  -0.0000   0.0000   0.0000   0.0000   0.0000    0.333
   123   0.0000   9.5266   1.4857  -0.0000  -0.0000  -0.0000  -0.0000   0.0000   0.0000   0.0000   0.0000    0.336
   124   0.0000   9.1281   1.8040  -0.0000   0.0000  -0.0000  -0.0000   0.0000   0.0000   0.0000   0.0000    0.350
   125   0.0000   8.6377   2.0517  -0.0000   0.0000  -0.0000  -0.0000   0.0000   0.0000   0.0000   0.0000    0.349
   126   0.0000   8.0598   2.2181  -0.0000   0.0000  -0.0000  -0.0000   0.0000   0.0000   0.0000   0.0000    0.350
   127   0.0000   7.4000   2.2957  -0.0000  -0.0000  -0.0000  -0.0000  -0.0000   0.0000   0.0000   0.0000    0.355
   128   0.0000   6.6646   2.2808  -0.0000   0.0000  -0.0000  -0.0000   0.0000   0.0000   0.0000   0.0000    0.343
   129   0.0000   5.8609   2.1733  -0.0000   0.0000  -0.0000  -0.0000   0.0000   0.0000   0.0000   0.0000    0.321
   130   0.0000   4.9969   1.9773  -0.0000   0.0000  -0.0000  -0.0000   0.0000   0.0000   0.0000   0.0000    0.283
   131   0.0000   4.4389   1.6667  -0.0000   0.0000  -0.0000  -0.0000  -0.0000   0.0000   0.0000   0.0000    0.250
   132   0.0000   4.2198   1.6478  -0.0000   0.0000  -0.0000  -0.0000  -0.0000   0.0000  -0.0000   0.0000    0.247
   133   0.0000   3.9932   1.6033  -0.0000   0.0000  -0.0000  -0.0000  -0.0000   0.0000  -0.0000   0.0000    0.246
   134   0.0000   3.7615   1.5362  -0.0000   0.0000  -0.0000  -0.0000  -0.0000   0.0000  -0.0000   0.0000    0.232
   135   0.0000   3.5271   1.4499  -0.0000   0.0000  -0.0000  -0.0000  -0.0000   0.0000  -0.0000   0.0000    0.233
   136   0.0000   3.2923   1.3482  -0.0000   0.0000  -0.0000  -0.0000  -0.0000   0.0000  -0.0000   0.0000    0.234
   137   0.0000   3.0597   1.2352  -0.0000   0.0000  -0.0000  -0.0000  -0.0000   0.0000  -0.0000   0.0000    0.226
   138   0.0000   2.8315   1.1147  -0.0000   0.0000  -0.0000  -0.0000  -0.0000   0.0000  -0.0000   0.0000    0.227
   139   0.0000   2.6103   0.9908  -0.0000   0.0000  -0.0000  -0.0000  -0.0000   0.0000  -0.0000   0.0000    0.225
   140   0.0000   2.3983   0.8670  -0.0000   0.0000  -0.0000  -0.0000  -0.0000   0.0000  -0.0000   0.0000    0.224
   141   0.0000   2.1977   0.7464  -0.0000   0.0000  -0.0000  -0.0000  -0.0000   0.0000  -0.0000   0.0000    0.221
   142   0.0000   2.0106   0.6318  -0.0000   0.0000  -0.0000  -0.0000  -0.0000   0.0000  -0.0000   0.0000    0.217
   143   0.0000   1.8390   0.5251  -0.0000   0.0000  -0.0000  -0.0000  -0.0000   0.0000  -0.0000   0.0000    0.217
   144   0.0000   1.6847   0.4276  -0.0000   0.0000  -0.0000  -0.0000  -0.0000   0.0000  -0.0000   0.0000    0.206
   145   0.0000   1.5493   0.3400  -0.0000   0.0000  -0.0000  -0.0000  -0.0000   0.0000  -0.0000   0.0000    0.194
   146   0.0000   1.4342   0.2622  -0.0000   0.0000  -0.0000  -0.0000  -0.0000   0.0000  -0.0000   0.0000    0.176
   147   0.0000   1.3407   0.1933  -0.0000   0.0000  -0.0000  -0.0000  -0.0000   0.0000  -0.0000   0.0000    0.158
   148   0.0000   1.2696   0.1322  -0.0000   0.0000  -0.0000  -0.0000  -0.0000   0.0000  -0.0000   0.0000    0.136
   149   0.0000   1.2218   0.0769  -0.0000   0.0000  -0.0000  -0.0000  -0.0000   0.0000  -0.0000   0.0000    0.116
   150   0.0000   1.1978   0.0252  -0.0000   0.0000  -0.0000  -0.0000  -0.0000   0.0000  -0.0000   0.0000    0.104

  Surface # 6     fuselage_horizontal                     
     # Chordwise = 10   # Spanwise = 10     First strip =151
     Surface area =  123.841202       Ave. chord =   33.112617
     CLsurf  =   0.01749     Clsurf  =   0.00000
     CYsurf  =   0.00000     Cmsurf  =   0.09569
     CDsurf  =  -0.00020     Cnsurf  =   0.00000
     CDisurf =  -0.00020     CDvsurf =   0.00000

  Forces referred to Ssurf, Cave about hinge axis thru LE
     CLsurf  =   0.01764     CDsurf  =  -0.00020
     Deflect =

 Strip Forces referred to Strip Area, Chord
    j      Yle    Chord     Area     c cl      ai      cl_norm  cl       cd       cdv    cm_c/4    cm_LE  C.P.x/c
   151  -1.6830  26.5957   9.9468   0.4039   0.2570   0.1528   0.0164  -0.0053   0.0000   0.0064   0.0003   -0.139
   152  -1.3090  31.2096  11.6724   0.5620   0.2726   0.0666   0.0186  -0.0016   0.0000   0.0081   0.0009   -0.188
   153  -0.9350  34.0626  12.7394   0.6116   0.2466   0.0428   0.0183  -0.0001   0.0000   0.0099   0.0018   -0.293
   154  -0.5610  36.1619  13.5246   0.6385   0.2363   0.0292   0.0177   0.0011   0.0000   0.0108   0.0028   -0.357
   155  -0.1870  37.5332  14.0374   0.6542   0.2348   0.0198   0.0171   0.0032   0.0000   0.0110   0.0046   -0.391
   156   0.1870  37.5332  14.0374   0.6542   0.2348   0.0198   0.0171   0.0032   0.0000   0.0110   0.0046   -0.391
   157   0.5610  36.1619  13.5246   0.6385   0.2363   0.0292   0.0177   0.0011   0.0000   0.0108   0.0028   -0.357
   158   0.9350  34.0626  12.7394   0.6116   0.2466   0.0428   0.0183  -0.0001   0.0000   0.0099   0.0018   -0.293
   159   1.3090  31.2096  11.6724   0.5620   0.2726   0.0666   0.0186  -0.0016   0.0000   0.0081   0.0009   -0.188
   160   1.6830  26.5957   9.9468   0.4039   0.2570   0.1528   0.0164  -0.0053   0.0000   0.0064   0.0003   -0.139

  Surface # 7     fuselage_vertical                       
     # Chordwise = 10   # Spanwise = 10     First strip =161
     Surface area =  123.841202       Ave. chord =   33.112617
     CLsurf  =   0.00000     Clsurf  =  -0.00000
     CYsurf  =   0.00000     Cmsurf  =  -0.00000
     CDsurf  =   0.00000     Cnsurf  =  -0.00000
     CDisurf =   0.00000     CDvsurf =   0.00000

  Forces referred to Ssurf, Cave about hinge axis thru LE
     CLsurf  =  -0.00000     CDsurf  =   0.00000
     Deflect =

 Strip Forces referred to Strip Area, Chord
    j      Yle    Chord     Area     c cl      ai      cl_norm  cl       cd       cdv    cm_c/4    cm_LE  C.P.x/c
   161   0.0000  26.5957   9.9468  -0.0000  -0.0000  -0.0000  -0.0000   0.0000   0.0000   0.0000   0.0000    1.691
   162   0.0000  31.2096  11.6724  -0.0000  -0.0000  -0.0000  -0.0000  -0.0000   0.0000  -0.0000  -0.0000
   163   0.0000  34.0626  12.7394  -0.0000   0.0000  -0.0000  -0.0000  -0.0000   0.0000  -0.0000  -0.0000   -0.913
   164   0.0000  36.1619  13.5246  -0.0000   0.0000  -0.0000  -0.0000   0.0000   0.0000  -0.0000  -0.0000   -0.265
   165   0.0000  37.5332  14.0374  -0.0000   0.0000  -0.0000  -0.0000   0.0000   0.0000  -0.0000  -0.0000    0.107
   166   0.0000  37.5332  14.0374  -0.0000   0.0000  -0.0000  -0.0000   0.0000   0.0000   0.0000   0.0000    0.518
   167   0.0000  36.1619  13.5246  -0.0000  -0.0000  -0.0000  -0.0000   0.0000   0.0000   0.0000   0.0000    0.604
   168   0.0000  34.0626  12.7394  -0.0000   0.0000  -0.0000  -0.0000   0.0000   0.0000   0.0000   0.0000    0.657
   169   0.0000  31.2096  11.6724  -0.0000   0.0000  -0.0000  -0.0000   0.0000   0.0000   0.0000   0.0000    0.706
   170   0.0000  26.5957   9.9468  -0.0000  -0.0000  -0.0000  -0.0000  -0.0000   0.0000   0.0000   0.0000    0.787
 ---------------------------------------------------------------
