 ---------------------------------------------------------------
 Surface and Strip Forces by surface

  Forces referred to Sref, Cref, Bref about Xref, Yref, Zref
 Standard axis orientation,  X fwd, Z down         

  Surface # 1     main_wing                               
     # Chordwise = 10   # Spanwise = 30     First strip =  1
     Surface area =   63.968842       Ave. chord =    3.715026
     CLsurf  =   0.01890     Clsurf  =   0.00118
     CYsurf  =  -0.00058     Cmsurf  =  -0.00458
     CDsurf  =   0.00052     Cnsurf  =  -0.00007
     CDisurf =   0.00052     CDvsurf =   0.00000

  Forces referred to Ssurf, Cave about hinge axis thru LE
     CLsurf  =   0.03688     CDsurf  =   0.00101
     Deflect =

 Strip Forces referred to Strip Area, Chord
    j      Yle    Chord     Area     c cl      ai      cl_norm  cl       cd       cdv    cm_c/4    cm_LE  C.P.x/c
     1   0.0114   7.7520   0.3539   0.8942   0.0125   0.1500   0.1166   0.0336   0.0000  -0.0092  -0.0309    0.329
     2   0.1025   7.6885   1.0491   0.8683   0.0117   0.1457   0.1132   0.0067   0.0000  -0.0090  -0.0302    0.329
     3   0.2837   7.5620   1.7073   0.8629   0.0103   0.1471   0.1143   0.0048   0.0000  -0.0087  -0.0303    0.326
     4   0.5530   7.3741   2.3052   0.8523   0.0080   0.1490   0.1158   0.0041   0.0000  -0.0084  -0.0303    0.322
     5   0.9075   7.1267   2.8223   0.8311   0.0053   0.1503   0.1168   0.0035   0.0000  -0.0081  -0.0303    0.319
     6   1.3432   6.8226   3.2414   0.7946   0.0054   0.1501   0.1166   0.0029   0.0000  -0.0080  -0.0302    0.319
     7   1.8554   6.4651   3.5491   0.7390   0.0150   0.1473   0.1145   0.0020   0.0000  -0.0082  -0.0299    0.322
     8   2.4386   6.0582   3.7368   0.6623   0.0227   0.1408   0.1094   0.0011   0.0000  -0.0088  -0.0294    0.331
     9   3.0862   5.6062   3.8005   0.5650   0.0156   0.1298   0.1008   0.0003   0.0000  -0.0100  -0.0286    0.349
    10   3.7613   5.1351   3.4440   0.4568   0.0058   0.1145   0.0890  -0.0004   0.0000  -0.0111  -0.0271    0.374
    11   4.4532   4.6522   3.3149   0.3407  -0.0028   0.0943   0.0733  -0.0006   0.0000  -0.0123  -0.0249    0.418
    12   5.1831   4.1429   3.0930   0.2211  -0.0129   0.0687   0.0534  -0.0007   0.0000  -0.0142  -0.0224    0.516
    13   6.0123   3.7903   3.4706   0.1143  -0.0179   0.0366   0.0301  -0.0005   0.0000  -0.0162  -0.0211    0.787
    14   6.9353   3.6075   3.3775   0.0388  -0.0128   0.0130   0.0107  -0.0002   0.0000  -0.0177  -0.0181    1.894
    15   7.8737   3.4215   3.2389  -0.0194  -0.0088  -0.0069  -0.0057   0.0001   0.0000  -0.0193  -0.0159
    16   8.8172   3.2345   3.0619  -0.0648  -0.0065  -0.0243  -0.0200   0.0003   0.0000  -0.0212  -0.0144   -0.806
    17   9.7556   3.0486   2.8543  -0.0996  -0.0059  -0.0397  -0.0327   0.0004   0.0000  -0.0233  -0.0135   -0.462
    18  10.6786   2.8657   2.6239  -0.1251  -0.0062  -0.0530  -0.0437   0.0004   0.0000  -0.0256  -0.0132   -0.337
    19  11.5760   2.6879   2.3787  -0.1422  -0.0071  -0.0642  -0.0529   0.0005   0.0000  -0.0280  -0.0132   -0.279
    20  12.4328   2.5181   2.1010  -0.1500  -0.0076  -0.0723  -0.0596   0.0004   0.0000  -0.0297  -0.0133   -0.249
    21  13.2400   2.3582   1.8520  -0.1494  -0.0075  -0.0769  -0.0634   0.0003   0.0000  -0.0308  -0.0134   -0.236
    22  13.9941   2.2087   1.6074  -0.1427  -0.0073  -0.0785  -0.0647   0.0002   0.0000  -0.0317  -0.0140   -0.241
    23  14.6868   2.0715   1.3716  -0.1309  -0.0069  -0.0768  -0.0632   0.0000   0.0000  -0.0326  -0.0150   -0.265
    24  15.3105   1.9479   1.1479  -0.1151  -0.0062  -0.0718  -0.0591  -0.0001   0.0000  -0.0330  -0.0163   -0.308
    25  15.8583   1.8393   0.9381  -0.0967  -0.0053  -0.0639  -0.0526  -0.0003   0.0000  -0.0319  -0.0168   -0.356
    26  16.3244   1.7470   0.7427  -0.0773  -0.0044  -0.0537  -0.0443  -0.0005   0.0000  -0.0276  -0.0148   -0.374
    27  16.6722   1.4928   0.4131  -0.0588  -0.0040  -0.1300  -0.0394  -0.0013   0.0000  -0.0193  -0.0046   -0.240
    28  16.9098   1.1466   0.2292  -0.0415  -0.0034  -0.1194  -0.0362  -0.0012   0.0000  -0.0190  -0.0048   -0.273
    29  17.0696   0.9138   0.1104  -0.0246  -0.0029  -0.0891  -0.0270  -0.0016   0.0000  -0.0164  -0.0046   -0.356
    30  17.1499   0.7967   0.0322  -0.0082  -0.0026  -0.0341  -0.0103  -0.0028   0.0000  -0.0075  -0.0024   -0.477

  Surface # 2     main_wing (YDUP)                        
     # Chordwise = 10   # Spanwise = 30     First strip = 31
     Surface area =   63.968842       Ave. chord =    3.715026
     CLsurf  =   0.01890     Clsurf  =  -0.00118
     CYsurf  =   0.00058     Cmsurf  =  -0.00458
     CDsurf  =   0.00052     Cnsurf  =   0.00007
     CDisurf =   0.00052     CDvsurf =   0.00000

  Forces referred to Ssurf, Cave about hinge axis thru LE
     CLsurf  =   0.03688     CDsurf  =   0.00101
     Deflect =

 Strip Forces referred to Strip Area, Chord
    j      Yle    Chord     Area     c cl      ai      cl_norm  cl       cd       cdv    cm_c/4    cm_LE  C.P.x/c
    31  -0.0114   7.7520   0.3539   0.8942   0.0124   0.1500   0.1166   0.0336   0.0000  -0.0092   0.0309    0.329
    32  -0.1025   7.6885   1.0491   0.8683   0.0117   0.1457   0.1132   0.0067   0.0000  -0.0090   0.0302    0.329
    33  -0.2837   7.5620   1.7073   0.8629   0.0103   0.1471   0.1143   0.0048   0.0000  -0.0087   0.0303    0.326
    34  -0.5530   7.3741   2.3052   0.8523   0.0080   0.1490   0.1158   0.0041   0.0000  -0.0084   0.0303    0.322
    35  -0.9075   7.1267   2.8223   0.8311   0.0053   0.1503   0.1168   0.0035   0.0000  -0.0081   0.0303    0.319
    36  -1.3432   6.8226   3.2414   0.7946   0.0054   0.1501   0.1166   0.0029   0.0000  -0.0080   0.0302    0.319
    37  -1.8554   6.4651   3.5491   0.7390   0.0150   0.1473   0.1145   0.0020   0.0000  -0.0082   0.0299    0.322
    38  -2.4386   6.0582   3.7368   0.6623   0.0227   0.1408   0.1094   0.0011   0.0000  -0.0088   0.0294    0.331
    39  -3.0862   5.6062   3.8005   0.5650   0.0156   0.1298   0.1008   0.0003   0.0000  -0.0100   0.0286    0.349
    40  -3.7613   5.1351   3.4440   0.4568   0.0058   0.1145   0.0890  -0.0004   0.0000  -0.0111   0.0271    0.374
    41  -4.4532   4.6522   3.3149   0.3407  -0.0028   0.0943   0.0733  -0.0006   0.0000  -0.0123   0.0249    0.418
    42  -5.1831   4.1429   3.0930   0.2211  -0.0129   0.0687   0.0534  -0.0007   0.0000  -0.0142   0.0224    0.516
    43  -6.0123   3.7903   3.4706   0.1143  -0.0179   0.0366   0.0301  -0.0005   0.0000  -0.0162   0.0211    0.787
    44  -6.9353   3.6075   3.3775   0.0388  -0.0128   0.0130   0.0107  -0.0002   0.0000  -0.0177   0.0181    1.894
    45  -7.8737   3.4215   3.2389  -0.0194  -0.0088  -0.0069  -0.0057   0.0001   0.0000  -0.0193   0.0159
    46  -8.8172   3.2345   3.0619  -0.0648  -0.0065  -0.0243  -0.0200   0.0003   0.0000  -0.0212   0.0144   -0.806
    47  -9.7556   3.0486   2.8543  -0.0996  -0.0059  -0.0397  -0.0327   0.0004   0.0000  -0.0233   0.0135   -0.462
    48 -10.6786   2.8657   2.6239  -0.1251  -0.0062  -0.0530  -0.0437   0.0004   0.0000  -0.0256   0.0132   -0.337
    49 -11.5760   2.6879   2.3787  -0.1422  -0.0071  -0.0642  -0.0529   0.0005   0.0000  -0.0280   0.0132   -0.279
    50 -12.4328   2.5181   2.1010  -0.1500  -0.0076  -0.0723  -0.0596   0.0004   0.0000  -0.0297   0.0133   -0.249
    51 -13.2400   2.3582   1.8520  -0.1494  -0.0075  -0.0769  -0.0634   0.0003   0.0000  -0.0308   0.0134   -0.236
    52 -13.9941   2.2087   1.6074  -0.1427  -0.0073  -0.0785  -0.0647   0.0002   0.0000  -0.0317   0.0140   -0.241
    53 -14.6868   2.0715   1.3716  -0.1309  -0.0069  -0.0768  -0.0632   0.0000   0.0000  -0.0326   0.0150   -0.265
    54 -15.3105   1.9479   1.1479  -0.1151  -0.0062  -0.0718  -0.0591  -0.0001   0.0000  -0.0330   0.0163   -0.308
    55 -15.8583   1.8393   0.9381  -0.0967  -0.0053  -0.0639  -0.0526  -0.0003   0.0000  -0.0319   0.0168   -0.356
    56 -16.3244   1.7470   0.7427  -0.0773  -0.0044  -0.0537  -0.0443  -0.0005   0.0000  -0.0276   0.0148   -0.374
    57 -16.6722   1.4928   0.4131  -0.0588  -0.0040  -0.1300  -0.0394  -0.0013   0.0000  -0.0193   0.0046   -0.240
    58 -16.9098   1.1466   0.2292  -0.0415  -0.0034  -0.1194  -0.0362  -0.0012   0.0000  -0.0190   0.0048   -0.273
    59 -17.0696   0.9138   0.1104  -0.0246  -0.0029  -0.0891  -0.0270  -0.0016   0.0000  -0.0164   0.0046   -0.356
    60 -17.1499   0.7967   0.0322  -0.0082  -0.0026  -0.0341  -0.0103  -0.0028   0.0000  -0.0075   0.0024   -0.477

  Surface # 3     horizontal_stabilizer                   
     # Chordwise = 10   # Spanwise = 30     First strip = 61
     Surface area =   20.744604       Ave. chord =    2.848572
     CLsurf  =  -0.03939     Clsurf  =   0.00389
     CYsurf  =   0.00627     Cmsurf  =   0.18946
     CDsurf  =   0.00027     Cnsurf  =  -0.00388
     CDisurf =   0.00027     CDvsurf =   0.00000

  Forces referred to Ssurf, Cave about hinge axis thru LE
     CLsurf  =  -0.24005     CDsurf  =   0.00165
     Deflect =

 Strip Forces referred to Strip Area, Chord
    j      Yle    Chord     Area     c cl      ai      cl_norm  cl       cd       cdv    cm_c/4    cm_LE  C.P.x/c
    61   0.0047   4.2713   0.0803  -0.6706  -0.0229  -0.1950  -0.1521   0.1443   0.0000   0.0152   0.0456    0.350
    62   0.0418   4.2566   0.2392  -0.8777  -0.0235  -0.2638  -0.2058   0.0164   0.0000   0.0168   0.0573    0.332
    63   0.1156   4.2274   0.3930  -0.8945  -0.0242  -0.2711  -0.2115   0.0072   0.0000   0.0164   0.0581    0.328
    64   0.2254   4.1839   0.5386  -0.8983  -0.0247  -0.2752  -0.2147   0.0052   0.0000   0.0155   0.0580    0.322
    65   0.3698   4.1268   0.6730  -0.9000  -0.0250  -0.2796  -0.2181   0.0046   0.0000   0.0141   0.0575    0.315
    66   0.5474   4.0565   0.7936  -0.8997  -0.0251  -0.2844  -0.2218   0.0041   0.0000   0.0125   0.0569    0.306
    67   0.7617   3.9717   0.9441  -0.8978  -0.0247  -0.2899  -0.2261   0.0037   0.0000   0.0106   0.0562    0.297
    68   1.0116   3.8728   1.0344  -0.8946  -0.0238  -0.2962  -0.2310   0.0031   0.0000   0.0088   0.0557    0.288
    69   1.2891   3.7630   1.1046  -0.8881  -0.0222  -0.3027  -0.2361   0.0026   0.0000   0.0071   0.0553    0.280
    70   1.5912   3.6435   1.1542  -0.8783  -0.0202  -0.3092  -0.2411   0.0021   0.0000   0.0055   0.0550    0.273
    71   1.9146   3.5155   1.1831  -0.8648  -0.0181  -0.3155  -0.2461   0.0017   0.0000   0.0041   0.0549    0.267
    72   2.2558   3.3805   1.1921  -0.8478  -0.0166  -0.3217  -0.2509   0.0011   0.0000   0.0028   0.0548    0.261
    73   2.6109   3.2400   1.1821  -0.8264  -0.0158  -0.3272  -0.2552   0.0008   0.0000   0.0017   0.0547    0.257
    74   2.9762   3.0955   1.1548  -0.8007  -0.0158  -0.3318  -0.2588   0.0004   0.0000   0.0007   0.0547    0.253
    75   3.3476   2.9485   1.1122  -0.7717  -0.0163  -0.3358  -0.2619   0.0001   0.0000  -0.0002   0.0545    0.249
    76   3.7210   2.8008   1.0564  -0.7391  -0.0171  -0.3386  -0.2641  -0.0001   0.0000  -0.0011   0.0542    0.246
    77   4.0924   2.6538   0.9900  -0.7034  -0.0181  -0.3401  -0.2652  -0.0004   0.0000  -0.0020   0.0537    0.243
    78   4.4577   2.5093   0.9155  -0.6650  -0.0192  -0.3401  -0.2652  -0.0007   0.0000  -0.0030   0.0529    0.239
    79   4.8128   2.3687   0.8353  -0.6246  -0.0204  -0.3384  -0.2639  -0.0009   0.0000  -0.0041   0.0516    0.234
    80   5.1540   2.2338   0.7518  -0.5821  -0.0215  -0.3344  -0.2608  -0.0010   0.0000  -0.0056   0.0497    0.229
    81   5.4774   2.1058   0.6671  -0.5378  -0.0227  -0.3277  -0.2556  -0.0013   0.0000  -0.0073   0.0472    0.222
    82   5.7795   1.9862   0.5830  -0.4920  -0.0239  -0.3179  -0.2479  -0.0016   0.0000  -0.0093   0.0439    0.213
    83   6.0570   1.8764   0.5012  -0.4443  -0.0251  -0.3039  -0.2370  -0.0019   0.0000  -0.0115   0.0397    0.202
    84   6.3069   1.7776   0.4225  -0.3949  -0.0261  -0.2851  -0.2224  -0.0022   0.0000  -0.0137   0.0348    0.188
    85   6.5264   1.6907   0.3478  -0.3439  -0.0270  -0.2611  -0.2036  -0.0025   0.0000  -0.0157   0.0292    0.173
    86   6.7314   1.6096   0.3326  -0.2887  -0.0278  -0.2303  -0.1796  -0.0028   0.0000  -0.0170   0.0231    0.155
    87   6.9144   1.5372   0.2507  -0.2273  -0.0285  -0.1899  -0.1481  -0.0030   0.0000  -0.0169   0.0165    0.136
    88   7.0535   1.4822   0.1746  -0.1639  -0.0290  -0.1420  -0.1108  -0.0032   0.0000  -0.0148   0.0106    0.117
    89   7.1471   1.4451   0.1029  -0.0989  -0.0294  -0.0880  -0.0686  -0.0029   0.0000  -0.0102   0.0056    0.101
    90   7.1941   1.4265   0.0340  -0.0331  -0.0295  -0.0298  -0.0233  -0.0024   0.0000  -0.0036   0.0018    0.094

  Surface # 4     horizontal_stabilizer (YDUP)            
     # Chordwise = 10   # Spanwise = 30     First strip = 91
     Surface area =   20.744604       Ave. chord =    2.848572
     CLsurf  =  -0.03939     Clsurf  =  -0.00389
     CYsurf  =  -0.00627     Cmsurf  =   0.18946
     CDsurf  =   0.00027     Cnsurf  =   0.00388
     CDisurf =   0.00027     CDvsurf =   0.00000

  Forces referred to Ssurf, Cave about hinge axis thru LE
     CLsurf  =  -0.24005     CDsurf  =   0.00165
     Deflect =

 Strip Forces referred to Strip Area, Chord
    j      Yle    Chord     Area     c cl      ai      cl_norm  cl       cd       cdv    cm_c/4    cm_LE  C.P.x/c
    91  -0.0047   4.2713   0.0803  -0.6706  -0.0229  -0.1950  -0.1521   0.1443   0.0000   0.0152  -0.0456    0.350
    92  -0.0418   4.2566   0.2392  -0.8777  -0.0235  -0.2638  -0.2058   0.0164   0.0000   0.0168  -0.0573    0.332
    93  -0.1156   4.2274   0.3930  -0.8945  -0.0242  -0.2711  -0.2115   0.0072   0.0000   0.0164  -0.0581    0.328
    94  -0.2254   4.1839   0.5386  -0.8983  -0.0247  -0.2752  -0.2147   0.0052   0.0000   0.0155  -0.0580    0.322
    95  -0.3698   4.1268   0.6730  -0.9000  -0.0250  -0.2796  -0.2181   0.0046   0.0000   0.0141  -0.0575    0.315
    96  -0.5474   4.0565   0.7936  -0.8997  -0.0251  -0.2844  -0.2218   0.0041   0.0000   0.0125  -0.0569    0.306
    97  -0.7617   3.9717   0.9441  -0.8978  -0.0247  -0.2899  -0.2261   0.0037   0.0000   0.0106  -0.0562    0.297
    98  -1.0116   3.8728   1.0344  -0.8946  -0.0238  -0.2962  -0.2310   0.0031   0.0000   0.0088  -0.0557    0.288
    99  -1.2891   3.7630   1.1046  -0.8881  -0.0222  -0.3027  -0.2361   0.0026   0.0000   0.0071  -0.0553    0.280
   100  -1.5912   3.6435   1.1542  -0.8783  -0.0202  -0.3092  -0.2411   0.0021   0.0000   0.0055  -0.0550    0.273
   101  -1.9146   3.5155   1.1831  -0.8648  -0.0181  -0.3155  -0.2461   0.0017   0.0000   0.0041  -0.0549    0.267
   102  -2.2558   3.3805   1.1921  -0.8478  -0.0166  -0.3217  -0.2509   0.0011   0.0000   0.0028  -0.0548    0.261
   103  -2.6109   3.2400   1.1821  -0.8264  -0.0158  -0.3272  -0.2552   0.0008   0.0000   0.0017  -0.0547    0.257
   104  -2.9762   3.0955   1.1548  -0.8007  -0.0158  -0.3318  -0.2588   0.0004   0.0000   0.0007  -0.0546    0.253
   105  -3.3476   2.9485   1.1122  -0.7717  -0.0163  -0.3358  -0.2619   0.0001   0.0000  -0.0002  -0.0545    0.249
   106  -3.7210   2.8008   1.0564  -0.7391  -0.0171  -0.3386  -0.2641  -0.0001   0.0000  -0.0011  -0.0542    0.246
   107  -4.0924   2.6538   0.9900  -0.7034  -0.0181  -0.3401  -0.2652  -0.0004   0.0000  -0.0020  -0.0537    0.243
   108  -4.4577   2.5093   0.9155  -0.6650  -0.0192  -0.3401  -0.2652  -0.0007   0.0000  -0.0030  -0.0529    0.239
   109  -4.8128   2.3687   0.8353  -0.6246  -0.0204  -0.3384  -0.2639  -0.0009   0.0000  -0.0041  -0.0516    0.234
   110  -5.1540   2.2338   0.7518  -0.5821  -0.0215  -0.3344  -0.2608  -0.0010   0.0000  -0.0056  -0.0497    0.229
   111  -5.4774   2.1058   0.6671  -0.5378  -0.0227  -0.3277  -0.2556  -0.0013   0.0000  -0.0073  -0.0472    0.222
   112  -5.7795   1.9862   0.5830  -0.4920  -0.0239  -0.3179  -0.2479  -0.0016   0.0000  -0.0093  -0.0439    0.213
   113  -6.0570   1.8764   0.5012  -0.4443  -0.0251  -0.3039  -0.2370  -0.0019   0.0000  -0.0115  -0.0397    0.202
   114  -6.3069   1.7776   0.4225  -0.3949  -0.0261  -0.2851  -0.2224  -0.0022   0.0000  -0.0137  -0.0348    0.188
   115  -6.5264   1.6907   0.3478  -0.3439  -0.0270  -0.2611  -0.2036  -0.0025   0.0000  -0.0157  -0.0292    0.173
   116  -6.7314   1.6096   0.3326  -0.2887  -0.0278  -0.2303  -0.1796  -0.0028   0.0000  -0.0170  -0.0231    0.155
   117  -6.9144   1.5372   0.2507  -0.2273  -0.0285  -0.1899  -0.1481  -0.0030   0.0000  -0.0169  -0.0165    0.136
   118  -7.0535   1.4822   0.1746  -0.1639  -0.0290  -0.1420  -0.1108  -0.0032   0.0000  -0.0148  -0.0106    0.117
   119  -7.1471   1.4451   0.1029  -0.0989  -0.0294  -0.0880  -0.0686  -0.0029   0.0000  -0.0102  -0.0056    0.101
   120  -7.1941   1.4265   0.0340  -0.0331  -0.0295  -0.0298  -0.0233  -0.0024   0.0000  -0.0036  -0.0018    0.094

  Surface # 5     vertical_stabilizer                     
     # Chordwise = 10   # Spanwise = 30     First strip =121
     Surface area =   34.910358       Ave. chord =    4.190919
     CLsurf  =  -0.00000     Clsurf  =  -0.00000
     CYsurf  =  -0.00000     Cmsurf  =   0.00000
     CDsurf  =   0.00000     Cnsurf  =   0.00000
     CDisurf =   0.00000     CDvsurf =   0.00000

  Forces referred to Ssurf, Cave about hinge axis thru LE
     CLsurf  =   0.00000     CDsurf  =   0.00000
     Deflect =

 Strip Forces referred to Strip Area, Chord
    j      Yle    Chord     Area     c cl      ai      cl_norm  cl       cd       cdv    cm_c/4    cm_LE  C.P.x/c
   121   0.0000  10.0347   0.6931   0.0000  -0.0000   0.0000   0.0000   0.0000   0.0000  -0.0000  -0.0000    0.780
   122   0.0000   9.8296   1.1101   0.0000  -0.0000   0.0000   0.0000   0.0000   0.0000  -0.0000  -0.0000    0.774
   123   0.0000   9.5266   1.4857   0.0000  -0.0000   0.0000   0.0000   0.0000   0.0000  -0.0000  -0.0000    0.767
   124   0.0000   9.1281   1.8040   0.0000  -0.0000   0.0000   0.0000   0.0000   0.0000  -0.0000  -0.0000    0.757
   125   0.0000   8.6377   2.0517   0.0000  -0.0000   0.0000   0.0000   0.0000   0.0000  -0.0000  -0.0000    0.746
   126   0.0000   8.0598   2.2181   0.0000  -0.0000   0.0000   0.0000   0.0000   0.0000  -0.0000  -0.0000    0.725
   127   0.0000   7.4000   2.2957   0.0000  -0.0000   0.0000   0.0000   0.0000   0.0000  -0.0000  -0.0000    0.699
   128   0.0000   6.6646   2.2808   0.0000  -0.0000   0.0000   0.0000   0.0000   0.0000  -0.0000  -0.0000    0.663
   129   0.0000   5.8609   2.1733   0.0000  -0.0000   0.0000   0.0000   0.0000   0.0000  -0.0000  -0.0000    0.615
   130   0.0000   4.9969   1.9773   0.0000  -0.0000   0.0000   0.0000   0.0000   0.0000  -0.0000  -0.0000    0.554
   131   0.0000   4.4389   1.6667   0.0000  -0.0000   0.0000   0.0000   0.0000   0.0000  -0.0000  -0.0000    0.502
   132   0.0000   4.2198   1.6478   0.0000  -0.0000   0.0000   0.0000  -0.0000   0.0000  -0.0000  -0.0000    0.477
   133   0.0000   3.9932   1.6033   0.0000  -0.0000   0.0000   0.0000   0.0000   0.0000  -0.0000  -0.0000    0.450
   134   0.0000   3.7615   1.5362   0.0000  -0.0000   0.0000   0.0000  -0.0000   0.0000  -0.0000  -0.0000    0.424
   135   0.0000   3.5271   1.4499   0.0000  -0.0000   0.0000   0.0000  -0.0000   0.0000  -0.0000  -0.0000    0.398
   136   0.0000   3.2923   1.3482   0.0000  -0.0000   0.0000   0.0000  -0.0000   0.0000  -0.0000  -0.0000    0.375
   137   0.0000   3.0597   1.2352   0.0000  -0.0000   0.0000   0.0000  -0.0000   0.0000  -0.0000  -0.0000    0.353
   138   0.0000   2.8315   1.1147   0.0000  -0.0000   0.0000   0.0000  -0.0000   0.0000  -0.0000  -0.0000    0.334
   139   0.0000   2.6103   0.9908   0.0000  -0.0000   0.0000   0.0000  -0.0000   0.0000  -0.0000  -0.0000    0.317
   140   0.0000   2.3983   0.8670   0.0000  -0.0000   0.0000   0.0000  -0.0000   0.0000  -0.0000  -0.0000    0.300
   141   0.0000   2.1977   0.7464   0.0000  -0.0000   0.0000   0.0000  -0.0000   0.0000  -0.0000  -0.0000    0.283
   142   0.0000   2.0106   0.6318   0.0000  -0.0000   0.0000   0.0000  -0.0000   0.0000  -0.0000  -0.0000    0.269
   143   0.0000   1.8390   0.5251   0.0000  -0.0000   0.0000   0.0000  -0.0000   0.0000  -0.0000  -0.0000    0.253
   144   0.0000   1.6847   0.4276   0.0000  -0.0000   0.0000   0.0000  -0.0000   0.0000   0.0000  -0.0000    0.236
   145   0.0000   1.5493   0.3400   0.0000  -0.0000   0.0000   0.0000  -0.0000   0.0000   0.0000  -0.0000    0.216
   146   0.0000   1.4342   0.2622   0.0000  -0.0000   0.0000   0.0000  -0.0000   0.0000   0.0000  -0.0000    0.193
   147   0.0000   1.3407   0.1933   0.0000  -0.0000   0.0000   0.0000  -0.0000   0.0000   0.0000  -0.0000    0.170
   148   0.0000   1.2696   0.1322   0.0000  -0.0000   0.0000   0.0000  -0.0000   0.0000   0.0000  -0.0000    0.148
   149   0.0000   1.2218   0.0769   0.0000  -0.0000   0.0000   0.0000  -0.0000   0.0000   0.0000  -0.0000    0.130
   150   0.0000   1.1978   0.0252   0.0000  -0.0000   0.0000   0.0000  -0.0000   0.0000   0.0000  -0.0000    0.122

  Surface # 6     fuselage_horizontal                     
     # Chordwise = 10   # Spanwise = 10     First strip =151
     Surface area =  123.841202       Ave. chord =   33.112617
     CLsurf  =  -0.00960     Clsurf  =   0.00000
     CYsurf  =  -0.00000     Cmsurf  =  -0.02663
     CDsurf  =   0.00022     Cnsurf  =   0.00000
     CDisurf =   0.00022     CDvsurf =   0.00000

  Forces referred to Ssurf, Cave about hinge axis thru LE
     CLsurf  =  -0.00968     CDsurf  =   0.00022
     Deflect =

 Strip Forces referred to Strip Area, Chord
    j      Yle    Chord     Area     c cl      ai      cl_norm  cl       cd       cdv    cm_c/4    cm_LE  C.P.x/c
   151  -1.6830  26.5957   9.9468  -0.2500  -0.0656  -0.1169  -0.0094   0.0000   0.0000  -0.0004   0.0003    0.208
   152  -1.3090  31.2096  11.6724  -0.3351  -0.0644  -0.0417  -0.0107   0.0002   0.0000  -0.0009   0.0004    0.168
   153  -0.9350  34.0626  12.7394  -0.3418  -0.0323  -0.0245  -0.0100   0.0002   0.0000  -0.0020   0.0002    0.053
   154  -0.5610  36.1619  13.5246  -0.3391  -0.0190  -0.0157  -0.0094   0.0003   0.0000  -0.0026  -0.0001   -0.027
   155  -0.1870  37.5332  14.0374  -0.3375  -0.0149  -0.0104  -0.0090   0.0003   0.0000  -0.0028  -0.0004   -0.065
   156   0.1870  37.5332  14.0374  -0.3375  -0.0149  -0.0104  -0.0090   0.0003   0.0000  -0.0028  -0.0004   -0.065
   157   0.5610  36.1619  13.5246  -0.3391  -0.0190  -0.0157  -0.0094   0.0003   0.0000  -0.0026  -0.0001   -0.027
   158   0.9350  34.0626  12.7394  -0.3418  -0.0323  -0.0245  -0.0100   0.0002   0.0000  -0.0020   0.0002    0.053
   159   1.3090  31.2096  11.6724  -0.3351  -0.0644  -0.0417  -0.0107   0.0002   0.0000  -0.0009   0.0004    0.168
   160   1.6830  26.5957   9.9468  -0.2500  -0.0656  -0.1169  -0.0094   0.0000   0.0000  -0.0004   0.0003    0.208

  Surface # 7     fuselage_vertical                       
     # Chordwise = 10   # Spanwise = 10     First strip =161
     Surface area =  123.841202       Ave. chord =   33.112617
     CLsurf  =   0.00000     Clsurf  =   0.00000
     CYsurf  =   0.00000     Cmsurf  =  -0.00000
     CDsurf  =   0.00000     Cnsurf  =  -0.00000
     CDisurf =   0.00000     CDvsurf =   0.00000

  Forces referred to Ssurf, Cave about hinge axis thru LE
     CLsurf  =  -0.00000     CDsurf  =   0.00000
     Deflect =

 Strip Forces referred to Strip Area, Chord
    j      Yle    Chord     Area     c cl      ai      cl_norm  cl       cd       cdv    cm_c/4    cm_LE  C.P.x/c
   161   0.0000  26.5957   9.9468  -0.0000  -0.0000  -0.0000  -0.0000   0.0000   0.0000   0.0000   0.0000    0.982
   162   0.0000  31.2096  11.6724  -0.0000  -0.0000  -0.0000  -0.0000   0.0000   0.0000   0.0000   0.0000    0.911
   163   0.0000  34.0626  12.7394  -0.0000  -0.0000  -0.0000  -0.0000   0.0000   0.0000   0.0000   0.0000    0.902
   164   0.0000  36.1619  13.5246  -0.0000   0.0000  -0.0000  -0.0000   0.0000   0.0000   0.0000   0.0000    0.896
   165   0.0000  37.5332  14.0374  -0.0000   0.0000  -0.0000  -0.0000  -0.0000   0.0000   0.0000   0.0000    0.892
   166   0.0000  37.5332  14.0374  -0.0000   0.0000  -0.0000  -0.0000  -0.0000   0.0000   0.0000   0.0000    0.874
   167   0.0000  36.1619  13.5246  -0.0000   0.0000  -0.0000  -0.0000   0.0000   0.0000   0.0000   0.0000    0.858
   168   0.0000  34.0626  12.7394  -0.0000   0.0000  -0.0000  -0.0000   0.0000   0.0000   0.0000   0.0000    0.818
   169   0.0000  31.2096  11.6724  -0.0000   0.0000  -0.0000  -0.0000  -0.0000   0.0000   0.0000   0.0000    0.660
   170   0.0000  26.5957   9.9468  -0.0000  -0.0000  -0.0000  -0.0000  -0.0000   0.0000  -0.0000   0.0000    0.244
 ---------------------------------------------------------------
