 ---------------------------------------------------------------
 Surface and Strip Forces by surface

  Forces referred to Sref, Cref, Bref about Xref, Yref, Zref
 Standard axis orientation,  X fwd, Z down         

  Surface # 1     main_wing                               
     # Chordwise = 10   # Spanwise = 30     First strip =  1
     Surface area =   63.968842       Ave. chord =    3.715026
     CLsurf  =   0.32529     Clsurf  =  -0.06621
     CYsurf  =  -0.01718     Cmsurf  =  -0.30264
     CDsurf  =   0.00853     Cnsurf  =  -0.00605
     CDisurf =   0.00853     CDvsurf =   0.00000

  Forces referred to Ssurf, Cave about hinge axis thru LE
     CLsurf  =   0.63574     CDsurf  =   0.01665
     Deflect =

 Strip Forces referred to Strip Area, Chord
    j      Yle    Chord     Area     c cl      ai      cl_norm  cl       cd       cdv    cm_c/4    cm_LE  C.P.x/c
     1   0.0114   7.7520   0.3539   3.6261   0.1269   0.5580   0.4322   0.3178   0.0000  -0.0333  -0.1233    0.327
     2   0.1025   7.6885   1.0492   3.4051   0.1271   0.5664   0.4387   0.0609   0.0000  -0.0328  -0.1179    0.325
     3   0.2837   7.5620   1.7073   3.3866   0.1266   0.5754   0.4456   0.0453   0.0000  -0.0311  -0.1175    0.320
     4   0.5530   7.3741   2.3052   3.3744   0.1250   0.5888   0.4560   0.0408   0.0000  -0.0283  -0.1173    0.312
     5   0.9075   7.1267   2.8223   3.3614   0.1210   0.6076   0.4706   0.0372   0.0000  -0.0252  -0.1177    0.304
     6   1.3432   6.8226   3.2414   3.3366   0.1117   0.6308   0.4886   0.0336   0.0000  -0.0222  -0.1188    0.296
     7   1.8554   6.4651   3.5491   3.2842   0.0948   0.6558   0.5079   0.0317   0.0000  -0.0199  -0.1209    0.289
     8   2.4386   6.0582   3.7368   3.2414   0.0770   0.6916   0.5357   0.0276   0.0000  -0.0175  -0.1245    0.283
     9   3.0862   5.6062   3.8005   3.1682   0.0667   0.7312   0.5664   0.0243   0.0000  -0.0161  -0.1295    0.278
    10   3.7613   5.1351   3.4440   3.0755   0.0603   0.7760   0.6010   0.0196   0.0000  -0.0157  -0.1361    0.276
    11   4.4532   4.6522   3.3149   2.9709   0.0530   0.8283   0.6415   0.0154   0.0000  -0.0162  -0.1447    0.275
    12   5.1831   4.1429   3.0930   2.8472   0.0411   0.8927   0.6914   0.0081   0.0000  -0.0166  -0.1551    0.274
    13   6.0123   3.7903   3.4706   2.7167   0.0323   0.8855   0.7214   0.0055   0.0000  -0.0133  -0.1739    0.268
    14   6.9353   3.6075   3.3775   2.6034   0.0290   0.8916   0.7264   0.0057   0.0000  -0.0132  -0.1749    0.268
    15   7.8737   3.4215   3.2389   2.4922   0.0245   0.9000   0.7333   0.0048   0.0000  -0.0130  -0.1763    0.268
    16   8.8172   3.2345   3.0619   2.3790   0.0217   0.9089   0.7406   0.0037   0.0000  -0.0129  -0.1777    0.267
    17   9.7556   3.0486   2.8543   2.2628   0.0208   0.9175   0.7475   0.0026   0.0000  -0.0127  -0.1791    0.267
    18  10.6786   2.8657   2.6240   2.1441   0.0213   0.9249   0.7536   0.0016   0.0000  -0.0124  -0.1802    0.266
    19  11.5760   2.6879   2.3787   2.0234   0.0225   0.9308   0.7583   0.0007   0.0000  -0.0121  -0.1810    0.266
    20  12.4328   2.5181   2.1010   1.9014   0.0246   0.9338   0.7608  -0.0002   0.0000  -0.0116  -0.1810    0.265
    21  13.2400   2.3582   1.8520   1.7778   0.0277   0.9324   0.7597  -0.0008   0.0000  -0.0108  -0.1801    0.264
    22  13.9941   2.2087   1.6074   1.6510   0.0323   0.9245   0.7532  -0.0012   0.0000  -0.0095  -0.1775    0.263
    23  14.6868   2.0715   1.3716   1.5177   0.0387   0.9062   0.7383  -0.0013   0.0000  -0.0074  -0.1723    0.260
    24  15.3105   1.9479   1.1479   1.3728   0.0470   0.8717   0.7102  -0.0010   0.0000  -0.0044  -0.1633    0.256
    25  15.8583   1.8393   0.9381   1.2088   0.0566   0.8126   0.6621   0.0003   0.0000  -0.0012  -0.1497    0.252
    26  16.3244   1.7470   0.7427   1.0196   0.0661   0.7209   0.5873   0.0058   0.0000  -0.0028  -0.1345    0.255
    27  16.6722   1.4928   0.4131   0.8139   0.0768   1.8422   0.5514  -0.0168   0.0000  -0.0058  -0.0707    0.261
    28  16.9098   1.1466   0.2292   0.6045   0.0923   1.7915   0.5363  -0.0408   0.0000   0.0144  -0.0592    0.223
    29  17.0696   0.9138   0.1104   0.3744   0.1055   1.4040   0.4203  -0.0596   0.0000   0.0340  -0.0357    0.169
    30  17.1499   0.7967   0.0322   0.1270   0.1126   0.5553   0.1662  -0.0451   0.0000   0.0220  -0.0099    0.118

  Surface # 2     main_wing (YDUP)                        
     # Chordwise = 10   # Spanwise = 30     First strip = 31
     Surface area =   63.968842       Ave. chord =    3.715026
     CLsurf  =   0.32529     Clsurf  =   0.06621
     CYsurf  =   0.01718     Cmsurf  =  -0.30264
     CDsurf  =   0.00853     Cnsurf  =   0.00605
     CDisurf =   0.00853     CDvsurf =   0.00000

  Forces referred to Ssurf, Cave about hinge axis thru LE
     CLsurf  =   0.63573     CDsurf  =   0.01665
     Deflect =

 Strip Forces referred to Strip Area, Chord
    j      Yle    Chord     Area     c cl      ai      cl_norm  cl       cd       cdv    cm_c/4    cm_LE  C.P.x/c
    31  -0.0114   7.7520   0.3539   3.6262   0.1271   0.5580   0.4322   0.3179   0.0000  -0.0333   0.1233    0.327
    32  -0.1025   7.6885   1.0492   3.4051   0.1271   0.5664   0.4387   0.0609   0.0000  -0.0328   0.1179    0.325
    33  -0.2837   7.5620   1.7073   3.3867   0.1266   0.5754   0.4456   0.0453   0.0000  -0.0311   0.1175    0.320
    34  -0.5530   7.3741   2.3052   3.3744   0.1250   0.5888   0.4560   0.0408   0.0000  -0.0283   0.1173    0.312
    35  -0.9075   7.1267   2.8223   3.3614   0.1210   0.6076   0.4706   0.0372   0.0000  -0.0252   0.1177    0.304
    36  -1.3432   6.8226   3.2414   3.3366   0.1117   0.6308   0.4886   0.0336   0.0000  -0.0222   0.1188    0.296
    37  -1.8554   6.4651   3.5491   3.2842   0.0948   0.6558   0.5079   0.0317   0.0000  -0.0199   0.1209    0.289
    38  -2.4386   6.0582   3.7368   3.2414   0.0770   0.6916   0.5357   0.0276   0.0000  -0.0175   0.1245    0.283
    39  -3.0862   5.6062   3.8005   3.1682   0.0667   0.7312   0.5664   0.0243   0.0000  -0.0161   0.1295    0.278
    40  -3.7613   5.1351   3.4440   3.0755   0.0603   0.7760   0.6010   0.0195   0.0000  -0.0157   0.1361    0.276
    41  -4.4532   4.6522   3.3149   2.9709   0.0530   0.8283   0.6415   0.0154   0.0000  -0.0162   0.1447    0.275
    42  -5.1831   4.1429   3.0930   2.8472   0.0411   0.8927   0.6914   0.0081   0.0000  -0.0166   0.1551    0.274
    43  -6.0123   3.7903   3.4706   2.7167   0.0323   0.8855   0.7214   0.0055   0.0000  -0.0133   0.1739    0.268
    44  -6.9353   3.6075   3.3775   2.6034   0.0290   0.8916   0.7264   0.0057   0.0000  -0.0132   0.1749    0.268
    45  -7.8737   3.4215   3.2389   2.4922   0.0245   0.9000   0.7333   0.0048   0.0000  -0.0130   0.1763    0.268
    46  -8.8172   3.2345   3.0619   2.3790   0.0217   0.9089   0.7406   0.0037   0.0000  -0.0129   0.1777    0.267
    47  -9.7556   3.0486   2.8543   2.2628   0.0208   0.9174   0.7475   0.0026   0.0000  -0.0127   0.1791    0.267
    48 -10.6786   2.8657   2.6240   2.1440   0.0213   0.9249   0.7536   0.0016   0.0000  -0.0124   0.1802    0.266
    49 -11.5760   2.6879   2.3787   2.0234   0.0225   0.9308   0.7583   0.0007   0.0000  -0.0121   0.1810    0.266
    50 -12.4328   2.5181   2.1010   1.9014   0.0246   0.9338   0.7608  -0.0002   0.0000  -0.0116   0.1810    0.265
    51 -13.2400   2.3582   1.8520   1.7778   0.0277   0.9324   0.7597  -0.0008   0.0000  -0.0108   0.1801    0.264
    52 -13.9941   2.2087   1.6074   1.6509   0.0323   0.9245   0.7532  -0.0012   0.0000  -0.0095   0.1775    0.263
    53 -14.6868   2.0715   1.3716   1.5177   0.0387   0.9062   0.7383  -0.0013   0.0000  -0.0074   0.1723    0.260
    54 -15.3105   1.9479   1.1479   1.3728   0.0470   0.8717   0.7102  -0.0010   0.0000  -0.0044   0.1633    0.256
    55 -15.8583   1.8393   0.9381   1.2088   0.0566   0.8126   0.6621   0.0003   0.0000  -0.0012   0.1497    0.252
    56 -16.3244   1.7470   0.7427   1.0196   0.0661   0.7209   0.5873   0.0058   0.0000  -0.0028   0.1345    0.255
    57 -16.6722   1.4928   0.4131   0.8139   0.0768   1.8422   0.5514  -0.0168   0.0000  -0.0058   0.0707    0.261
    58 -16.9098   1.1466   0.2292   0.6045   0.0923   1.7915   0.5363  -0.0408   0.0000   0.0144   0.0592    0.223
    59 -17.0696   0.9138   0.1104   0.3744   0.1055   1.4040   0.4203  -0.0596   0.0000   0.0340   0.0357    0.169
    60 -17.1499   0.7967   0.0322   0.1270   0.1126   0.5552   0.1662  -0.0451   0.0000   0.0220   0.0099    0.118

  Surface # 3     horizontal_stabilizer                   
     # Chordwise = 10   # Spanwise = 30     First strip = 61
     Surface area =   20.301460       Ave. chord =    2.826985
     CLsurf  =   0.04578     Clsurf  =  -0.00444
     CYsurf  =  -0.00672     Cmsurf  =  -0.23088
     CDsurf  =   0.00299     Cnsurf  =   0.00370
     CDisurf =   0.00299     CDvsurf =   0.00000

  Forces referred to Ssurf, Cave about hinge axis thru LE
     CLsurf  =   0.28457     CDsurf  =   0.01839
     Deflect =

 Strip Forces referred to Strip Area, Chord
    j      Yle    Chord     Area     c cl      ai      cl_norm  cl       cd       cdv    cm_c/4    cm_LE  C.P.x/c
    61   0.0046   4.6976   0.0871   1.2123   0.1148   0.4004   0.2404   0.1593   0.0000  -0.0171  -0.0617    0.321
    62   0.0412   4.6783   0.2592   1.0243   0.1161   0.3609   0.2167   0.0317   0.0000  -0.0161  -0.0538    0.324
    63   0.1140   4.6399   0.4254   1.0099   0.1171   0.3605   0.2164   0.0234   0.0000  -0.0153  -0.0530    0.320
    64   0.2222   4.5828   0.5818   1.0066   0.1174   0.3641   0.2186   0.0218   0.0000  -0.0138  -0.0523    0.313
    65   0.3647   4.5076   0.7249   1.0047   0.1170   0.3697   0.2220   0.0211   0.0000  -0.0119  -0.0516    0.304
    66   0.5398   4.4152   0.8518   1.0034   0.1155   0.3772   0.2264   0.0204   0.0000  -0.0099  -0.0510    0.294
    67   0.7511   4.3037   1.0088   1.0006   0.1125   0.3861   0.2318   0.0198   0.0000  -0.0080  -0.0506    0.285
    68   0.9975   4.1737   1.0993   0.9959   0.1077   0.3964   0.2380   0.0193   0.0000  -0.0063  -0.0506    0.277
    69   1.2712   4.0294   1.1663   0.9893   0.1008   0.4081   0.2450   0.0190   0.0000  -0.0048  -0.0508    0.270
    70   1.5691   3.8722   1.2096   0.9801   0.0924   0.4209   0.2527   0.0187   0.0000  -0.0036  -0.0514    0.264
    71   1.8880   3.7039   1.2292   0.9671   0.0837   0.4344   0.2608   0.0184   0.0000  -0.0026  -0.0522    0.260
    72   2.2244   3.5264   1.2262   0.9528   0.0765   0.4497   0.2700   0.0182   0.0000  -0.0018  -0.0534    0.257
    73   2.5747   3.3417   1.2022   0.9340   0.0715   0.4653   0.2794   0.0181   0.0000  -0.0012  -0.0548    0.254
    74   2.9349   3.1516   1.1594   0.9137   0.0684   0.4828   0.2899   0.0179   0.0000  -0.0007  -0.0564    0.252
    75   3.3011   2.9584   1.1004   0.8893   0.0665   0.5008   0.3007   0.0176   0.0000  -0.0002  -0.0581    0.251
    76   3.6693   2.7641   1.0281   0.8624   0.0652   0.5199   0.3122   0.0176   0.0000   0.0001  -0.0600    0.250
    77   4.0356   2.5709   0.9458   0.8321   0.0643   0.5396   0.3239   0.0174   0.0000   0.0005  -0.0620    0.248
    78   4.3958   2.3809   0.8566   0.7996   0.0638   0.5601   0.3363   0.0170   0.0000   0.0010  -0.0640    0.247
    79   4.7460   2.1961   0.7636   0.7644   0.0636   0.5807   0.3486   0.0167   0.0000   0.0016  -0.0660    0.246
    80   5.0824   2.0186   0.6699   0.7254   0.0639   0.5997   0.3601   0.0162   0.0000   0.0022  -0.0677    0.244
    81   5.4013   1.8503   0.5780   0.6833   0.0648   0.6165   0.3702   0.0152   0.0000   0.0030  -0.0690    0.242
    82   5.6992   1.6932   0.4901   0.6395   0.0665   0.6308   0.3787   0.0145   0.0000   0.0043  -0.0697    0.239
    83   5.9729   1.5488   0.4079   0.5919   0.0693   0.6386   0.3834   0.0134   0.0000   0.0062  -0.0692    0.234
    84   6.2193   1.4188   0.3326   0.5394   0.0731   0.6356   0.3816   0.0116   0.0000   0.0087  -0.0670    0.227
    85   6.4358   1.3046   0.2646   0.4839   0.0779   0.6204   0.3725   0.0101   0.0000   0.0126  -0.0624    0.216
    86   6.6379   1.1979   0.2441   0.4179   0.0833   0.5837   0.3505   0.0078   0.0000   0.0172  -0.0548    0.201
    87   6.8184   1.1027   0.1774   0.3389   0.0889   0.5148   0.3091   0.0044   0.0000   0.0226  -0.0429    0.177
    88   6.9555   1.0303   0.1197   0.2495   0.0932   0.4062   0.2439   0.0007   0.0000   0.0250  -0.0286    0.147
    89   7.0478   0.9816   0.0689   0.1530   0.0961   0.2621   0.1574  -0.0025   0.0000   0.0208  -0.0151    0.118
    90   7.0942   0.9572   0.0225   0.0516   0.0975   0.0912   0.0548  -0.0039   0.0000   0.0082  -0.0044    0.099

  Surface # 4     horizontal_stabilizer (YDUP)            
     # Chordwise = 10   # Spanwise = 30     First strip = 91
     Surface area =   20.301460       Ave. chord =    2.826985
     CLsurf  =   0.04578     Clsurf  =   0.00444
     CYsurf  =   0.00672     Cmsurf  =  -0.23087
     CDsurf  =   0.00299     Cnsurf  =  -0.00370
     CDisurf =   0.00299     CDvsurf =   0.00000

  Forces referred to Ssurf, Cave about hinge axis thru LE
     CLsurf  =   0.28457     CDsurf  =   0.01839
     Deflect =

 Strip Forces referred to Strip Area, Chord
    j      Yle    Chord     Area     c cl      ai      cl_norm  cl       cd       cdv    cm_c/4    cm_LE  C.P.x/c
    91  -0.0046   4.6976   0.0871   1.2124   0.1148   0.4004   0.2404   0.1593   0.0000  -0.0171   0.0617    0.321
    92  -0.0412   4.6783   0.2592   1.0243   0.1161   0.3609   0.2167   0.0317   0.0000  -0.0161   0.0538    0.324
    93  -0.1140   4.6399   0.4254   1.0099   0.1171   0.3605   0.2164   0.0234   0.0000  -0.0153   0.0530    0.320
    94  -0.2222   4.5828   0.5818   1.0066   0.1174   0.3641   0.2186   0.0218   0.0000  -0.0138   0.0523    0.313
    95  -0.3647   4.5076   0.7249   1.0047   0.1170   0.3697   0.2220   0.0211   0.0000  -0.0119   0.0516    0.304
    96  -0.5398   4.4152   0.8518   1.0034   0.1155   0.3772   0.2264   0.0204   0.0000  -0.0099   0.0510    0.294
    97  -0.7511   4.3037   1.0088   1.0006   0.1125   0.3861   0.2318   0.0198   0.0000  -0.0080   0.0506    0.285
    98  -0.9975   4.1737   1.0993   0.9959   0.1077   0.3964   0.2380   0.0193   0.0000  -0.0063   0.0506    0.277
    99  -1.2712   4.0294   1.1663   0.9893   0.1008   0.4081   0.2450   0.0190   0.0000  -0.0048   0.0508    0.270
   100  -1.5691   3.8722   1.2096   0.9801   0.0923   0.4209   0.2527   0.0187   0.0000  -0.0036   0.0514    0.264
   101  -1.8880   3.7039   1.2292   0.9671   0.0837   0.4344   0.2608   0.0184   0.0000  -0.0026   0.0522    0.260
   102  -2.2244   3.5264   1.2262   0.9528   0.0765   0.4497   0.2700   0.0182   0.0000  -0.0018   0.0534    0.257
   103  -2.5747   3.3417   1.2022   0.9340   0.0715   0.4653   0.2794   0.0181   0.0000  -0.0012   0.0548    0.254
   104  -2.9349   3.1516   1.1594   0.9137   0.0684   0.4828   0.2899   0.0179   0.0000  -0.0007   0.0564    0.252
   105  -3.3011   2.9584   1.1004   0.8893   0.0665   0.5008   0.3007   0.0176   0.0000  -0.0002   0.0581    0.251
   106  -3.6693   2.7641   1.0281   0.8624   0.0652   0.5199   0.3122   0.0176   0.0000   0.0001   0.0600    0.250
   107  -4.0356   2.5709   0.9458   0.8321   0.0643   0.5396   0.3239   0.0174   0.0000   0.0005   0.0620    0.248
   108  -4.3958   2.3809   0.8566   0.7996   0.0638   0.5601   0.3363   0.0170   0.0000   0.0010   0.0640    0.247
   109  -4.7460   2.1961   0.7636   0.7644   0.0636   0.5806   0.3486   0.0167   0.0000   0.0016   0.0660    0.246
   110  -5.0824   2.0186   0.6699   0.7254   0.0639   0.5997   0.3601   0.0162   0.0000   0.0022   0.0677    0.244
   111  -5.4013   1.8503   0.5780   0.6833   0.0648   0.6165   0.3702   0.0152   0.0000   0.0030   0.0690    0.242
   112  -5.6992   1.6932   0.4901   0.6395   0.0665   0.6308   0.3787   0.0145   0.0000   0.0043   0.0697    0.239
   113  -5.9729   1.5488   0.4079   0.5919   0.0693   0.6386   0.3834   0.0134   0.0000   0.0062   0.0692    0.234
   114  -6.2193   1.4188   0.3326   0.5394   0.0731   0.6355   0.3816   0.0116   0.0000   0.0087   0.0670    0.227
   115  -6.4358   1.3046   0.2646   0.4839   0.0779   0.6204   0.3725   0.0101   0.0000   0.0126   0.0624    0.216
   116  -6.6379   1.1979   0.2441   0.4179   0.0833   0.5837   0.3505   0.0078   0.0000   0.0172   0.0548    0.201
   117  -6.8184   1.1027   0.1774   0.3389   0.0889   0.5148   0.3091   0.0044   0.0000   0.0226   0.0429    0.177
   118  -6.9555   1.0303   0.1197   0.2495   0.0932   0.4062   0.2439   0.0007   0.0000   0.0250   0.0286    0.147
   119  -7.0478   0.9816   0.0689   0.1530   0.0961   0.2621   0.1574  -0.0025   0.0000   0.0208   0.0151    0.118
   120  -7.0942   0.9572   0.0225   0.0516   0.0975   0.0912   0.0548  -0.0039   0.0000   0.0082   0.0044    0.099

  Surface # 5     vertical_stabilizer                     
     # Chordwise = 10   # Spanwise = 30     First strip =121
     Surface area =   27.879847       Ave. chord =    3.584910
     CLsurf  =   0.00000     Clsurf  =   0.00000
     CYsurf  =   0.00000     Cmsurf  =  -0.00000
     CDsurf  =  -0.00000     Cnsurf  =  -0.00000
     CDisurf =  -0.00000     CDvsurf =   0.00000

  Forces referred to Ssurf, Cave about hinge axis thru LE
     CLsurf  =  -0.00000     CDsurf  =  -0.00000
     Deflect =

 Strip Forces referred to Strip Area, Chord
    j      Yle    Chord     Area     c cl      ai      cl_norm  cl       cd       cdv    cm_c/4    cm_LE  C.P.x/c
   121   0.0000   8.1257   0.4979  -0.0000   0.0000  -0.0000  -0.0000   0.0000   0.0000   0.0000   0.0000    0.437
   122   0.0000   7.9240   0.7938  -0.0000   0.0000  -0.0000  -0.0000   0.0000   0.0000   0.0000   0.0000    0.438
   123   0.0000   7.6259   1.0549  -0.0000  -0.0000  -0.0000  -0.0000   0.0000   0.0000   0.0000   0.0000    0.441
   124   0.0000   7.2338   1.2682  -0.0000   0.0000  -0.0000  -0.0000   0.0000   0.0000   0.0000   0.0000    0.441
   125   0.0000   6.7513   1.4225  -0.0000   0.0000  -0.0000  -0.0000   0.0000   0.0000   0.0000   0.0000    0.429
   126   0.0000   6.1827   1.5094  -0.0000   0.0000  -0.0000  -0.0000   0.0000   0.0000   0.0000   0.0000    0.416
   127   0.0000   5.5336   1.5228  -0.0000   0.0000  -0.0000  -0.0000  -0.0000   0.0000   0.0000   0.0000    0.393
   128   0.0000   4.8100   1.4602  -0.0000   0.0000  -0.0000  -0.0000  -0.0000   0.0000   0.0000   0.0000    0.350
   129   0.0000   4.3477   1.3899  -0.0000   0.0000  -0.0000  -0.0000  -0.0000   0.0000   0.0000   0.0000    0.302
   130   0.0000   4.1900   1.4293  -0.0000   0.0000  -0.0000  -0.0000  -0.0000   0.0000   0.0000   0.0000    0.292
   131   0.0000   4.0228   1.4447  -0.0000   0.0000  -0.0000  -0.0000  -0.0000   0.0000   0.0000   0.0000    0.282
   132   0.0000   3.8479   1.4371  -0.0000   0.0000  -0.0000  -0.0000  -0.0000   0.0000   0.0000   0.0000    0.275
   133   0.0000   3.6670   1.4082  -0.0000   0.0000  -0.0000  -0.0000  -0.0000   0.0000   0.0000   0.0000    0.264
   134   0.0000   3.4821   1.3602  -0.0000   0.0000  -0.0000  -0.0000  -0.0000   0.0000   0.0000   0.0000    0.258
   135   0.0000   3.2949   1.2955  -0.0000   0.0000  -0.0000  -0.0000  -0.0000   0.0000   0.0000   0.0000    0.253
   136   0.0000   3.1075   1.2172  -0.0000   0.0000  -0.0000  -0.0000  -0.0000   0.0000  -0.0000   0.0000    0.246
   137   0.0000   2.9218   1.1282  -0.0000   0.0000  -0.0000  -0.0000  -0.0000   0.0000  -0.0000   0.0000    0.240
   138   0.0000   2.7397   1.0316  -0.0000   0.0000  -0.0000  -0.0000  -0.0000   0.0000  -0.0000   0.0000    0.238
   139   0.0000   2.5631   0.9305  -0.0000   0.0000  -0.0000  -0.0000  -0.0000   0.0000  -0.0000   0.0000    0.234
   140   0.0000   2.3939   0.8277  -0.0000   0.0000  -0.0000  -0.0000  -0.0000   0.0000  -0.0000   0.0000    0.230
   141   0.0000   2.2337   0.7257  -0.0000   0.0000  -0.0000  -0.0000  -0.0000   0.0000  -0.0000   0.0000    0.227
   142   0.0000   2.0844   0.6265  -0.0000   0.0000  -0.0000  -0.0000  -0.0000   0.0000  -0.0000   0.0000    0.221
   143   0.0000   1.9474   0.5319  -0.0000   0.0000  -0.0000  -0.0000  -0.0000   0.0000  -0.0000   0.0000    0.213
   144   0.0000   1.8243   0.4429  -0.0000   0.0000  -0.0000  -0.0000  -0.0000   0.0000  -0.0000   0.0000    0.203
   145   0.0000   1.7162   0.3603  -0.0000   0.0000  -0.0000  -0.0000  -0.0000   0.0000  -0.0000   0.0000    0.191
   146   0.0000   1.6243   0.2840  -0.0000   0.0000  -0.0000  -0.0000  -0.0000   0.0000  -0.0000   0.0000    0.173
   147   0.0000   1.5496   0.2138  -0.0000   0.0000  -0.0000  -0.0000  -0.0000   0.0000  -0.0000   0.0000    0.154
   148   0.0000   1.4929   0.1487  -0.0000   0.0000  -0.0000  -0.0000  -0.0000   0.0000  -0.0000   0.0000    0.133
   149   0.0000   1.4548   0.0875  -0.0000   0.0000  -0.0000  -0.0000  -0.0000   0.0000  -0.0000   0.0000    0.116
   150   0.0000   1.4356   0.0289  -0.0000   0.0000  -0.0000  -0.0000  -0.0000   0.0000  -0.0000   0.0000    0.106

  Surface # 6     fuselage_horizontal                     
     # Chordwise = 10   # Spanwise = 10     First strip =151
     Surface area =  123.841202       Ave. chord =   33.112617
     CLsurf  =   0.01427     Clsurf  =   0.00000
     CYsurf  =  -0.00000     Cmsurf  =   0.07007
     CDsurf  =   0.00011     Cnsurf  =  -0.00000
     CDisurf =   0.00011     CDvsurf =   0.00000

  Forces referred to Ssurf, Cave about hinge axis thru LE
     CLsurf  =   0.01439     CDsurf  =   0.00011
     Deflect =

 Strip Forces referred to Strip Area, Chord
    j      Yle    Chord     Area     c cl      ai      cl_norm  cl       cd       cdv    cm_c/4    cm_LE  C.P.x/c
   151  -1.6830  26.5957   9.9468   0.3364   0.1766   0.1398   0.0130  -0.0021   0.0000   0.0044   0.0002   -0.088
   152  -1.3090  31.2096  11.6724   0.4691   0.1881   0.0569   0.0152  -0.0005   0.0000   0.0056   0.0004   -0.115
   153  -0.9350  34.0626  12.7394   0.5066   0.1632   0.0358   0.0150   0.0001   0.0000   0.0070   0.0011   -0.215
   154  -0.5610  36.1619  13.5246   0.5227   0.1507   0.0241   0.0145   0.0006   0.0000   0.0077   0.0018   -0.281
   155  -0.1870  37.5332  14.0374   0.5317   0.1471   0.0163   0.0141   0.0016   0.0000   0.0079   0.0030   -0.311
   156   0.1870  37.5332  14.0374   0.5317   0.1471   0.0163   0.0141   0.0016   0.0000   0.0079   0.0030   -0.311
   157   0.5610  36.1619  13.5246   0.5227   0.1507   0.0241   0.0145   0.0006   0.0000   0.0077   0.0018   -0.281
   158   0.9350  34.0626  12.7394   0.5066   0.1632   0.0358   0.0150   0.0001   0.0000   0.0070   0.0011   -0.215
   159   1.3090  31.2096  11.6724   0.4691   0.1881   0.0569   0.0152  -0.0005   0.0000   0.0056   0.0004   -0.115
   160   1.6830  26.5957   9.9468   0.3364   0.1766   0.1398   0.0130  -0.0021   0.0000   0.0044   0.0002   -0.088

  Surface # 7     fuselage_vertical                       
     # Chordwise = 10   # Spanwise = 10     First strip =161
     Surface area =  123.841202       Ave. chord =   33.112617
     CLsurf  =  -0.00000     Clsurf  =  -0.00000
     CYsurf  =   0.00000     Cmsurf  =   0.00000
     CDsurf  =   0.00000     Cnsurf  =  -0.00000
     CDisurf =   0.00000     CDvsurf =   0.00000

  Forces referred to Ssurf, Cave about hinge axis thru LE
     CLsurf  =  -0.00000     CDsurf  =   0.00000
     Deflect =

 Strip Forces referred to Strip Area, Chord
    j      Yle    Chord     Area     c cl      ai      cl_norm  cl       cd       cdv    cm_c/4    cm_LE  C.P.x/c
   161   0.0000  26.5957   9.9468   0.0000  -0.0000   0.0000   0.0000  -0.0000   0.0000  -0.0000  -0.0000
   162   0.0000  31.2096  11.6724  -0.0000   0.0000  -0.0000  -0.0000  -0.0000   0.0000  -0.0000  -0.0000   -0.619
   163   0.0000  34.0626  12.7394  -0.0000  -0.0000  -0.0000  -0.0000   0.0000   0.0000  -0.0000  -0.0000   -0.347
   164   0.0000  36.1619  13.5246  -0.0000   0.0000  -0.0000  -0.0000   0.0000   0.0000  -0.0000  -0.0000   -0.209
   165   0.0000  37.5332  14.0374  -0.0000   0.0000  -0.0000  -0.0000   0.0000   0.0000  -0.0000  -0.0000   -0.034
   166   0.0000  37.5332  14.0374  -0.0000  -0.0000  -0.0000  -0.0000  -0.0000   0.0000   0.0000   0.0000    0.371
   167   0.0000  36.1619  13.5246  -0.0000  -0.0000  -0.0000  -0.0000   0.0000   0.0000   0.0000   0.0000    0.486
   168   0.0000  34.0626  12.7394  -0.0000  -0.0000  -0.0000  -0.0000   0.0000   0.0000   0.0000   0.0000    0.580
   169   0.0000  31.2096  11.6724  -0.0000   0.0000  -0.0000  -0.0000   0.0000   0.0000   0.0000   0.0000    0.649
   170   0.0000  26.5957   9.9468  -0.0000   0.0000  -0.0000  -0.0000   0.0000   0.0000   0.0000   0.0000    0.739
 ---------------------------------------------------------------
