 ---------------------------------------------------------------
 Surface and Strip Forces by surface

  Forces referred to Sref, Cref, Bref about Xref, Yref, Zref
 Standard axis orientation,  X fwd, Z down         

  Surface # 1     main_wing                               
     # Chordwise = 10   # Spanwise = 30     First strip =  1
     Surface area =   63.793327       Ave. chord =    3.717556
     CLsurf  =   0.72449     Clsurf  =  -0.14579
     CYsurf  =  -0.03298     Cmsurf  =  -0.03606
     CDsurf  =   0.03833     Cnsurf  =  -0.01562
     CDisurf =   0.03833     CDvsurf =   0.00000

  Forces referred to Ssurf, Cave about hinge axis thru LE
     CLsurf  =   1.41811     CDsurf  =   0.07502
     Deflect =

 Strip Forces referred to Strip Area, Chord
    j      Yle    Chord     Area     c cl      ai      cl_norm  cl       cd       cdv    cm_c/4    cm_LE  C.P.x/c
     1   0.0123   7.7514   0.3815   7.5750   0.2527   0.9054   0.9053   0.4933   0.0000   0.0040  -0.2364    0.246
     2   0.1106   7.6828   1.1303   7.5376   0.2497   0.9714   0.9713   0.1415   0.0000   0.0039  -0.2375    0.246
     3   0.3062   7.5463   1.8369   7.5237   0.2433   0.9917   0.9916   0.1178   0.0000   0.0043  -0.2409    0.246
     4   0.5968   7.3435   2.4751   7.4961   0.2359   1.0178   1.0177   0.1069   0.0000   0.0048  -0.2464    0.245
     5   0.9793   7.0766   3.0215   7.4771   0.2250   1.0539   1.0538   0.1084   0.0000   0.0056  -0.2543    0.245
     6   1.4496   6.7484   3.4567   7.3600   0.2078   1.0918   1.0917   0.0896   0.0000   0.0045  -0.2638    0.246
     7   1.9610   6.3915   3.2367   7.3185   0.1847   1.1465   1.1464   0.0927   0.0000   0.0055  -0.2762    0.245
     8   2.4995   6.0157   3.4229   7.1725   0.1637   1.1955   1.1954   0.0869   0.0000   0.0041  -0.2892    0.247
     9   3.0975   5.5984   3.5010   7.0607   0.1483   1.2651   1.2650   0.0890   0.0000   0.0039  -0.3064    0.247
    10   3.7485   5.1441   3.4716   6.8201   0.1347   1.3334   1.3333   0.0736   0.0000  -0.0001  -0.3261    0.250
    11   4.4453   4.6578   3.3395   6.6549   0.1184   1.4390   1.4388   0.0680   0.0000  -0.0014  -0.3527    0.251
    12   5.1804   4.1448   3.1137   6.4239   0.0952   1.5653   1.5652   0.0486   0.0000  -0.0059  -0.3869    0.254
    13   6.0123   3.7903   3.4546   6.2064   0.0839   1.6540   1.6539   0.0501   0.0000  -0.0126  -0.4213    0.258
    14   6.9353   3.6074   3.3620   5.9772   0.0747   1.6724   1.6723   0.0576   0.0000  -0.0171  -0.4306    0.260
    15   7.8737   3.4215   3.2240   5.7284   0.0656   1.6896   1.6895   0.0597   0.0000  -0.0197  -0.4376    0.262
    16   8.8173   3.2345   3.0478   5.4611   0.0614   1.7039   1.7038   0.0601   0.0000  -0.0212  -0.4426    0.262
    17   9.7557   3.0486   2.8411   5.1773   0.0605   1.7141   1.7140   0.0594   0.0000  -0.0218  -0.4457    0.263
    18  10.6786   2.8657   2.6118   4.8782   0.0609   1.7183   1.7182   0.0586   0.0000  -0.0217  -0.4466    0.263
    19  11.5760   2.6879   2.3677   4.5647   0.0619   1.7143   1.7142   0.0581   0.0000  -0.0210  -0.4448    0.262
    20  12.4467   2.5153   2.1582   4.2365   0.0635   1.7002   1.7001   0.0575   0.0000  -0.0195  -0.4399    0.261
    21  13.2645   2.3533   1.8259   3.8969   0.0660   1.6715   1.6714   0.0572   0.0000  -0.0173  -0.4306    0.260
    22  14.0130   2.2050   1.5853   3.5489   0.0694   1.6243   1.6242   0.0573   0.0000  -0.0140  -0.4157    0.259
    23  14.7005   2.0687   1.3533   3.1857   0.0742   1.5536   1.5535   0.0575   0.0000  -0.0096  -0.3940    0.256
    24  15.3195   1.9461   1.1330   2.8034   0.0805   1.4526   1.4525   0.0580   0.0000  -0.0040  -0.3636    0.253
    25  15.8633   1.8383   0.9263   2.3963   0.0886   1.3134   1.3133   0.0585   0.0000   0.0026  -0.3227    0.248
    26  16.3259   1.7467   0.7336   1.9570   0.0989   1.1270   1.1270   0.0608   0.0000   0.0099  -0.2698    0.241
    27  16.6722   1.4928   0.4112   1.4850   0.0758   1.0040   1.0037   0.0368   0.0000   0.0212  -0.2126    0.229
    28  16.9098   1.1466   0.2281   1.0412   0.0514   0.9216   0.9212   0.0044   0.0000   0.0318  -0.1825    0.215
    29  17.0696   0.9137   0.1099   0.6166   0.0389   0.6885   0.6883  -0.0171   0.0000   0.0334  -0.1265    0.202
    30  17.1499   0.7966   0.0321   0.2046   0.0382   0.2646   0.2645  -0.0208   0.0000   0.0157  -0.0453    0.191

  Surface # 2     main_wing (YDUP)                        
     # Chordwise = 10   # Spanwise = 30     First strip = 31
     Surface area =   63.793327       Ave. chord =    3.717556
     CLsurf  =   0.72448     Clsurf  =   0.14579
     CYsurf  =   0.03298     Cmsurf  =  -0.03606
     CDsurf  =   0.03833     Cnsurf  =   0.01562
     CDisurf =   0.03833     CDvsurf =   0.00000

  Forces referred to Ssurf, Cave about hinge axis thru LE
     CLsurf  =   1.41810     CDsurf  =   0.07502
     Deflect =

 Strip Forces referred to Strip Area, Chord
    j      Yle    Chord     Area     c cl      ai      cl_norm  cl       cd       cdv    cm_c/4    cm_LE  C.P.x/c
    31  -0.0123   7.7514   0.3815   7.5750   0.2530   0.9054   0.9053   0.4935   0.0000   0.0040   0.2364    0.246
    32  -0.1106   7.6828   1.1303   7.5376   0.2497   0.9714   0.9713   0.1415   0.0000   0.0039   0.2375    0.246
    33  -0.3062   7.5463   1.8369   7.5238   0.2433   0.9917   0.9916   0.1178   0.0000   0.0043   0.2409    0.246
    34  -0.5968   7.3435   2.4751   7.4961   0.2359   1.0178   1.0177   0.1069   0.0000   0.0048   0.2464    0.245
    35  -0.9793   7.0766   3.0215   7.4771   0.2250   1.0539   1.0538   0.1084   0.0000   0.0056   0.2543    0.245
    36  -1.4496   6.7484   3.4567   7.3600   0.2078   1.0918   1.0917   0.0896   0.0000   0.0045   0.2638    0.246
    37  -1.9610   6.3915   3.2367   7.3185   0.1847   1.1465   1.1464   0.0927   0.0000   0.0055   0.2762    0.245
    38  -2.4995   6.0157   3.4229   7.1725   0.1637   1.1955   1.1954   0.0869   0.0000   0.0041   0.2892    0.247
    39  -3.0975   5.5984   3.5010   7.0607   0.1483   1.2651   1.2650   0.0890   0.0000   0.0039   0.3064    0.247
    40  -3.7485   5.1441   3.4716   6.8201   0.1347   1.3334   1.3333   0.0736   0.0000  -0.0001   0.3261    0.250
    41  -4.4453   4.6578   3.3395   6.6549   0.1184   1.4389   1.4388   0.0680   0.0000  -0.0014   0.3527    0.251
    42  -5.1804   4.1448   3.1137   6.4238   0.0952   1.5653   1.5652   0.0486   0.0000  -0.0059   0.3869    0.254
    43  -6.0123   3.7903   3.4546   6.2064   0.0839   1.6540   1.6539   0.0501   0.0000  -0.0126   0.4213    0.258
    44  -6.9353   3.6074   3.3620   5.9771   0.0747   1.6724   1.6723   0.0576   0.0000  -0.0171   0.4306    0.260
    45  -7.8737   3.4215   3.2240   5.7283   0.0656   1.6896   1.6895   0.0597   0.0000  -0.0197   0.4376    0.262
    46  -8.8173   3.2345   3.0478   5.4611   0.0614   1.7039   1.7038   0.0601   0.0000  -0.0212   0.4426    0.262
    47  -9.7557   3.0486   2.8411   5.1773   0.0605   1.7141   1.7140   0.0594   0.0000  -0.0218   0.4457    0.263
    48 -10.6786   2.8657   2.6118   4.8781   0.0609   1.7183   1.7182   0.0586   0.0000  -0.0217   0.4466    0.263
    49 -11.5760   2.6879   2.3677   4.5647   0.0619   1.7143   1.7142   0.0581   0.0000  -0.0210   0.4448    0.262
    50 -12.4467   2.5153   2.1582   4.2365   0.0635   1.7002   1.7001   0.0575   0.0000  -0.0195   0.4399    0.261
    51 -13.2645   2.3533   1.8259   3.8969   0.0660   1.6715   1.6714   0.0572   0.0000  -0.0173   0.4306    0.260
    52 -14.0130   2.2050   1.5853   3.5488   0.0694   1.6243   1.6242   0.0573   0.0000  -0.0140   0.4157    0.259
    53 -14.7005   2.0687   1.3533   3.1857   0.0742   1.5536   1.5535   0.0575   0.0000  -0.0096   0.3940    0.256
    54 -15.3195   1.9461   1.1330   2.8033   0.0805   1.4526   1.4525   0.0580   0.0000  -0.0040   0.3636    0.253
    55 -15.8633   1.8383   0.9263   2.3962   0.0886   1.3134   1.3133   0.0585   0.0000   0.0026   0.3227    0.248
    56 -16.3259   1.7467   0.7336   1.9570   0.0989   1.1270   1.1270   0.0608   0.0000   0.0099   0.2698    0.241
    57 -16.6722   1.4928   0.4112   1.4850   0.0758   1.0040   1.0036   0.0368   0.0000   0.0212   0.2126    0.229
    58 -16.9098   1.1466   0.2281   1.0411   0.0514   0.9216   0.9212   0.0044   0.0000   0.0318   0.1824    0.215
    59 -17.0696   0.9137   0.1099   0.6166   0.0389   0.6885   0.6883  -0.0171   0.0000   0.0334   0.1265    0.202
    60 -17.1499   0.7966   0.0321   0.2046   0.0382   0.2646   0.2645  -0.0208   0.0000   0.0157   0.0453    0.191

  Surface # 3     horizontal_stabilizer                   
     # Chordwise = 10   # Spanwise = 30     First strip = 61
     Surface area =   20.071465       Ave. chord =    2.826957
     CLsurf  =   0.07174     Clsurf  =  -0.00635
     CYsurf  =  -0.00497     Cmsurf  =  -0.31894
     CDsurf  =   0.00890     Cnsurf  =   0.00268
     CDisurf =   0.00890     CDvsurf =   0.00000

  Forces referred to Ssurf, Cave about hinge axis thru LE
     CLsurf  =   0.44635     CDsurf  =   0.05537
     Deflect =

 Strip Forces referred to Strip Area, Chord
    j      Yle    Chord     Area     c cl      ai      cl_norm  cl       cd       cdv    cm_c/4    cm_LE  C.P.x/c
    61   0.0046   4.6976   0.0861   1.7754   0.2302   0.3552   0.3552   0.1622   0.0000   0.0132  -0.0805    0.213
    62   0.0412   4.6783   0.2563   1.7563   0.2299   0.3707   0.3706   0.0601   0.0000   0.0128  -0.0802    0.215
    63   0.1140   4.6399   0.4206   1.7539   0.2291   0.3745   0.3744   0.0533   0.0000   0.0130  -0.0807    0.215
    64   0.2222   4.5828   0.5752   1.7515   0.2280   0.3790   0.3789   0.0520   0.0000   0.0132  -0.0815    0.215
    65   0.3647   4.5076   0.7167   1.7469   0.2264   0.3845   0.3844   0.0517   0.0000   0.0135  -0.0826    0.215
    66   0.5398   4.4152   0.8422   1.7394   0.2239   0.3910   0.3909   0.0517   0.0000   0.0137  -0.0839    0.215
    67   0.7511   4.3037   0.9974   1.7271   0.2200   0.3984   0.3983   0.0518   0.0000   0.0139  -0.0855    0.215
    68   0.9975   4.1737   1.0868   1.7087   0.2141   0.4065   0.4065   0.0525   0.0000   0.0141  -0.0874    0.215
    69   1.2712   4.0293   1.1531   1.6843   0.2053   0.4153   0.4152   0.0525   0.0000   0.0141  -0.0895    0.216
    70   1.5691   3.8721   1.1959   1.6533   0.1927   0.4241   0.4240   0.0541   0.0000   0.0141  -0.0917    0.217
    71   1.8880   3.7039   1.2153   1.6152   0.1770   0.4333   0.4332   0.0544   0.0000   0.0140  -0.0941    0.218
    72   2.2244   3.5264   1.2123   1.5712   0.1620   0.4429   0.4428   0.0543   0.0000   0.0139  -0.0966    0.219
    73   2.5747   3.3416   1.1886   1.5220   0.1508   0.4525   0.4525   0.0569   0.0000   0.0138  -0.0991    0.220
    74   2.9349   3.1516   1.1463   1.4664   0.1436   0.4625   0.4624   0.0572   0.0000   0.0136  -0.1017    0.220
    75   3.3011   2.9584   1.0879   1.4069   0.1386   0.4727   0.4727   0.0580   0.0000   0.0136  -0.1042    0.221
    76   3.6693   2.7641   1.0165   1.3438   0.1348   0.4833   0.4832   0.0594   0.0000   0.0138  -0.1067    0.221
    77   4.0356   2.5709   0.9351   1.2751   0.1315   0.4935   0.4934   0.0578   0.0000   0.0140  -0.1089    0.222
    78   4.3958   2.3808   0.8469   1.2040   0.1285   0.5037   0.5036   0.0561   0.0000   0.0144  -0.1109    0.221
    79   4.7460   2.1961   0.7550   1.1308   0.1260   0.5124   0.5123   0.0596   0.0000   0.0151  -0.1125    0.221
    80   5.0824   2.0186   0.6623   1.0538   0.1239   0.5196   0.5195   0.0599   0.0000   0.0159  -0.1135    0.219
    81   5.4013   1.8503   0.5714   0.9737   0.1223   0.5237   0.5237   0.0607   0.0000   0.0169  -0.1135    0.218
    82   5.6992   1.6931   0.4845   0.8906   0.1213   0.5240   0.5239   0.0577   0.0000   0.0181  -0.1122    0.215
    83   5.9729   1.5487   0.4033   0.8051   0.1207   0.5180   0.5179   0.0563   0.0000   0.0196  -0.1093    0.212
    84   6.2193   1.4187   0.3288   0.7169   0.1207   0.5033   0.5032   0.0562   0.0000   0.0210  -0.1042    0.208
    85   6.4358   1.3045   0.2616   0.6254   0.1210   0.4781   0.4780   0.0498   0.0000   0.0223  -0.0966    0.203
    86   6.6379   1.1979   0.2413   0.5268   0.1218   0.4384   0.4383   0.0469   0.0000   0.0233  -0.0858    0.197
    87   6.8184   1.1027   0.1754   0.4167   0.1230   0.3767   0.3766   0.0401   0.0000   0.0231  -0.0706    0.189
    88   6.9555   1.0303   0.1183   0.3015   0.1245   0.2916   0.2915   0.0317   0.0000   0.0205  -0.0521    0.180
    89   7.0478   0.9816   0.0681   0.1826   0.1260   0.1856   0.1855   0.0190   0.0000   0.0146  -0.0315    0.171
    90   7.0942   0.9572   0.0222   0.0612   0.1273   0.0639   0.0639   0.0060   0.0000   0.0054  -0.0105    0.166

  Surface # 4     horizontal_stabilizer (YDUP)            
     # Chordwise = 10   # Spanwise = 30     First strip = 91
     Surface area =   20.071465       Ave. chord =    2.826957
     CLsurf  =   0.07174     Clsurf  =   0.00635
     CYsurf  =   0.00497     Cmsurf  =  -0.31893
     CDsurf  =   0.00890     Cnsurf  =  -0.00268
     CDisurf =   0.00890     CDvsurf =   0.00000

  Forces referred to Ssurf, Cave about hinge axis thru LE
     CLsurf  =   0.44633     CDsurf  =   0.05537
     Deflect =

 Strip Forces referred to Strip Area, Chord
    j      Yle    Chord     Area     c cl      ai      cl_norm  cl       cd       cdv    cm_c/4    cm_LE  C.P.x/c
    91  -0.0046   4.6976   0.0861   1.7754   0.2302   0.3552   0.3552   0.1622   0.0000   0.0132   0.0805    0.213
    92  -0.0412   4.6783   0.2563   1.7563   0.2299   0.3707   0.3706   0.0601   0.0000   0.0128   0.0802    0.215
    93  -0.1140   4.6399   0.4206   1.7539   0.2292   0.3745   0.3744   0.0533   0.0000   0.0130   0.0807    0.215
    94  -0.2222   4.5828   0.5752   1.7515   0.2280   0.3790   0.3789   0.0520   0.0000   0.0132   0.0815    0.215
    95  -0.3647   4.5076   0.7167   1.7468   0.2264   0.3845   0.3844   0.0517   0.0000   0.0135   0.0826    0.215
    96  -0.5398   4.4152   0.8422   1.7394   0.2239   0.3910   0.3909   0.0517   0.0000   0.0137   0.0839    0.215
    97  -0.7511   4.3037   0.9974   1.7270   0.2200   0.3984   0.3983   0.0518   0.0000   0.0139   0.0855    0.215
    98  -0.9975   4.1737   1.0868   1.7087   0.2141   0.4065   0.4065   0.0525   0.0000   0.0141   0.0874    0.215
    99  -1.2712   4.0293   1.1531   1.6843   0.2053   0.4153   0.4152   0.0525   0.0000   0.0141   0.0895    0.216
   100  -1.5691   3.8721   1.1959   1.6532   0.1926   0.4241   0.4240   0.0541   0.0000   0.0141   0.0917    0.217
   101  -1.8880   3.7039   1.2153   1.6152   0.1770   0.4333   0.4332   0.0544   0.0000   0.0140   0.0941    0.218
   102  -2.2244   3.5264   1.2123   1.5711   0.1620   0.4429   0.4428   0.0543   0.0000   0.0139   0.0966    0.219
   103  -2.5747   3.3416   1.1886   1.5220   0.1508   0.4525   0.4525   0.0569   0.0000   0.0138   0.0991    0.220
   104  -2.9349   3.1516   1.1463   1.4664   0.1436   0.4625   0.4624   0.0572   0.0000   0.0136   0.1017    0.220
   105  -3.3011   2.9584   1.0879   1.4068   0.1386   0.4727   0.4726   0.0580   0.0000   0.0136   0.1042    0.221
   106  -3.6693   2.7641   1.0165   1.3437   0.1348   0.4832   0.4832   0.0594   0.0000   0.0138   0.1067    0.221
   107  -4.0356   2.5709   0.9351   1.2750   0.1315   0.4935   0.4934   0.0578   0.0000   0.0140   0.1089    0.222
   108  -4.3958   2.3808   0.8469   1.2040   0.1285   0.5037   0.5036   0.0561   0.0000   0.0144   0.1109    0.221
   109  -4.7460   2.1961   0.7550   1.1307   0.1260   0.5124   0.5123   0.0596   0.0000   0.0151   0.1125    0.221
   110  -5.0824   2.0186   0.6623   1.0537   0.1239   0.5196   0.5195   0.0599   0.0000   0.0159   0.1135    0.219
   111  -5.4013   1.8503   0.5714   0.9737   0.1223   0.5237   0.5236   0.0607   0.0000   0.0169   0.1135    0.218
   112  -5.6992   1.6931   0.4845   0.8905   0.1213   0.5240   0.5239   0.0577   0.0000   0.0181   0.1122    0.215
   113  -5.9729   1.5487   0.4033   0.8050   0.1207   0.5180   0.5179   0.0563   0.0000   0.0196   0.1093    0.212
   114  -6.2193   1.4187   0.3288   0.7169   0.1207   0.5033   0.5032   0.0562   0.0000   0.0211   0.1042    0.208
   115  -6.4358   1.3045   0.2616   0.6253   0.1210   0.4781   0.4780   0.0498   0.0000   0.0223   0.0965    0.203
   116  -6.6379   1.1979   0.2413   0.5268   0.1218   0.4384   0.4383   0.0469   0.0000   0.0233   0.0858    0.197
   117  -6.8184   1.1027   0.1754   0.4167   0.1230   0.3767   0.3766   0.0401   0.0000   0.0231   0.0706    0.189
   118  -6.9555   1.0303   0.1183   0.3015   0.1245   0.2916   0.2915   0.0317   0.0000   0.0205   0.0521    0.180
   119  -7.0478   0.9816   0.0681   0.1826   0.1260   0.1856   0.1855   0.0190   0.0000   0.0146   0.0315    0.171
   120  -7.0942   0.9572   0.0222   0.0612   0.1273   0.0639   0.0639   0.0060   0.0000   0.0054   0.0105    0.166

  Surface # 5     vertical_stabilizer                     
     # Chordwise = 10   # Spanwise = 30     First strip =121
     Surface area =   27.880133       Ave. chord =    3.584947
     CLsurf  =   0.00000     Clsurf  =   0.00000
     CYsurf  =   0.00000     Cmsurf  =  -0.00000
     CDsurf  =  -0.00000     Cnsurf  =  -0.00000
     CDisurf =  -0.00000     CDvsurf =   0.00000

  Forces referred to Ssurf, Cave about hinge axis thru LE
     CLsurf  =  -0.00000     CDsurf  =  -0.00000
     Deflect =

 Strip Forces referred to Strip Area, Chord
    j      Yle    Chord     Area     c cl      ai      cl_norm  cl       cd       cdv    cm_c/4    cm_LE  C.P.x/c
   121   0.0000   8.1257   0.4979  -0.0000   0.0000  -0.0000  -0.0000  -0.0000   0.0000   0.0000   0.0000    0.506
   122   0.0000   7.9240   0.7939  -0.0000   0.0000  -0.0000  -0.0000   0.0000   0.0000   0.0000   0.0000    0.510
   123   0.0000   7.6259   1.0550  -0.0000  -0.0000  -0.0000  -0.0000   0.0000   0.0000   0.0000   0.0000    0.514
   124   0.0000   7.2338   1.2682  -0.0000   0.0000  -0.0000  -0.0000   0.0000   0.0000   0.0000   0.0000    0.519
   125   0.0000   6.7513   1.4226  -0.0000   0.0000  -0.0000  -0.0000   0.0000   0.0000   0.0000   0.0000    0.523
   126   0.0000   6.1827   1.5094  -0.0000   0.0000  -0.0000  -0.0000   0.0000   0.0000   0.0000   0.0000    0.522
   127   0.0000   5.5336   1.5228  -0.0000   0.0000  -0.0000  -0.0000   0.0000   0.0000   0.0000   0.0000    0.515
   128   0.0000   4.8100   1.4602  -0.0000   0.0000  -0.0000  -0.0000  -0.0000   0.0000   0.0000   0.0000    0.508
   129   0.0000   4.3478   1.3898  -0.0000   0.0000  -0.0000  -0.0000  -0.0000   0.0000   0.0000   0.0000    0.390
   130   0.0000   4.1900   1.4293  -0.0000   0.0000  -0.0000  -0.0000  -0.0000   0.0000   0.0000   0.0000    0.374
   131   0.0000   4.0228   1.4447  -0.0000   0.0000  -0.0000  -0.0000  -0.0000   0.0000   0.0000   0.0000    0.360
   132   0.0000   3.8479   1.4371  -0.0000   0.0000  -0.0000  -0.0000  -0.0000   0.0000   0.0000   0.0000    0.345
   133   0.0000   3.6670   1.4082  -0.0000   0.0000  -0.0000  -0.0000  -0.0000   0.0000   0.0000   0.0000    0.332
   134   0.0000   3.4821   1.3602  -0.0000   0.0000  -0.0000  -0.0000  -0.0000   0.0000   0.0000   0.0000    0.320
   135   0.0000   3.2949   1.2955  -0.0000   0.0000  -0.0000  -0.0000  -0.0000   0.0000   0.0000   0.0000    0.312
   136   0.0000   3.1075   1.2172  -0.0000   0.0000  -0.0000  -0.0000  -0.0000   0.0000   0.0000   0.0000    0.302
   137   0.0000   2.9218   1.1282  -0.0000   0.0000  -0.0000  -0.0000  -0.0000   0.0000   0.0000   0.0000    0.296
   138   0.0000   2.7397   1.0316  -0.0000   0.0000  -0.0000  -0.0000  -0.0000   0.0000   0.0000   0.0000    0.292
   139   0.0000   2.5631   0.9305  -0.0000   0.0000  -0.0000  -0.0000  -0.0000   0.0000   0.0000   0.0000    0.284
   140   0.0000   2.3939   0.8277  -0.0000   0.0000  -0.0000  -0.0000  -0.0000   0.0000   0.0000   0.0000    0.283
   141   0.0000   2.2338   0.7257  -0.0000   0.0000  -0.0000  -0.0000  -0.0000   0.0000   0.0000   0.0000    0.279
   142   0.0000   2.0845   0.6265  -0.0000   0.0000  -0.0000  -0.0000  -0.0000   0.0000   0.0000   0.0000    0.274
   143   0.0000   1.9475   0.5319  -0.0000   0.0000  -0.0000  -0.0000  -0.0000   0.0000   0.0000   0.0000    0.270
   144   0.0000   1.8243   0.4429  -0.0000   0.0000  -0.0000  -0.0000  -0.0000   0.0000   0.0000   0.0000    0.267
   145   0.0000   1.7162   0.3603  -0.0000   0.0000  -0.0000  -0.0000  -0.0000   0.0000   0.0000   0.0000    0.262
   146   0.0000   1.6244   0.2840  -0.0000   0.0000  -0.0000  -0.0000  -0.0000   0.0000   0.0000   0.0000    0.255
   147   0.0000   1.5497   0.2138  -0.0000   0.0000  -0.0000  -0.0000  -0.0000   0.0000  -0.0000   0.0000    0.248
   148   0.0000   1.4930   0.1487  -0.0000   0.0000  -0.0000  -0.0000  -0.0000   0.0000  -0.0000   0.0000    0.245
   149   0.0000   1.4548   0.0875  -0.0000   0.0000  -0.0000  -0.0000  -0.0000   0.0000  -0.0000   0.0000    0.244
   150   0.0000   1.4357   0.0289  -0.0000   0.0000  -0.0000  -0.0000  -0.0000   0.0000  -0.0000   0.0000    0.241

  Surface # 6     fuselage_horizontal                     
     # Chordwise = 10   # Spanwise = 10     First strip =151
     Surface area =  123.841209       Ave. chord =   33.112621
     CLsurf  =   0.01191     Clsurf  =   0.00000
     CYsurf  =  -0.00000     Cmsurf  =   0.11468
     CDsurf  =  -0.00239     Cnsurf  =   0.00000
     CDisurf =  -0.00239     CDvsurf =   0.00000

  Forces referred to Ssurf, Cave about hinge axis thru LE
     CLsurf  =   0.01201     CDsurf  =  -0.00241
     Deflect =

 Strip Forces referred to Strip Area, Chord
    j      Yle    Chord     Area     c cl      ai      cl_norm  cl       cd       cdv    cm_c/4    cm_LE  C.P.x/c
   151  -1.6830  26.5957   9.9468   0.3470   0.3229   0.1391   0.0149  -0.0093   0.0000   0.0077   0.0006   -0.264
   152  -1.3090  31.2096  11.6724   0.3815   0.2937   0.0477   0.0133  -0.0050   0.0000   0.0114   0.0021   -0.607
   153  -0.9350  34.0626  12.7394   0.3672   0.2484   0.0266   0.0113  -0.0022   0.0000   0.0139   0.0037   -0.975
   154  -0.5610  36.1619  13.5246   0.3894   0.2496   0.0181   0.0110  -0.0004   0.0000   0.0145   0.0053
   155  -0.1870  37.5333  14.0374   0.4035   0.2561   0.0121   0.0105   0.0026   0.0000   0.0146   0.0082
   156   0.1870  37.5333  14.0374   0.4035   0.2561   0.0121   0.0105   0.0026   0.0000   0.0146   0.0082
   157   0.5610  36.1619  13.5246   0.3894   0.2496   0.0181   0.0110  -0.0004   0.0000   0.0145   0.0053
   158   0.9350  34.0626  12.7394   0.3672   0.2484   0.0266   0.0113  -0.0022   0.0000   0.0139   0.0037   -0.975
   159   1.3090  31.2096  11.6724   0.3815   0.2937   0.0477   0.0133  -0.0050   0.0000   0.0114   0.0021   -0.607
   160   1.6830  26.5957   9.9468   0.3470   0.3229   0.1391   0.0149  -0.0093   0.0000   0.0077   0.0006   -0.264

  Surface # 7     fuselage_vertical                       
     # Chordwise = 10   # Spanwise = 10     First strip =161
     Surface area =  123.841209       Ave. chord =   33.112621
     CLsurf  =  -0.00000     Clsurf  =  -0.00000
     CYsurf  =   0.00000     Cmsurf  =   0.00000
     CDsurf  =  -0.00000     Cnsurf  =   0.00000
     CDisurf =  -0.00000     CDvsurf =   0.00000

  Forces referred to Ssurf, Cave about hinge axis thru LE
     CLsurf  =  -0.00000     CDsurf  =  -0.00000
     Deflect =

 Strip Forces referred to Strip Area, Chord
    j      Yle    Chord     Area     c cl      ai      cl_norm  cl       cd       cdv    cm_c/4    cm_LE  C.P.x/c
   161   0.0000  26.5957   9.9468   0.0000   0.0000   0.0000   0.0000  -0.0000   0.0000  -0.0000  -0.0000
   162   0.0000  31.2096  11.6724   0.0000   0.0001   0.0000   0.0000  -0.0000   0.0000  -0.0000  -0.0000
   163   0.0000  34.0626  12.7394   0.0000  -0.0000   0.0000   0.0000   0.0000   0.0000  -0.0000  -0.0000
   164   0.0000  36.1619  13.5246   0.0000  -0.0000   0.0000   0.0000   0.0000   0.0000  -0.0000  -0.0000
   165   0.0000  37.5333  14.0374   0.0000  -0.0000   0.0000   0.0000  -0.0000   0.0000  -0.0000  -0.0000
   166   0.0000  37.5333  14.0374  -0.0000  -0.0000  -0.0000  -0.0000  -0.0000   0.0000  -0.0000  -0.0000
   167   0.0000  36.1619  13.5246  -0.0000  -0.0000  -0.0000  -0.0000   0.0000   0.0000  -0.0000   0.0000    0.040
   168   0.0000  34.0626  12.7394  -0.0000  -0.0000  -0.0000  -0.0000   0.0000   0.0000   0.0000   0.0000    0.429
   169   0.0000  31.2096  11.6724  -0.0000   0.0000  -0.0000  -0.0000  -0.0000   0.0000   0.0000   0.0000    0.632
   170   0.0000  26.5957   9.9468  -0.0000   0.0000  -0.0000  -0.0000  -0.0000   0.0000   0.0000   0.0000    0.731
 ---------------------------------------------------------------
