 ---------------------------------------------------------------
 Surface and Strip Forces by surface

  Forces referred to Sref, Cref, Bref about Xref, Yref, Zref
 Standard axis orientation,  X fwd, Z down         

  Surface # 1     main_wing                               
     # Chordwise = 10   # Spanwise = 20     First strip =  1
     Surface area =   63.790974       Ave. chord =    3.717419
     CLsurf  =  -2.55585     Clsurf  =   0.56606
     CYsurf  =   0.02873     Cmsurf  =   0.43602
     CDsurf  =   0.26548     Cnsurf  =   0.11880
     CDisurf =   0.26548     CDvsurf =   0.00000

  Forces referred to Ssurf, Cave about hinge axis thru LE
     CLsurf  =  -5.00278     CDsurf  =   0.51963
     Deflect =

 Strip Forces referred to Strip Area, Chord
    j      Yle    Chord     Area     c cl      ai      cl_norm  cl       cd       cdv    cm_c/4    cm_LE  C.P.x/c
     1   0.0271   7.7411   0.8376 -22.3785  -0.7722  -4.1407  -4.1403 -35.7277   0.0000   1.2504   1.9408    0.552
     2   0.2428   7.5905   2.4436 -23.6241  -0.6435  -3.2081  -3.2078  -2.6805   0.0000   1.3025   2.0465    0.656
     3   0.6690   7.2932   3.8488 -23.2431  -0.4515  -3.2026  -3.2023  -0.3822   0.0000   1.2720   2.0350    0.647
     4   1.2950   6.8563   4.9402 -22.2443  -0.2119  -3.2386  -3.2383   0.2317   0.0000   1.1136   1.8932    0.594
     5   2.1056   6.2906   5.6339 -20.8653   0.0426  -3.2968  -3.2965   0.6428   0.0000   0.7799   1.5828    0.487
     6   3.0065   5.6619   5.0672 -20.3537   0.1275  -3.5677  -3.5674   0.8499   0.0000   0.4416   1.3184    0.374
     7   3.9586   4.9974   5.0150 -20.6661  -0.0438  -4.0983  -4.0980   1.1425   0.0000   0.2264   1.2396    0.305
     8   5.0073   4.2656   4.6382 -21.5213  -0.2569  -4.9927  -4.9923   1.6079   0.0000   0.0773   1.3167    0.265
     9   6.1989   3.7534   4.8429 -22.1502  -0.4356  -5.8381  -5.8377   1.9268   0.0000  -0.0198   1.4532    0.247
    10   7.5095   3.4937   4.6216 -22.0120  -0.4778  -6.2445  -6.2441   1.7263   0.0000  -0.0283   1.5443    0.245
    11   8.8364   3.2307   4.2738 -21.2762  -0.4674  -6.5348  -6.5344   1.5785   0.0000  -0.0245   1.6192    0.246
    12  10.1470   2.9710   3.8335 -20.1423  -0.4385  -6.7331  -6.7327   1.4605   0.0000  -0.0195   1.6726    0.247
    13  11.4090   2.7210   3.3357 -18.7410  -0.4146  -6.8438  -6.8434   1.3874   0.0000  -0.0197   1.6995    0.247
    14  12.6340   2.4782   3.0105 -17.1266  -0.4047  -6.8684  -6.8680   1.3469   0.0000  -0.0220   1.7029    0.247
    15  13.7866   2.2498   2.4374 -15.3248  -0.4169  -6.7687  -6.7683   1.3575   0.0000  -0.0297   1.6704    0.246
    16  14.7941   2.0502   1.8970 -13.3754  -0.4599  -6.4784  -6.4780   1.4276   0.0000  -0.0465   1.5819    0.243
    17  15.6315   1.8843   1.4027 -11.2287  -0.5388  -5.9095  -5.9092   1.5366   0.0000  -0.0761   1.4114    0.237
    18  16.2783   1.7561   0.9575  -8.7800  -0.6481  -4.9458  -4.9455   1.6404   0.0000  -0.1148   1.1333    0.227
    19  16.8016   1.3043   0.6198  -5.6705  -0.5918  -4.3118  -4.3102   1.1455   0.0000  -0.1736   0.8532    0.210
    20  17.1200   0.8402   0.1342  -1.9093  -0.5373  -2.2632  -2.2624   0.3218   0.0000  -0.1649   0.3766    0.177

  Surface # 2     main_wing (YDUP)                        
     # Chordwise = 10   # Spanwise = 20     First strip = 21
     Surface area =   63.790974       Ave. chord =    3.717419
     CLsurf  =  -2.55584     Clsurf  =  -0.56606
     CYsurf  =  -0.02873     Cmsurf  =   0.43602
     CDsurf  =   0.26548     Cnsurf  =  -0.11880
     CDisurf =   0.26548     CDvsurf =   0.00000

  Forces referred to Ssurf, Cave about hinge axis thru LE
     CLsurf  =  -5.00277     CDsurf  =   0.51963
     Deflect =

 Strip Forces referred to Strip Area, Chord
    j      Yle    Chord     Area     c cl      ai      cl_norm  cl       cd       cdv    cm_c/4    cm_LE  C.P.x/c
    21  -0.0271   7.7411   0.8376 -22.3786  -0.7723  -4.1406  -4.1403 -35.7269   0.0000   1.2504  -1.9408    0.552
    22  -0.2428   7.5905   2.4436 -23.6240  -0.6435  -3.2081  -3.2078  -2.6806   0.0000   1.3025  -2.0465    0.656
    23  -0.6690   7.2932   3.8488 -23.2431  -0.4515  -3.2026  -3.2023  -0.3823   0.0000   1.2720  -2.0350    0.647
    24  -1.2950   6.8563   4.9402 -22.2443  -0.2119  -3.2386  -3.2383   0.2318   0.0000   1.1136  -1.8932    0.594
    25  -2.1056   6.2906   5.6339 -20.8653   0.0426  -3.2968  -3.2965   0.6428   0.0000   0.7799  -1.5828    0.487
    26  -3.0065   5.6619   5.0672 -20.3537   0.1275  -3.5677  -3.5674   0.8499   0.0000   0.4416  -1.3184    0.374
    27  -3.9586   4.9974   5.0150 -20.6660  -0.0438  -4.0983  -4.0980   1.1425   0.0000   0.2264  -1.2396    0.305
    28  -5.0073   4.2656   4.6382 -21.5213  -0.2569  -4.9927  -4.9923   1.6079   0.0000   0.0773  -1.3167    0.265
    29  -6.1989   3.7534   4.8429 -22.1502  -0.4356  -5.8381  -5.8377   1.9268   0.0000  -0.0198  -1.4532    0.247
    30  -7.5095   3.4937   4.6216 -22.0120  -0.4778  -6.2445  -6.2441   1.7263   0.0000  -0.0283  -1.5443    0.245
    31  -8.8364   3.2307   4.2738 -21.2761  -0.4674  -6.5348  -6.5344   1.5785   0.0000  -0.0245  -1.6192    0.246
    32 -10.1470   2.9710   3.8335 -20.1423  -0.4385  -6.7331  -6.7327   1.4605   0.0000  -0.0195  -1.6726    0.247
    33 -11.4090   2.7210   3.3357 -18.7409  -0.4146  -6.8438  -6.8433   1.3874   0.0000  -0.0196  -1.6995    0.247
    34 -12.6340   2.4782   3.0105 -17.1265  -0.4047  -6.8684  -6.8680   1.3469   0.0000  -0.0220  -1.7029    0.247
    35 -13.7866   2.2498   2.4374 -15.3247  -0.4169  -6.7687  -6.7683   1.3574   0.0000  -0.0297  -1.6704    0.246
    36 -14.7941   2.0502   1.8970 -13.3753  -0.4599  -6.4784  -6.4780   1.4276   0.0000  -0.0465  -1.5819    0.243
    37 -15.6315   1.8843   1.4027 -11.2286  -0.5388  -5.9095  -5.9091   1.5366   0.0000  -0.0761  -1.4114    0.237
    38 -16.2783   1.7561   0.9575  -8.7800  -0.6481  -4.9458  -4.9455   1.6404   0.0000  -0.1148  -1.1333    0.227
    39 -16.8016   1.3043   0.6198  -5.6704  -0.5918  -4.3117  -4.3102   1.1455   0.0000  -0.1736  -0.8532    0.210
    40 -17.1200   0.8402   0.1342  -1.9093  -0.5373  -2.2632  -2.2624   0.3218   0.0000  -0.1649  -0.3766    0.177

  Surface # 3     horizontal_stabilizer                   
     # Chordwise = 10   # Spanwise = 20     First strip = 41
     Surface area =   20.072786       Ave. chord =    2.827143
     CLsurf  =   0.13707     Clsurf  =  -0.01235
     CYsurf  =   0.00441     Cmsurf  =  -0.61691
     CDsurf  =  -0.02709     Cnsurf  =  -0.00480
     CDisurf =  -0.02709     CDvsurf =   0.00000

  Forces referred to Ssurf, Cave about hinge axis thru LE
     CLsurf  =   0.85259     CDsurf  =  -0.16849
     Deflect =

 Strip Forces referred to Strip Area, Chord
    j      Yle    Chord     Area     c cl      ai      cl_norm  cl       cd       cdv    cm_c/4    cm_LE  C.P.x/c
    41   0.0103   4.6946   0.1934   2.9688  -0.1190   0.6318   0.6317  -0.0294   0.0000   0.0099  -0.1467    0.234
    42   0.0924   4.6512   0.5701   2.9558  -0.1215   0.6330   0.6329  -0.0853   0.0000   0.0100  -0.1474    0.234
    43   0.2547   4.5656   0.9173   2.9508  -0.1231   0.6436   0.6435  -0.0923   0.0000   0.0105  -0.1495    0.234
    44   0.4930   4.4399   1.2180   2.9408  -0.1218   0.6594   0.6593  -0.1000   0.0000   0.0111  -0.1529    0.233
    45   0.8160   4.2695   1.5847   2.9222  -0.1171   0.6812   0.6811  -0.1073   0.0000   0.0117  -0.1578    0.233
    46   1.2202   4.0563   1.7628   2.8931  -0.1146   0.7098   0.7096  -0.1154   0.0000   0.0122  -0.1644    0.233
    47   1.6825   3.8123   1.8577   2.8518  -0.1238   0.7442   0.7441  -0.1260   0.0000   0.0127  -0.1725    0.233
    48   2.1917   3.5437   1.8711   2.7995  -0.1383   0.7858   0.7857  -0.1385   0.0000   0.0132  -0.1824    0.233
    49   2.7353   3.2569   1.8099   2.7372  -0.1402   0.8358   0.8356  -0.1524   0.0000   0.0139  -0.1942    0.233
    50   3.2997   2.9591   1.6859   2.6666  -0.1337   0.8958   0.8957  -0.1726   0.0000   0.0152  -0.2080    0.233
    51   3.8713   2.6576   1.5141   2.5833  -0.1285   0.9658   0.9656  -0.2017   0.0000   0.0171  -0.2236    0.232
    52   4.4357   2.3597   1.3114   2.4742  -0.1274   1.0413   1.0412  -0.2282   0.0000   0.0195  -0.2402    0.231
    53   4.9793   2.0730   1.0945   2.3333  -0.1299   1.1170   1.1168  -0.2692   0.0000   0.0217  -0.2570    0.231
    54   5.4885   1.8043   0.8792   2.1409  -0.1344   1.1769   1.1767  -0.3018   0.0000   0.0241  -0.2698    0.230
    55   5.9508   1.5604   0.6781   1.8957  -0.1385   1.2046   1.2044  -0.3203   0.0000   0.0271  -0.2738    0.228
    56   6.3550   1.3472   0.5000   1.5983  -0.1389   1.1762   1.1760  -0.3191   0.0000   0.0315  -0.2624    0.223
    57   6.6617   1.1853   0.2890   1.2727  -0.1337   1.0644   1.0642  -0.2904   0.0000   0.0370  -0.2290    0.215
    58   6.8736   1.0735   0.1917   0.9383  -0.1240   0.8666   0.8664  -0.2343   0.0000   0.0404  -0.1763    0.203
    59   7.0178   0.9975   0.1087   0.5772  -0.1125   0.5740   0.5739  -0.1461   0.0000   0.0355  -0.1081    0.188
    60   7.0908   0.9589   0.0351   0.1953  -0.1027   0.2021   0.2021  -0.0480   0.0000   0.0152  -0.0354    0.175

  Surface # 4     horizontal_stabilizer (YDUP)            
     # Chordwise = 10   # Spanwise = 20     First strip = 61
     Surface area =   20.072786       Ave. chord =    2.827143
     CLsurf  =   0.13707     Clsurf  =   0.01235
     CYsurf  =  -0.00441     Cmsurf  =  -0.61691
     CDsurf  =  -0.02709     Cnsurf  =   0.00480
     CDisurf =  -0.02709     CDvsurf =   0.00000

  Forces referred to Ssurf, Cave about hinge axis thru LE
     CLsurf  =   0.85258     CDsurf  =  -0.16849
     Deflect =

 Strip Forces referred to Strip Area, Chord
    j      Yle    Chord     Area     c cl      ai      cl_norm  cl       cd       cdv    cm_c/4    cm_LE  C.P.x/c
    61  -0.0103   4.6946   0.1934   2.9688  -0.1189   0.6318   0.6317  -0.0294   0.0000   0.0099   0.1467    0.234
    62  -0.0924   4.6512   0.5701   2.9558  -0.1215   0.6330   0.6329  -0.0853   0.0000   0.0100   0.1474    0.234
    63  -0.2547   4.5656   0.9173   2.9508  -0.1231   0.6436   0.6435  -0.0923   0.0000   0.0105   0.1495    0.234
    64  -0.4930   4.4399   1.2180   2.9408  -0.1218   0.6594   0.6593  -0.1000   0.0000   0.0111   0.1529    0.233
    65  -0.8160   4.2695   1.5847   2.9222  -0.1171   0.6812   0.6811  -0.1073   0.0000   0.0117   0.1578    0.233
    66  -1.2202   4.0563   1.7628   2.8931  -0.1146   0.7098   0.7096  -0.1154   0.0000   0.0122   0.1644    0.233
    67  -1.6825   3.8123   1.8577   2.8518  -0.1238   0.7442   0.7441  -0.1260   0.0000   0.0127   0.1725    0.233
    68  -2.1917   3.5437   1.8711   2.7995  -0.1383   0.7858   0.7857  -0.1385   0.0000   0.0132   0.1824    0.233
    69  -2.7353   3.2569   1.8099   2.7372  -0.1402   0.8357   0.8356  -0.1524   0.0000   0.0139   0.1942    0.233
    70  -3.2997   2.9591   1.6859   2.6666  -0.1337   0.8958   0.8957  -0.1726   0.0000   0.0152   0.2080    0.233
    71  -3.8713   2.6576   1.5141   2.5833  -0.1285   0.9658   0.9656  -0.2017   0.0000   0.0171   0.2236    0.232
    72  -4.4357   2.3597   1.3114   2.4742  -0.1274   1.0413   1.0412  -0.2282   0.0000   0.0195   0.2402    0.231
    73  -4.9793   2.0730   1.0945   2.3333  -0.1299   1.1170   1.1168  -0.2691   0.0000   0.0217   0.2570    0.231
    74  -5.4885   1.8043   0.8792   2.1409  -0.1344   1.1769   1.1767  -0.3018   0.0000   0.0241   0.2698    0.230
    75  -5.9508   1.5604   0.6781   1.8956  -0.1385   1.2046   1.2044  -0.3203   0.0000   0.0271   0.2738    0.228
    76  -6.3550   1.3472   0.5000   1.5983  -0.1389   1.1762   1.1760  -0.3191   0.0000   0.0315   0.2624    0.223
    77  -6.6617   1.1853   0.2890   1.2727  -0.1337   1.0644   1.0642  -0.2904   0.0000   0.0370   0.2290    0.215
    78  -6.8736   1.0735   0.1917   0.9383  -0.1240   0.8665   0.8664  -0.2343   0.0000   0.0404   0.1763    0.203
    79  -7.0178   0.9975   0.1087   0.5772  -0.1125   0.5740   0.5739  -0.1461   0.0000   0.0355   0.1081    0.188
    80  -7.0908   0.9589   0.0351   0.1953  -0.1027   0.2021   0.2021  -0.0480   0.0000   0.0152   0.0354    0.175

  Surface # 5     vertical_stabilizer                     
     # Chordwise = 10   # Spanwise = 20     First strip = 81
     Surface area =   26.974527       Ave. chord =    3.612513
     CLsurf  =   0.00000     Clsurf  =  -0.00000
     CYsurf  =  -0.00000     Cmsurf  =  -0.00000
     CDsurf  =  -0.00000     Cnsurf  =   0.00000
     CDisurf =  -0.00000     CDvsurf =   0.00000

  Forces referred to Ssurf, Cave about hinge axis thru LE
     CLsurf  =   0.00000     CDsurf  =  -0.00000
     Deflect =

 Strip Forces referred to Strip Area, Chord
    j      Yle    Chord     Area     c cl      ai      cl_norm  cl       cd       cdv    cm_c/4    cm_LE  C.P.x/c
    81   0.0000   8.1033   0.7081   0.0000  -0.0000   0.0000   0.0000   0.0000   0.0000   0.0000  -0.0000    0.048
    82   0.0000   7.7953   1.2357   0.0000   0.0000   0.0000   0.0000   0.0000   0.0000   0.0000   0.0000    0.006
    83   0.0000   7.3128   1.6577   0.0000  -0.0000   0.0000   0.0000  -0.0000   0.0000   0.0000  -0.0000    0.068
    84   0.0000   6.6651   1.9342   0.0000  -0.0000   0.0000   0.0000  -0.0000   0.0000   0.0000  -0.0000    0.095
    85   0.0000   5.8661   2.0384   0.0000  -0.0000   0.0000   0.0000  -0.0000   0.0000   0.0000  -0.0000    0.078
    86   0.0000   4.9330   1.9589   0.0000  -0.0000   0.0000   0.0000  -0.0000   0.0000   0.0000  -0.0000    0.082
    87   0.0000   4.2949   2.2317   0.0000  -0.0000   0.0000   0.0000  -0.0000   0.0000   0.0000  -0.0000    0.173
    88   0.0000   4.0244   2.2380   0.0000  -0.0000   0.0000   0.0000  -0.0000   0.0000   0.0000  -0.0000    0.186
    89   0.0000   3.7387   2.1678   0.0000  -0.0000   0.0000   0.0000  -0.0000   0.0000   0.0000  -0.0000    0.191
    90   0.0000   3.4444   2.0327   0.0000  -0.0000   0.0000   0.0000  -0.0000   0.0000   0.0000  -0.0000    0.205
    91   0.0000   3.1483   1.8474   0.0000  -0.0000   0.0000   0.0000  -0.0000   0.0000   0.0000  -0.0000    0.211
    92   0.0000   2.8574   1.6279   0.0000  -0.0000   0.0000   0.0000  -0.0000   0.0000   0.0000  -0.0000    0.212
    93   0.0000   2.5785   1.3906   0.0000  -0.0000   0.0000   0.0000  -0.0000   0.0000   0.0000  -0.0000    0.235
    94   0.0000   2.3180   1.1503   0.0000  -0.0000   0.0000   0.0000  -0.0000   0.0000   0.0000  -0.0000    0.219
    95   0.0000   2.0821   0.9193   0.0000  -0.0000   0.0000   0.0000  -0.0000   0.0000   0.0000  -0.0000    0.223
    96   0.0000   1.8763   0.7063   0.0000  -0.0000   0.0000   0.0000  -0.0000   0.0000   0.0000  -0.0000    0.215
    97   0.0000   1.7056   0.5158   0.0000  -0.0000   0.0000   0.0000  -0.0000   0.0000   0.0000  -0.0000    0.208
    98   0.0000   1.5739   0.3482   0.0000  -0.0000   0.0000   0.0000  -0.0000   0.0000   0.0000  -0.0000    0.196
    99   0.0000   1.4843   0.2002   0.0000  -0.0000   0.0000   0.0000  -0.0000   0.0000   0.0000  -0.0000    0.189
   100   0.0000   1.4389   0.0652   0.0000  -0.0000   0.0000   0.0000  -0.0000   0.0000   0.0000  -0.0000    0.166

  Surface # 6     fuselage_horizontal                     
     # Chordwise = 10   # Spanwise = 10     First strip =101
     Surface area =  112.392822       Ave. chord =   30.376440
     CLsurf  =  -0.01980     Clsurf  =   0.00000
     CYsurf  =   0.00000     Cmsurf  =  -0.12380
     CDsurf  =  -0.01472     Cnsurf  =  -0.00000
     CDisurf =  -0.01472     CDvsurf =   0.00000

  Forces referred to Ssurf, Cave about hinge axis thru LE
     CLsurf  =  -0.02199     CDsurf  =  -0.01635
     Deflect =

 Strip Forces referred to Strip Area, Chord
    j      Yle    Chord     Area     c cl      ai      cl_norm  cl       cd       cdv    cm_c/4    cm_LE  C.P.x/c
   101  -1.6650  21.5445   7.9715  -0.4980   0.0919  -0.4698  -0.0216   0.0434   0.0000  -0.0164  -0.0011   -0.508
   102  -1.2950  27.3129  10.1058  -1.0598   0.0406  -0.1678  -0.0370   0.0528   0.0000  -0.0122  -0.0005   -0.079
   103  -0.9250  31.3629  11.6043  -0.9286  -0.0298  -0.0648  -0.0288   0.0235   0.0000  -0.0139  -0.0018   -0.233
   104  -0.5550  34.6182  12.8087  -0.6044  -0.2076  -0.0242  -0.0184  -0.0267   0.0000  -0.0149  -0.0039   -0.560
   105  -0.1850  37.0437  13.7062  -0.1608  -0.2751  -0.0087  -0.0087  -0.1261   0.0000  -0.0165  -0.0094
   106   0.1850  37.0437  13.7062  -0.1608  -0.2751  -0.0087  -0.0087  -0.1261   0.0000  -0.0165  -0.0094
   107   0.5550  34.6182  12.8087  -0.6044  -0.2076  -0.0242  -0.0184  -0.0267   0.0000  -0.0149  -0.0039   -0.560
   108   0.9250  31.3629  11.6043  -0.9286  -0.0298  -0.0648  -0.0288   0.0235   0.0000  -0.0139  -0.0018   -0.233
   109   1.2950  27.3129  10.1058  -1.0598   0.0406  -0.1678  -0.0370   0.0528   0.0000  -0.0122  -0.0005   -0.079
   110   1.6650  21.5445   7.9715  -0.4980   0.0919  -0.4698  -0.0216   0.0434   0.0000  -0.0164  -0.0011   -0.508

  Surface # 7     fuselage_vertical                       
     # Chordwise = 10   # Spanwise = 10     First strip =111
     Surface area =  114.215408       Ave. chord =   30.376440
     CLsurf  =   0.00000     Clsurf  =  -0.00000
     CYsurf  =  -0.00000     Cmsurf  =   0.00000
     CDsurf  =   0.00000     Cnsurf  =   0.00000
     CDisurf =   0.00000     CDvsurf =   0.00000

  Forces referred to Ssurf, Cave about hinge axis thru LE
     CLsurf  =   0.00000     CDsurf  =   0.00000
     Deflect =

 Strip Forces referred to Strip Area, Chord
    j      Yle    Chord     Area     c cl      ai      cl_norm  cl       cd       cdv    cm_c/4    cm_LE  C.P.x/c
   111   0.0000  21.5445   8.1007   0.0000   0.0000   0.0000   0.0000   0.0000   0.0000  -0.0000  -0.0000    0.625
   112   0.0000  27.3129  10.2696   0.0000   0.0000   0.0000   0.0000   0.0000   0.0000  -0.0000  -0.0000    0.553
   113   0.0000  31.3629  11.7925   0.0000  -0.0000   0.0000   0.0000   0.0000   0.0000  -0.0000  -0.0000    0.566
   114   0.0000  34.6182  13.0164   0.0000  -0.0000   0.0000   0.0000  -0.0000   0.0000  -0.0000  -0.0000    0.562
   115   0.0000  37.0437  13.9284   0.0000  -0.0000   0.0000   0.0000  -0.0000   0.0000  -0.0000  -0.0000    0.538
   116   0.0000  37.0437  13.9284   0.0000   0.0000   0.0000   0.0000  -0.0000   0.0000  -0.0000  -0.0000    0.471
   117   0.0000  34.6182  13.0164   0.0000  -0.0000   0.0000   0.0000   0.0000   0.0000  -0.0000  -0.0000    0.450
   118   0.0000  31.3629  11.7925   0.0000  -0.0000   0.0000   0.0000   0.0000   0.0000  -0.0000  -0.0000    0.368
   119   0.0000  27.3129  10.2696   0.0000  -0.0000   0.0000   0.0000   0.0000   0.0000   0.0000  -0.0000    0.184
   120   0.0000  21.5445   8.1007   0.0000   0.0000   0.0000   0.0000  -0.0000   0.0000   0.0000  -0.0000    0.229
 ---------------------------------------------------------------
