 ---------------------------------------------------------------
 Surface and Strip Forces by surface

  Forces referred to Sref, Cref, Bref about Xref, Yref, Zref
 Standard axis orientation,  X fwd, Z down         

  Surface # 1     main_wing                               
     # Chordwise = 10   # Spanwise = 30     First strip =  1
     Surface area =   63.968842       Ave. chord =    3.715026
     CLsurf  =   0.37502     Clsurf  =  -0.07267
     CYsurf  =  -0.02034     Cmsurf  =  -0.33331
     CDsurf  =   0.01247     Cnsurf  =  -0.00690
     CDisurf =   0.01247     CDvsurf =   0.00000

  Forces referred to Ssurf, Cave about hinge axis thru LE
     CLsurf  =   0.73301     CDsurf  =   0.02434
     Deflect =

 Strip Forces referred to Strip Area, Chord
    j      Yle    Chord     Area     c cl      ai      cl_norm  cl       cd       cdv    cm_c/4    cm_LE  C.P.x/c
     1   0.0114   7.7520   0.3539   4.8450   0.1650   0.7206   0.5581   0.5817   0.0000  -0.0312  -0.1540    0.306
     2   0.1025   7.6885   1.0492   4.4510   0.1645   0.7345   0.5689   0.1166   0.0000  -0.0315  -0.1448    0.305
     3   0.2837   7.5620   1.7073   4.4163   0.1630   0.7459   0.5777   0.0871   0.0000  -0.0292  -0.1440    0.301
     4   0.5530   7.3741   2.3052   4.3961   0.1599   0.7632   0.5911   0.0775   0.0000  -0.0256  -0.1436    0.293
     5   0.9075   7.1267   2.8223   4.3604   0.1540   0.7850   0.6080   0.0682   0.0000  -0.0218  -0.1438    0.286
     6   1.3432   6.8226   3.2414   4.2985   0.1431   0.8099   0.6273   0.0605   0.0000  -0.0185  -0.1448    0.279
     7   1.8554   6.4651   3.5491   4.2157   0.1252   0.8398   0.6504   0.0530   0.0000  -0.0158  -0.1472    0.274
     8   2.4386   6.0582   3.7368   4.0851   0.1053   0.8695   0.6735   0.0479   0.0000  -0.0145  -0.1507    0.271
     9   3.0862   5.6062   3.8005   3.9309   0.0889   0.9065   0.7021   0.0352   0.0000  -0.0140  -0.1558    0.270
    10   3.7613   5.1351   3.4440   3.7448   0.0747   0.9449   0.7318   0.0240   0.0000  -0.0150  -0.1624    0.270
    11   4.4532   4.6522   3.3149   3.5308   0.0596   0.9853   0.7631   0.0129   0.0000  -0.0172  -0.1704    0.273
    12   5.1831   4.1429   3.0930   3.3095   0.0375   1.0392   0.8048   0.0002   0.0000  -0.0200  -0.1809    0.275
    13   6.0123   3.7903   3.4706   3.0832   0.0228   1.0066   0.8201  -0.0046   0.0000  -0.0181  -0.2000    0.272
    14   6.9353   3.6075   3.3775   2.9043   0.0213   0.9959   0.8114  -0.0020   0.0000  -0.0183  -0.1983    0.273
    15   7.8737   3.4215   3.2389   2.7426   0.0183   0.9915   0.8078  -0.0017   0.0000  -0.0182  -0.1974    0.273
    16   8.8172   3.2345   3.0619   2.5899   0.0165   0.9904   0.8070  -0.0019   0.0000  -0.0180  -0.1971    0.272
    17   9.7556   3.0486   2.8543   2.4426   0.0163   0.9911   0.8075  -0.0023   0.0000  -0.0178  -0.1970    0.272
    18  10.6786   2.8657   2.6239   2.2985   0.0173   0.9923   0.8084  -0.0028   0.0000  -0.0175  -0.1969    0.272
    19  11.5760   2.6879   2.3787   2.1569   0.0190   0.9928   0.8089  -0.0033   0.0000  -0.0172  -0.1967    0.271
    20  12.4328   2.5181   2.1010   2.0177   0.0215   0.9914   0.8078  -0.0038   0.0000  -0.0166  -0.1959    0.271
    21  13.2400   2.3582   1.8520   1.8797   0.0250   0.9863   0.8036  -0.0041   0.0000  -0.0157  -0.1942    0.270
    22  13.9941   2.2087   1.6074   1.7403   0.0300   0.9750   0.7944  -0.0042   0.0000  -0.0143  -0.1909    0.268
    23  14.6868   2.0715   1.3716   1.5960   0.0369   0.9533   0.7767  -0.0041   0.0000  -0.0121  -0.1850    0.266
    24  15.3105   1.9479   1.1479   1.4410   0.0458   0.9153   0.7457  -0.0035   0.0000  -0.0089  -0.1752    0.262
    25  15.8583   1.8393   0.9381   1.2671   0.0559   0.8522   0.6943  -0.0017   0.0000  -0.0055  -0.1607    0.258
    26  16.3244   1.7470   0.7427   1.0677   0.0663   0.7551   0.6152   0.0044   0.0000  -0.0069  -0.1444    0.261
    27  16.6722   1.4928   0.4131   0.8514   0.0772   1.9280   0.5771  -0.0197   0.0000  -0.0090  -0.0753    0.266
    28  16.9098   1.1466   0.2292   0.6311   0.0925   1.8718   0.5603  -0.0456   0.0000   0.0133  -0.0627    0.226
    29  17.0696   0.9138   0.1104   0.3902   0.1051   1.4648   0.4384  -0.0657   0.0000   0.0348  -0.0375    0.171
    30  17.1499   0.7967   0.0322   0.1322   0.1116   0.5790   0.1733  -0.0492   0.0000   0.0229  -0.0103    0.118

  Surface # 2     main_wing (YDUP)                        
     # Chordwise = 10   # Spanwise = 30     First strip = 31
     Surface area =   63.968842       Ave. chord =    3.715026
     CLsurf  =   0.37501     Clsurf  =   0.07267
     CYsurf  =   0.02034     Cmsurf  =  -0.33331
     CDsurf  =   0.01247     Cnsurf  =   0.00691
     CDisurf =   0.01247     CDvsurf =   0.00000

  Forces referred to Ssurf, Cave about hinge axis thru LE
     CLsurf  =   0.73299     CDsurf  =   0.02435
     Deflect =

 Strip Forces referred to Strip Area, Chord
    j      Yle    Chord     Area     c cl      ai      cl_norm  cl       cd       cdv    cm_c/4    cm_LE  C.P.x/c
    31  -0.0114   7.7520   0.3539   4.8450   0.1650   0.7206   0.5581   0.5817   0.0000  -0.0312   0.1540    0.306
    32  -0.1025   7.6885   1.0492   4.4510   0.1645   0.7345   0.5689   0.1166   0.0000  -0.0315   0.1448    0.305
    33  -0.2837   7.5620   1.7073   4.4164   0.1630   0.7459   0.5777   0.0871   0.0000  -0.0292   0.1440    0.301
    34  -0.5530   7.3741   2.3052   4.3961   0.1599   0.7631   0.5911   0.0777   0.0000  -0.0256   0.1436    0.293
    35  -0.9075   7.1267   2.8223   4.3624   0.1540   0.7855   0.6084   0.0678   0.0000  -0.0218   0.1438    0.286
    36  -1.3432   6.8226   3.2414   4.2987   0.1431   0.8099   0.6273   0.0607   0.0000  -0.0185   0.1448    0.279
    37  -1.8554   6.4651   3.5491   4.2108   0.1252   0.8386   0.6495   0.0544   0.0000  -0.0159   0.1471    0.274
    38  -2.4386   6.0582   3.7368   4.0851   0.1053   0.8696   0.6735   0.0476   0.0000  -0.0145   0.1507    0.271
    39  -3.0862   5.6062   3.8005   3.9310   0.0889   0.9065   0.7021   0.0351   0.0000  -0.0140   0.1558    0.270
    40  -3.7613   5.1351   3.4440   3.7447   0.0747   0.9450   0.7319   0.0231   0.0000  -0.0150   0.1624    0.270
    41  -4.4532   4.6522   3.3149   3.5308   0.0596   0.9853   0.7631   0.0129   0.0000  -0.0172   0.1704    0.273
    42  -5.1831   4.1429   3.0930   3.3095   0.0375   1.0392   0.8048   0.0002   0.0000  -0.0200   0.1809    0.275
    43  -6.0123   3.7903   3.4706   3.0832   0.0228   1.0066   0.8201  -0.0046   0.0000  -0.0181   0.2000    0.272
    44  -6.9353   3.6075   3.3775   2.9043   0.0213   0.9959   0.8114  -0.0020   0.0000  -0.0183   0.1983    0.273
    45  -7.8737   3.4215   3.2389   2.7426   0.0183   0.9915   0.8078  -0.0017   0.0000  -0.0182   0.1974    0.273
    46  -8.8172   3.2345   3.0619   2.5900   0.0165   0.9905   0.8070  -0.0019   0.0000  -0.0180   0.1971    0.272
    47  -9.7556   3.0486   2.8543   2.4425   0.0163   0.9911   0.8075  -0.0023   0.0000  -0.0178   0.1970    0.272
    48 -10.6786   2.8657   2.6239   2.2985   0.0173   0.9923   0.8084  -0.0028   0.0000  -0.0175   0.1969    0.272
    49 -11.5760   2.6879   2.3787   2.1569   0.0190   0.9928   0.8089  -0.0033   0.0000  -0.0172   0.1967    0.271
    50 -12.4328   2.5181   2.1010   2.0177   0.0215   0.9914   0.8078  -0.0038   0.0000  -0.0166   0.1959    0.271
    51 -13.2400   2.3582   1.8520   1.8797   0.0250   0.9863   0.8036  -0.0041   0.0000  -0.0157   0.1942    0.270
    52 -13.9941   2.2087   1.6074   1.7403   0.0300   0.9750   0.7944  -0.0042   0.0000  -0.0143   0.1909    0.268
    53 -14.6868   2.0715   1.3716   1.5960   0.0369   0.9534   0.7767  -0.0041   0.0000  -0.0121   0.1850    0.266
    54 -15.3105   1.9479   1.1479   1.4410   0.0458   0.9153   0.7457  -0.0035   0.0000  -0.0089   0.1752    0.262
    55 -15.8583   1.8393   0.9381   1.2671   0.0559   0.8521   0.6943  -0.0017   0.0000  -0.0055   0.1607    0.258
    56 -16.3244   1.7470   0.7427   1.0677   0.0663   0.7551   0.6152   0.0044   0.0000  -0.0069   0.1444    0.261
    57 -16.6722   1.4928   0.4131   0.8514   0.0772   1.9280   0.5771  -0.0197   0.0000  -0.0090   0.0753    0.266
    58 -16.9098   1.1466   0.2292   0.6311   0.0925   1.8718   0.5603  -0.0456   0.0000   0.0133   0.0627    0.226
    59 -17.0696   0.9138   0.1104   0.3902   0.1051   1.4648   0.4384  -0.0657   0.0000   0.0348   0.0375    0.171
    60 -17.1499   0.7967   0.0322   0.1322   0.1116   0.5790   0.1733  -0.0492   0.0000   0.0229   0.0103    0.118

  Surface # 3     horizontal_stabilizer                   
     # Chordwise = 10   # Spanwise = 30     First strip = 61
     Surface area =   20.301462       Ave. chord =    2.826986
     CLsurf  =   0.03826     Clsurf  =  -0.00386
     CYsurf  =  -0.00593     Cmsurf  =  -0.19385
     CDsurf  =   0.00284     Cnsurf  =   0.00332
     CDisurf =   0.00284     CDvsurf =   0.00000

  Forces referred to Ssurf, Cave about hinge axis thru LE
     CLsurf  =   0.23813     CDsurf  =   0.01749
     Deflect =

 Strip Forces referred to Strip Area, Chord
    j      Yle    Chord     Area     c cl      ai      cl_norm  cl       cd       cdv    cm_c/4    cm_LE  C.P.x/c
    61   0.0046   4.6976   0.0871   0.9152   0.1212   0.3059   0.1837   0.1021   0.0000  -0.0144  -0.0477    0.328
    62   0.0412   4.6783   0.2592   0.7995   0.1222   0.2819   0.1692   0.0240   0.0000  -0.0136  -0.0427    0.330
    63   0.1140   4.6399   0.4254   0.7911   0.1229   0.2822   0.1694   0.0189   0.0000  -0.0129  -0.0422    0.326
    64   0.2222   4.5828   0.5818   0.7891   0.1230   0.2853   0.1713   0.0180   0.0000  -0.0117  -0.0417    0.319
    65   0.3647   4.5076   0.7249   0.7891   0.1223   0.2901   0.1742   0.0177   0.0000  -0.0103  -0.0412    0.309
    66   0.5398   4.4152   0.8518   0.7889   0.1206   0.2962   0.1779   0.0174   0.0000  -0.0088  -0.0408    0.299
    67   0.7511   4.3037   1.0088   0.7884   0.1176   0.3039   0.1824   0.0173   0.0000  -0.0073  -0.0406    0.290
    68   0.9975   4.1737   1.0993   0.7870   0.1130   0.3129   0.1878   0.0172   0.0000  -0.0059  -0.0406    0.282
    69   1.2712   4.0294   1.1663   0.7847   0.1068   0.3233   0.1941   0.0171   0.0000  -0.0048  -0.0410    0.275
    70   1.5691   3.8722   1.2096   0.7810   0.0993   0.3349   0.2011   0.0171   0.0000  -0.0038  -0.0416    0.269
    71   1.8880   3.7039   1.2292   0.7762   0.0916   0.3481   0.2090   0.0173   0.0000  -0.0030  -0.0426    0.264
    72   2.2244   3.5264   1.2262   0.7700   0.0850   0.3628   0.2178   0.0174   0.0000  -0.0024  -0.0438    0.261
    73   2.5747   3.3417   1.2022   0.7628   0.0801   0.3794   0.2278   0.0176   0.0000  -0.0018  -0.0453    0.258
    74   2.9349   3.1516   1.1594   0.7537   0.0767   0.3977   0.2388   0.0178   0.0000  -0.0014  -0.0471    0.256
    75   3.3011   2.9584   1.1004   0.7428   0.0742   0.4177   0.2508   0.0179   0.0000  -0.0010  -0.0491    0.254
    76   3.6693   2.7641   1.0281   0.7296   0.0723   0.4392   0.2637   0.0180   0.0000  -0.0005  -0.0513    0.252
    77   4.0356   2.5709   0.9458   0.7137   0.0709   0.4621   0.2775   0.0182   0.0000  -0.0001  -0.0536    0.250
    78   4.3958   2.3809   0.8566   0.6948   0.0698   0.4860   0.2918   0.0181   0.0000   0.0004  -0.0559    0.249
    79   4.7460   2.1961   0.7636   0.6719   0.0692   0.5097   0.3060   0.0179   0.0000   0.0009  -0.0583    0.247
    80   5.0824   2.0186   0.6699   0.6458   0.0690   0.5333   0.3202   0.0176   0.0000   0.0017  -0.0604    0.245
    81   5.4013   1.8503   0.5780   0.6157   0.0695   0.5548   0.3331   0.0171   0.0000   0.0026  -0.0622    0.242
    82   5.6992   1.6932   0.4901   0.5812   0.0709   0.5727   0.3438   0.0163   0.0000   0.0039  -0.0633    0.239
    83   5.9729   1.5488   0.4079   0.5424   0.0732   0.5845   0.3509   0.0154   0.0000   0.0057  -0.0634    0.234
    84   6.2193   1.4188   0.3326   0.4986   0.0766   0.5869   0.3523   0.0139   0.0000   0.0083  -0.0617    0.226
    85   6.4358   1.3046   0.2646   0.4494   0.0809   0.5755   0.3455   0.0122   0.0000   0.0119  -0.0578    0.216
    86   6.6379   1.1979   0.2441   0.3903   0.0858   0.5447   0.3271   0.0099   0.0000   0.0164  -0.0509    0.200
    87   6.8184   1.1027   0.1774   0.3173   0.0908   0.4815   0.2891   0.0065   0.0000   0.0215  -0.0399    0.176
    88   6.9555   1.0303   0.1197   0.2345   0.0947   0.3814   0.2290   0.0026   0.0000   0.0239  -0.0266    0.146
    89   7.0478   0.9816   0.0689   0.1441   0.0973   0.2465   0.1480  -0.0010   0.0000   0.0198  -0.0140    0.116
    90   7.0942   0.9572   0.0225   0.0486   0.0987   0.0858   0.0515  -0.0031   0.0000   0.0079  -0.0041    0.098

  Surface # 4     horizontal_stabilizer (YDUP)            
     # Chordwise = 10   # Spanwise = 30     First strip = 91
     Surface area =   20.301462       Ave. chord =    2.826986
     CLsurf  =   0.03826     Clsurf  =   0.00386
     CYsurf  =   0.00593     Cmsurf  =  -0.19385
     CDsurf  =   0.00284     Cnsurf  =  -0.00332
     CDisurf =   0.00284     CDvsurf =   0.00000

  Forces referred to Ssurf, Cave about hinge axis thru LE
     CLsurf  =   0.23814     CDsurf  =   0.01749
     Deflect =

 Strip Forces referred to Strip Area, Chord
    j      Yle    Chord     Area     c cl      ai      cl_norm  cl       cd       cdv    cm_c/4    cm_LE  C.P.x/c
    91  -0.0046   4.6976   0.0871   0.9152   0.1212   0.3059   0.1837   0.1021   0.0000  -0.0144   0.0477    0.328
    92  -0.0412   4.6783   0.2592   0.7995   0.1222   0.2819   0.1692   0.0240   0.0000  -0.0136   0.0427    0.330
    93  -0.1140   4.6399   0.4254   0.7911   0.1229   0.2822   0.1694   0.0190   0.0000  -0.0129   0.0422    0.326
    94  -0.2222   4.5828   0.5818   0.7891   0.1230   0.2853   0.1713   0.0180   0.0000  -0.0117   0.0417    0.318
    95  -0.3647   4.5076   0.7249   0.7891   0.1223   0.2901   0.1742   0.0177   0.0000  -0.0103   0.0412    0.309
    96  -0.5398   4.4152   0.8518   0.7889   0.1206   0.2962   0.1779   0.0174   0.0000  -0.0088   0.0408    0.299
    97  -0.7511   4.3037   1.0088   0.7884   0.1176   0.3039   0.1824   0.0173   0.0000  -0.0073   0.0406    0.290
    98  -0.9975   4.1737   1.0993   0.7870   0.1130   0.3129   0.1878   0.0172   0.0000  -0.0059   0.0406    0.282
    99  -1.2712   4.0294   1.1663   0.7847   0.1068   0.3233   0.1941   0.0171   0.0000  -0.0048   0.0410    0.275
   100  -1.5691   3.8722   1.2096   0.7809   0.0993   0.3349   0.2011   0.0171   0.0000  -0.0038   0.0416    0.269
   101  -1.8880   3.7039   1.2292   0.7763   0.0916   0.3481   0.2090   0.0172   0.0000  -0.0030   0.0426    0.264
   102  -2.2244   3.5264   1.2262   0.7700   0.0850   0.3628   0.2178   0.0175   0.0000  -0.0024   0.0438    0.261
   103  -2.5747   3.3417   1.2022   0.7629   0.0801   0.3795   0.2278   0.0176   0.0000  -0.0019   0.0453    0.258
   104  -2.9349   3.1516   1.1594   0.7538   0.0767   0.3977   0.2388   0.0178   0.0000  -0.0014   0.0471    0.256
   105  -3.3011   2.9584   1.1004   0.7428   0.0742   0.4176   0.2507   0.0180   0.0000  -0.0010   0.0491    0.254
   106  -3.6693   2.7641   1.0281   0.7297   0.0723   0.4393   0.2638   0.0180   0.0000  -0.0005   0.0513    0.252
   107  -4.0356   2.5709   0.9458   0.7138   0.0709   0.4622   0.2775   0.0182   0.0000  -0.0001   0.0536    0.250
   108  -4.3958   2.3809   0.8566   0.6948   0.0698   0.4860   0.2918   0.0181   0.0000   0.0004   0.0559    0.249
   109  -4.7460   2.1961   0.7636   0.6720   0.0692   0.5098   0.3061   0.0179   0.0000   0.0009   0.0583    0.247
   110  -5.0824   2.0186   0.6699   0.6457   0.0690   0.5331   0.3201   0.0176   0.0000   0.0017   0.0604    0.245
   111  -5.4013   1.8503   0.5780   0.6156   0.0695   0.5548   0.3331   0.0171   0.0000   0.0026   0.0622    0.242
   112  -5.6992   1.6932   0.4901   0.5812   0.0709   0.5727   0.3438   0.0164   0.0000   0.0039   0.0633    0.239
   113  -5.9729   1.5488   0.4079   0.5424   0.0732   0.5845   0.3510   0.0154   0.0000   0.0057   0.0634    0.234
   114  -6.2193   1.4188   0.3326   0.4986   0.0766   0.5869   0.3523   0.0140   0.0000   0.0083   0.0617    0.226
   115  -6.4358   1.3046   0.2646   0.4493   0.0809   0.5755   0.3455   0.0122   0.0000   0.0119   0.0578    0.216
   116  -6.6379   1.1979   0.2441   0.3904   0.0858   0.5447   0.3271   0.0098   0.0000   0.0164   0.0509    0.200
   117  -6.8184   1.1027   0.1774   0.3173   0.0908   0.4815   0.2891   0.0065   0.0000   0.0215   0.0399    0.176
   118  -6.9555   1.0303   0.1197   0.2345   0.0947   0.3814   0.2290   0.0026   0.0000   0.0239   0.0266    0.146
   119  -7.0478   0.9816   0.0689   0.1441   0.0973   0.2465   0.1480  -0.0010   0.0000   0.0198   0.0140    0.116
   120  -7.0942   0.9572   0.0225   0.0486   0.0987   0.0858   0.0515  -0.0031   0.0000   0.0079   0.0041    0.098

  Surface # 5     vertical_stabilizer                     
     # Chordwise = 10   # Spanwise = 30     First strip =121
     Surface area =   27.879848       Ave. chord =    3.584910
     CLsurf  =   0.00000     Clsurf  =   0.00000
     CYsurf  =   0.00000     Cmsurf  =  -0.00000
     CDsurf  =  -0.00000     Cnsurf  =  -0.00000
     CDisurf =  -0.00000     CDvsurf =   0.00000

  Forces referred to Ssurf, Cave about hinge axis thru LE
     CLsurf  =  -0.00000     CDsurf  =  -0.00000
     Deflect =

 Strip Forces referred to Strip Area, Chord
    j      Yle    Chord     Area     c cl      ai      cl_norm  cl       cd       cdv    cm_c/4    cm_LE  C.P.x/c
   121   0.0000   8.1257   0.4979  -0.0000   0.0000  -0.0000  -0.0000   0.0000   0.0000  -0.0000   0.0000   -0.085
   122   0.0000   7.9240   0.7938  -0.0000  -0.0000  -0.0000  -0.0000  -0.0000   0.0000  -0.0000   0.0000   -0.209
   123   0.0000   7.6259   1.0549  -0.0000   0.0000  -0.0000  -0.0000  -0.0000   0.0000  -0.0000   0.0000   -0.086
   124   0.0000   7.2338   1.2682  -0.0000   0.0000  -0.0000  -0.0000  -0.0000   0.0000  -0.0000   0.0000    0.088
   125   0.0000   6.7513   1.4225  -0.0000  -0.0000  -0.0000  -0.0000  -0.0000   0.0000  -0.0000   0.0000    0.129
   126   0.0000   6.1827   1.5094  -0.0000  -0.0000  -0.0000  -0.0000   0.0000   0.0000  -0.0000   0.0000    0.088
   127   0.0000   5.5335   1.5228  -0.0000   0.0000  -0.0000  -0.0000   0.0000   0.0000  -0.0000   0.0000   -0.106
   128   0.0000   4.8100   1.4602  -0.0000  -0.0000  -0.0000  -0.0000  -0.0000   0.0000  -0.0000   0.0000    0.082
   129   0.0000   4.3477   1.3899  -0.0000   0.0000  -0.0000  -0.0000  -0.0000   0.0000  -0.0000  -0.0000   -0.152
   130   0.0000   4.1900   1.4293  -0.0000   0.0000  -0.0000  -0.0000   0.0000   0.0000  -0.0000  -0.0000   -0.122
   131   0.0000   4.0228   1.4447  -0.0000   0.0000  -0.0000  -0.0000  -0.0000   0.0000  -0.0000   0.0000   -0.024
   132   0.0000   3.8479   1.4371  -0.0000   0.0000  -0.0000  -0.0000  -0.0000   0.0000  -0.0000   0.0000   -0.061
   133   0.0000   3.6670   1.4082  -0.0000   0.0000  -0.0000  -0.0000  -0.0000   0.0000  -0.0000  -0.0000   -0.102
   134   0.0000   3.4821   1.3602  -0.0000   0.0000  -0.0000  -0.0000  -0.0000   0.0000   0.0000   0.0000    0.314
   135   0.0000   3.2949   1.2955  -0.0000   0.0000  -0.0000  -0.0000  -0.0000   0.0000  -0.0000   0.0000    0.088
   136   0.0000   3.1075   1.2172  -0.0000   0.0000  -0.0000  -0.0000   0.0000   0.0000  -0.0000   0.0000   -0.031
   137   0.0000   2.9218   1.1282  -0.0000  -0.0000  -0.0000  -0.0000  -0.0000   0.0000  -0.0000   0.0000    0.184
   138   0.0000   2.7397   1.0316  -0.0000  -0.0000  -0.0000  -0.0000  -0.0000   0.0000   0.0000   0.0000    0.308
   139   0.0000   2.5631   0.9305  -0.0000  -0.0000  -0.0000  -0.0000   0.0000   0.0000  -0.0000   0.0000    0.212
   140   0.0000   2.3939   0.8277  -0.0000   0.0000  -0.0000  -0.0000   0.0000   0.0000  -0.0000   0.0000    0.089
   141   0.0000   2.2337   0.7257  -0.0000  -0.0000  -0.0000  -0.0000  -0.0000   0.0000  -0.0000   0.0000    0.147
   142   0.0000   2.0844   0.6265  -0.0000  -0.0000  -0.0000  -0.0000   0.0000   0.0000  -0.0000   0.0000    0.205
   143   0.0000   1.9474   0.5319  -0.0000  -0.0000  -0.0000  -0.0000   0.0000   0.0000   0.0000   0.0000    0.332
   144   0.0000   1.8243   0.4429  -0.0000   0.0000  -0.0000  -0.0000  -0.0000   0.0000   0.0000   0.0000    0.424
   145   0.0000   1.7162   0.3603  -0.0000  -0.0000  -0.0000  -0.0000  -0.0000   0.0000   0.0000   0.0000    0.445
   146   0.0000   1.6243   0.2840  -0.0000   0.0000  -0.0000  -0.0000   0.0000   0.0000   0.0000   0.0000    0.336
   147   0.0000   1.5496   0.2138  -0.0000  -0.0000  -0.0000  -0.0000  -0.0000   0.0000   0.0000   0.0000    0.404
   148   0.0000   1.4929   0.1487  -0.0000  -0.0000  -0.0000  -0.0000   0.0000   0.0000  -0.0000   0.0000    0.225
   149   0.0000   1.4548   0.0875  -0.0000  -0.0000  -0.0000  -0.0000   0.0000   0.0000  -0.0000   0.0000    0.198
   150   0.0000   1.4356   0.0289  -0.0000  -0.0000  -0.0000  -0.0000  -0.0000   0.0000   0.0000   0.0000    0.256

  Surface # 6     fuselage_horizontal                     
     # Chordwise = 10   # Spanwise = 10     First strip =151
     Surface area =  123.841194       Ave. chord =   33.112621
     CLsurf  =   0.01004     Clsurf  =   0.00000
     CYsurf  =   0.00000     Cmsurf  =   0.06757
     CDsurf  =  -0.00037     Cnsurf  =   0.00000
     CDisurf =  -0.00037     CDvsurf =   0.00000

  Forces referred to Ssurf, Cave about hinge axis thru LE
     CLsurf  =   0.01013     CDsurf  =  -0.00037
     Deflect =

 Strip Forces referred to Strip Area, Chord
    j      Yle    Chord     Area     c cl      ai      cl_norm  cl       cd       cdv    cm_c/4    cm_LE  C.P.x/c
   151  -1.6830  26.5957   9.9468   0.2289   0.1710   0.0972   0.0090  -0.0030   0.0000   0.0050   0.0004   -0.305
   152  -1.3090  31.2096  11.6724   0.3275   0.1853   0.0400   0.0107  -0.0011   0.0000   0.0061   0.0009   -0.322
   153  -0.9350  34.0626  12.7394   0.3557   0.1693   0.0253   0.0106  -0.0003   0.0000   0.0073   0.0016   -0.440
   154  -0.5610  36.1619  13.5246   0.3686   0.1619   0.0170   0.0102   0.0003   0.0000   0.0079   0.0024   -0.519
   155  -0.1870  37.5332  14.0374   0.3759   0.1606   0.0115   0.0099   0.0014   0.0000   0.0080   0.0038   -0.558
   156   0.1870  37.5332  14.0374   0.3759   0.1606   0.0115   0.0099   0.0014   0.0000   0.0080   0.0038   -0.558
   157   0.5610  36.1619  13.5246   0.3686   0.1619   0.0170   0.0102   0.0003   0.0000   0.0079   0.0024   -0.519
   158   0.9350  34.0626  12.7394   0.3557   0.1693   0.0253   0.0106  -0.0003   0.0000   0.0073   0.0016   -0.440
   159   1.3090  31.2096  11.6724   0.3275   0.1853   0.0400   0.0107  -0.0011   0.0000   0.0061   0.0009   -0.322
   160   1.6830  26.5957   9.9468   0.2289   0.1710   0.0972   0.0090  -0.0030   0.0000   0.0050   0.0004   -0.305

  Surface # 7     fuselage_vertical                       
     # Chordwise = 10   # Spanwise = 10     First strip =161
     Surface area =  123.841194       Ave. chord =   33.112621
     CLsurf  =  -0.00000     Clsurf  =  -0.00000
     CYsurf  =   0.00000     Cmsurf  =  -0.00000
     CDsurf  =   0.00000     Cnsurf  =   0.00000
     CDisurf =   0.00000     CDvsurf =   0.00000

  Forces referred to Ssurf, Cave about hinge axis thru LE
     CLsurf  =  -0.00000     CDsurf  =   0.00000
     Deflect =

 Strip Forces referred to Strip Area, Chord
    j      Yle    Chord     Area     c cl      ai      cl_norm  cl       cd       cdv    cm_c/4    cm_LE  C.P.x/c
   161   0.0000  26.5957   9.9468  -0.0000   0.0000  -0.0000  -0.0000  -0.0000   0.0000  -0.0000  -0.0000   -0.219
   162   0.0000  31.2096  11.6724  -0.0000  -0.0000  -0.0000  -0.0000   0.0000   0.0000  -0.0000  -0.0000   -0.642
   163   0.0000  34.0626  12.7394  -0.0000   0.0000  -0.0000  -0.0000  -0.0000   0.0000   0.0000   0.0000    0.665
   164   0.0000  36.1619  13.5246  -0.0000   0.0000  -0.0000  -0.0000   0.0000   0.0000   0.0000   0.0000    0.309
   165   0.0000  37.5332  14.0374  -0.0000  -0.0000  -0.0000  -0.0000   0.0000   0.0000  -0.0000   0.0000    0.220
   166   0.0000  37.5332  14.0374  -0.0000   0.0000  -0.0000  -0.0000  -0.0000   0.0000   0.0000   0.0000    0.286
   167   0.0000  36.1619  13.5246  -0.0000   0.0000  -0.0000  -0.0000   0.0000   0.0000  -0.0000   0.0000    0.211
   168   0.0000  34.0626  12.7394  -0.0000   0.0000  -0.0000  -0.0000  -0.0000   0.0000   0.0000   0.0000    0.442
   169   0.0000  31.2096  11.6724  -0.0000   0.0000  -0.0000  -0.0000   0.0000   0.0000   0.0000   0.0000    0.310
   170   0.0000  26.5957   9.9468  -0.0000   0.0000  -0.0000  -0.0000   0.0000   0.0000   0.0000   0.0000    0.332
 ---------------------------------------------------------------
