 ---------------------------------------------------------------
 Surface and Strip Forces by surface

  Forces referred to Sref, Cref, Bref about Xref, Yref, Zref
 Standard axis orientation,  X fwd, Z down         

  Surface # 1     main_wing                               
     # Chordwise = 10   # Spanwise = 30     First strip =  1
     Surface area =   63.793327       Ave. chord =    3.717556
     CLsurf  =  -2.57139     Clsurf  =   0.56309
     CYsurf  =   0.08689     Cmsurf  =   0.33470
     CDsurf  =   0.29251     Cnsurf  =   0.12547
     CDisurf =   0.29251     CDvsurf =   0.00000

  Forces referred to Ssurf, Cave about hinge axis thru LE
     CLsurf  =  -5.03315     CDsurf  =   0.57252
     Deflect =

 Strip Forces referred to Strip Area, Chord
    j      Yle    Chord     Area     c cl      ai      cl_norm  cl       cd       cdv    cm_c/4    cm_LE  C.P.x/c
     1   0.0123   7.7514   0.3815 -21.2698  -0.8023  -2.7442  -2.7440 -65.5982   0.0000   1.0157   1.6738    0.620
     2   0.1106   7.6828   1.1303 -23.7217  -0.7294  -3.0879  -3.0876  -6.0813   0.0000   1.0941   1.8355    0.604
     3   0.3062   7.5463   1.8369 -23.7069  -0.6104  -3.1418  -3.1415  -1.2296   0.0000   1.0868   1.8416    0.596
     4   0.5968   7.3435   2.4751 -23.5539  -0.4499  -3.2077  -3.2074  -0.2119   0.0000   1.0401   1.8119    0.574
     5   0.9793   7.0766   3.0215 -22.0311  -0.2477  -3.1135  -3.1132   1.1631   0.0000   0.8867   1.6378    0.535
     6   1.4496   6.7484   3.4567 -22.2542  -0.0112  -3.2980  -3.2977   0.5321   0.0000   0.7225   1.5216    0.469
     7   1.9610   6.3915   3.2367 -21.3512   0.1010  -3.3409  -3.3406   0.8986   0.0000   0.5010   1.3143    0.400
     8   2.4995   6.0157   3.4229 -21.3494   0.0485  -3.5493  -3.5489   0.7372   0.0000   0.3717   1.2383    0.355
     9   3.0975   5.5984   3.5010 -20.9590  -0.0217  -3.7441  -3.7437   1.0938   0.0000   0.2576   1.1741    0.319
    10   3.7485   5.1441   3.4716 -21.6059  -0.1079  -4.2005  -4.2001   0.8943   0.0000   0.1950   1.2246    0.296
    11   4.4453   4.6578   3.3395 -21.3836  -0.2064  -4.5914  -4.5909   1.2257   0.0000   0.0994   1.2268    0.272
    12   5.1804   4.1448   3.1137 -22.2161  -0.3103  -5.3605  -5.3600   1.5637   0.0000   0.0235   1.3412    0.254
    13   6.0123   3.7903   3.4546 -22.2817  -0.4099  -5.8789  -5.8786   1.7426   0.0000  -0.0188   1.4485    0.247
    14   6.9353   3.6074   3.3620 -22.1636  -0.4493  -6.1442  -6.1438   1.6250   0.0000  -0.0259   1.5076    0.246
    15   7.8737   3.4215   3.2240 -21.7397  -0.4592  -6.3542  -6.3538   1.5233   0.0000  -0.0247   1.5612    0.246
    16   8.8173   3.2345   3.0478 -21.0936  -0.4481  -6.5218  -6.5214   1.4363   0.0000  -0.0216   1.6062    0.247
    17   9.7557   3.0486   2.8411 -20.2725  -0.4279  -6.6502  -6.6498   1.3627   0.0000  -0.0188   1.6409    0.247
    18  10.6786   2.8657   2.6118 -19.3193  -0.4075  -6.7420  -6.7415   1.3026   0.0000  -0.0172   1.6654    0.247
    19  11.5760   2.6879   2.3677 -18.2654  -0.3926  -6.7959  -6.7955   1.2594   0.0000  -0.0171   1.6791    0.247
    20  12.4467   2.5153   2.1582 -17.1271  -0.3846  -6.8095  -6.8091   1.2340   0.0000  -0.0187   1.6809    0.247
    21  13.2645   2.3533   1.8259 -15.9310  -0.3869  -6.7701  -6.7697   1.2315   0.0000  -0.0226   1.6671    0.247
    22  14.0130   2.2050   1.5853 -14.6876  -0.4012  -6.6615  -6.6611   1.2573   0.0000  -0.0293   1.6333    0.246
    23  14.7005   2.0687   1.3533 -13.3819  -0.4300  -6.4690  -6.4686   1.3066   0.0000  -0.0406   1.5740    0.244
    24  15.3195   1.9461   1.1330 -11.9796  -0.4759  -6.1561  -6.1557   1.3795   0.0000  -0.0576   1.4790    0.241
    25  15.8633   1.8383   0.9263 -10.4330  -0.5402  -5.6756  -5.6752   1.4703   0.0000  -0.0802   1.3364    0.236
    26  16.3259   1.7467   0.7336  -8.6960  -0.6225  -4.9789  -4.9786   1.5884   0.0000  -0.1068   1.1360    0.229
    27  16.6722   1.4928   0.4112  -6.7385  -0.5861  -4.5157  -4.5140   1.2793   0.0000  -0.1413   0.9223    0.219
    28  16.9098   1.1466   0.2281  -4.7991  -0.5061  -4.1869  -4.1854   0.7385   0.0000  -0.1794   0.8099    0.207
    29  17.0696   0.9137   0.1099  -2.8772  -0.4795  -3.1500  -3.1488   0.3584   0.0000  -0.1828   0.5647    0.192
    30  17.1499   0.7966   0.0321  -0.9606  -0.4892  -1.2063  -1.2059   0.0535   0.0000  -0.0884   0.1991    0.177

  Surface # 2     main_wing (YDUP)                        
     # Chordwise = 10   # Spanwise = 30     First strip = 31
     Surface area =   63.793327       Ave. chord =    3.717556
     CLsurf  =  -2.57137     Clsurf  =  -0.56309
     CYsurf  =  -0.08689     Cmsurf  =   0.33470
     CDsurf  =   0.29249     Cnsurf  =  -0.12547
     CDisurf =   0.29249     CDvsurf =   0.00000

  Forces referred to Ssurf, Cave about hinge axis thru LE
     CLsurf  =  -5.03311     CDsurf  =   0.57249
     Deflect =

 Strip Forces referred to Strip Area, Chord
    j      Yle    Chord     Area     c cl      ai      cl_norm  cl       cd       cdv    cm_c/4    cm_LE  C.P.x/c
    31  -0.0123   7.7514   0.3815 -21.2698  -0.8020  -2.7442  -2.7440 -65.5983   0.0000   1.0157  -1.6738    0.620
    32  -0.1106   7.6828   1.1303 -23.7217  -0.7294  -3.0879  -3.0876  -6.0814   0.0000   1.0941  -1.8355    0.604
    33  -0.3062   7.5463   1.8369 -23.7068  -0.6105  -3.1418  -3.1415  -1.2294   0.0000   1.0868  -1.8416    0.596
    34  -0.5968   7.3435   2.4751 -23.5537  -0.4499  -3.2077  -3.2074  -0.2122   0.0000   1.0401  -1.8118    0.574
    35  -0.9793   7.0766   3.0215 -22.0310  -0.2477  -3.1135  -3.1132   1.1631   0.0000   0.8867  -1.6377    0.535
    36  -1.4496   6.7484   3.4567 -22.2541  -0.0111  -3.2980  -3.2977   0.5321   0.0000   0.7225  -1.5216    0.469
    37  -1.9610   6.3915   3.2367 -21.3510   0.1010  -3.3409  -3.3405   0.8986   0.0000   0.5010  -1.3143    0.400
    38  -2.4995   6.0157   3.4229 -21.3492   0.0485  -3.5492  -3.5489   0.7371   0.0000   0.3717  -1.2383    0.355
    39  -3.0975   5.5984   3.5010 -20.9588  -0.0217  -3.7441  -3.7437   1.0938   0.0000   0.2576  -1.1741    0.319
    40  -3.7485   5.1441   3.4716 -21.6057  -0.1079  -4.2005  -4.2001   0.8942   0.0000   0.1950  -1.2246    0.296
    41  -4.4453   4.6578   3.3395 -21.3834  -0.2064  -4.5913  -4.5909   1.2257   0.0000   0.0994  -1.2268    0.272
    42  -5.1804   4.1448   3.1137 -22.2159  -0.3103  -5.3605  -5.3600   1.5637   0.0000   0.0235  -1.3412    0.254
    43  -6.0123   3.7903   3.4546 -22.2815  -0.4099  -5.8789  -5.8785   1.7425   0.0000  -0.0188  -1.4485    0.247
    44  -6.9353   3.6074   3.3620 -22.1634  -0.4493  -6.1442  -6.1438   1.6250   0.0000  -0.0259  -1.5076    0.246
    45  -7.8737   3.4215   3.2240 -21.7395  -0.4592  -6.3542  -6.3538   1.5232   0.0000  -0.0247  -1.5612    0.246
    46  -8.8173   3.2345   3.0478 -21.0934  -0.4481  -6.5217  -6.5213   1.4363   0.0000  -0.0216  -1.6062    0.247
    47  -9.7557   3.0486   2.8411 -20.2723  -0.4279  -6.6502  -6.6497   1.3627   0.0000  -0.0188  -1.6409    0.247
    48 -10.6786   2.8657   2.6118 -19.3191  -0.4075  -6.7419  -6.7415   1.3025   0.0000  -0.0172  -1.6654    0.247
    49 -11.5760   2.6879   2.3677 -18.2653  -0.3926  -6.7958  -6.7954   1.2594   0.0000  -0.0171  -1.6790    0.247
    50 -12.4467   2.5153   2.1582 -17.1269  -0.3846  -6.8094  -6.8090   1.2339   0.0000  -0.0187  -1.6808    0.247
    51 -13.2645   2.3533   1.8259 -15.9309  -0.3869  -6.7700  -6.7696   1.2315   0.0000  -0.0226  -1.6671    0.247
    52 -14.0130   2.2050   1.5853 -14.6875  -0.4012  -6.6615  -6.6610   1.2573   0.0000  -0.0293  -1.6333    0.246
    53 -14.7005   2.0687   1.3533 -13.3818  -0.4300  -6.4689  -6.4685   1.3065   0.0000  -0.0406  -1.5740    0.244
    54 -15.3195   1.9461   1.1330 -11.9794  -0.4758  -6.1560  -6.1557   1.3795   0.0000  -0.0576  -1.4789    0.241
    55 -15.8633   1.8383   0.9263 -10.4329  -0.5402  -5.6755  -5.6752   1.4703   0.0000  -0.0802  -1.3364    0.236
    56 -16.3259   1.7467   0.7336  -8.6959  -0.6225  -4.9789  -4.9786   1.5883   0.0000  -0.1068  -1.1360    0.229
    57 -16.6722   1.4928   0.4112  -6.7384  -0.5861  -4.5157  -4.5140   1.2793   0.0000  -0.1413  -0.9223    0.219
    58 -16.9098   1.1466   0.2281  -4.7990  -0.5061  -4.1869  -4.1853   0.7385   0.0000  -0.1794  -0.8099    0.207
    59 -17.0696   0.9137   0.1099  -2.8771  -0.4795  -3.1499  -3.1488   0.3584   0.0000  -0.1828  -0.5647    0.192
    60 -17.1499   0.7966   0.0321  -0.9606  -0.4892  -1.2063  -1.2059   0.0535   0.0000  -0.0884  -0.1991    0.177

  Surface # 3     horizontal_stabilizer                   
     # Chordwise = 10   # Spanwise = 30     First strip = 61
     Surface area =   20.071465       Ave. chord =    2.826957
     CLsurf  =   0.16664     Clsurf  =  -0.01484
     CYsurf  =   0.00364     Cmsurf  =  -0.74744
     CDsurf  =  -0.03238     Cnsurf  =  -0.00525
     CDisurf =  -0.03238     CDvsurf =   0.00000

  Forces referred to Ssurf, Cave about hinge axis thru LE
     CLsurf  =   1.03659     CDsurf  =  -0.20145
     Deflect =

 Strip Forces referred to Strip Area, Chord
    j      Yle    Chord     Area     c cl      ai      cl_norm  cl       cd       cdv    cm_c/4    cm_LE  C.P.x/c
    61   0.0046   4.6976   0.0861   3.6444  -0.1057   0.7759   0.7758   0.1096   0.0000   0.0113  -0.1808    0.235
    62   0.0412   4.6783   0.2563   3.6046  -0.1075   0.7706   0.7705  -0.0813   0.0000   0.0107  -0.1801    0.236
    63   0.1140   4.6399   0.4206   3.5988  -0.1098   0.7758   0.7756  -0.0934   0.0000   0.0109  -0.1811    0.236
    64   0.2222   4.5828   0.5752   3.5964  -0.1115   0.7849   0.7848  -0.1023   0.0000   0.0114  -0.1829    0.235
    65   0.3647   4.5076   0.7167   3.5893  -0.1121   0.7964   0.7963  -0.1080   0.0000   0.0118  -0.1853    0.235
    66   0.5398   4.4152   0.8422   3.5809  -0.1109   0.8112   0.8110  -0.1131   0.0000   0.0124  -0.1884    0.235
    67   0.7511   4.3037   0.9974   3.5689  -0.1077   0.8294   0.8293  -0.1202   0.0000   0.0130  -0.1924    0.234
    68   0.9975   4.1737   1.0868   3.5500  -0.1033   0.8507   0.8506  -0.1267   0.0000   0.0135  -0.1971    0.234
    69   1.2712   4.0293   1.1531   3.5278  -0.1003   0.8757   0.8755  -0.1364   0.0000   0.0141  -0.2027    0.234
    70   1.5691   3.8721   1.1959   3.4998  -0.1023   0.9040   0.9038  -0.1415   0.0000   0.0148  -0.2091    0.234
    71   1.8880   3.7039   1.2153   3.4684  -0.1105   0.9366   0.9364  -0.1552   0.0000   0.0155  -0.2164    0.233
    72   2.2244   3.5264   1.2123   3.4274  -0.1197   0.9721   0.9719  -0.1703   0.0000   0.0161  -0.2245    0.233
    73   2.5747   3.3416   1.1886   3.3854  -0.1242   1.0133   1.0131  -0.1720   0.0000   0.0171  -0.2338    0.233
    74   2.9349   3.1516   1.1463   3.3330  -0.1239   1.0577   1.0576  -0.1954   0.0000   0.0181  -0.2438    0.233
    75   3.3011   2.9584   1.0879   3.2685  -0.1216   1.1050   1.1048  -0.2147   0.0000   0.0191  -0.2545    0.233
    76   3.6693   2.7641   1.0165   3.1994  -0.1195   1.1577   1.1575  -0.2305   0.0000   0.0205  -0.2661    0.232
    77   4.0356   2.5709   0.9351   3.1066  -0.1185   1.2086   1.2084  -0.2643   0.0000   0.0215  -0.2778    0.232
    78   4.3958   2.3808   0.8469   2.9983  -0.1187   1.2595   1.2594  -0.3092   0.0000   0.0225  -0.2893    0.232
    79   4.7460   2.1961   0.7550   2.8828  -0.1201   1.3129   1.3127  -0.3133   0.0000   0.0242  -0.3009    0.232
    80   5.0824   2.0186   0.6623   2.7380  -0.1224   1.3566   1.3564  -0.3363   0.0000   0.0254  -0.3105    0.231
    81   5.4013   1.8503   0.5714   2.5736  -0.1252   1.3911   1.3909  -0.3479   0.0000   0.0268  -0.3176    0.231
    82   5.6992   1.6931   0.4845   2.3884  -0.1278   1.4109   1.4107  -0.3725   0.0000   0.0284  -0.3210    0.230
    83   5.9729   1.5487   0.4033   2.1828  -0.1296   1.4096   1.4094  -0.3895   0.0000   0.0302  -0.3189    0.229
    84   6.2193   1.4187   0.3288   1.9646  -0.1296   1.3850   1.3848  -0.3699   0.0000   0.0329  -0.3101    0.226
    85   6.4358   1.3045   0.2616   1.7292  -0.1273   1.3258   1.3256  -0.3710   0.0000   0.0363  -0.2921    0.223
    86   6.6379   1.1979   0.2413   1.4724  -0.1218   1.2293   1.2291  -0.3254   0.0000   0.0408  -0.2637    0.217
    87   6.8184   1.1027   0.1754   1.1739  -0.1132   1.0648   1.0646  -0.2845   0.0000   0.0443  -0.2196    0.208
    88   6.9555   1.0303   0.1183   0.8585  -0.1028   0.8334   0.8333  -0.2032   0.0000   0.0440  -0.1626    0.197
    89   7.0478   0.9816   0.0681   0.5224  -0.0922   0.5323   0.5322  -0.1311   0.0000   0.0343  -0.0977    0.186
    90   7.0942   0.9572   0.0222   0.1757  -0.0841   0.1836   0.1836  -0.0415   0.0000   0.0134  -0.0321    0.177

  Surface # 4     horizontal_stabilizer (YDUP)            
     # Chordwise = 10   # Spanwise = 30     First strip = 91
     Surface area =   20.071465       Ave. chord =    2.826957
     CLsurf  =   0.16664     Clsurf  =   0.01484
     CYsurf  =  -0.00364     Cmsurf  =  -0.74743
     CDsurf  =  -0.03238     Cnsurf  =   0.00525
     CDisurf =  -0.03238     CDvsurf =   0.00000

  Forces referred to Ssurf, Cave about hinge axis thru LE
     CLsurf  =   1.03657     CDsurf  =  -0.20144
     Deflect =

 Strip Forces referred to Strip Area, Chord
    j      Yle    Chord     Area     c cl      ai      cl_norm  cl       cd       cdv    cm_c/4    cm_LE  C.P.x/c
    91  -0.0046   4.6976   0.0861   3.6444  -0.1057   0.7759   0.7758   0.1096   0.0000   0.0113   0.1808    0.235
    92  -0.0412   4.6783   0.2563   3.6046  -0.1075   0.7706   0.7705  -0.0813   0.0000   0.0107   0.1801    0.236
    93  -0.1140   4.6399   0.4206   3.5988  -0.1098   0.7758   0.7756  -0.0934   0.0000   0.0109   0.1811    0.236
    94  -0.2222   4.5828   0.5752   3.5964  -0.1115   0.7849   0.7848  -0.1023   0.0000   0.0114   0.1829    0.235
    95  -0.3647   4.5076   0.7167   3.5893  -0.1121   0.7964   0.7963  -0.1080   0.0000   0.0118   0.1853    0.235
    96  -0.5398   4.4152   0.8422   3.5809  -0.1109   0.8112   0.8110  -0.1131   0.0000   0.0124   0.1884    0.235
    97  -0.7511   4.3037   0.9974   3.5688  -0.1077   0.8294   0.8292  -0.1202   0.0000   0.0130   0.1924    0.234
    98  -0.9975   4.1737   1.0868   3.5499  -0.1033   0.8507   0.8505  -0.1267   0.0000   0.0135   0.1971    0.234
    99  -1.2712   4.0293   1.1531   3.5278  -0.1003   0.8757   0.8755  -0.1364   0.0000   0.0141   0.2027    0.234
   100  -1.5691   3.8721   1.1959   3.4998  -0.1023   0.9040   0.9038  -0.1415   0.0000   0.0148   0.2091    0.234
   101  -1.8880   3.7039   1.2153   3.4684  -0.1105   0.9366   0.9364  -0.1552   0.0000   0.0155   0.2164    0.233
   102  -2.2244   3.5264   1.2123   3.4274  -0.1197   0.9721   0.9719  -0.1703   0.0000   0.0161   0.2245    0.233
   103  -2.5747   3.3416   1.1886   3.3853  -0.1242   1.0132   1.0131  -0.1720   0.0000   0.0171   0.2338    0.233
   104  -2.9349   3.1516   1.1463   3.3329  -0.1239   1.0577   1.0575  -0.1954   0.0000   0.0181   0.2438    0.233
   105  -3.3011   2.9584   1.0879   3.2684  -0.1216   1.1050   1.1048  -0.2147   0.0000   0.0191   0.2545    0.233
   106  -3.6693   2.7641   1.0165   3.1994  -0.1195   1.1577   1.1575  -0.2305   0.0000   0.0205   0.2661    0.232
   107  -4.0356   2.5709   0.9351   3.1065  -0.1185   1.2085   1.2084  -0.2643   0.0000   0.0215   0.2777    0.232
   108  -4.3958   2.3808   0.8469   2.9982  -0.1187   1.2595   1.2593  -0.3092   0.0000   0.0225   0.2893    0.232
   109  -4.7460   2.1961   0.7550   2.8827  -0.1201   1.3129   1.3127  -0.3132   0.0000   0.0242   0.3009    0.232
   110  -5.0824   2.0186   0.6623   2.7380  -0.1224   1.3566   1.3564  -0.3363   0.0000   0.0254   0.3105    0.231
   111  -5.4013   1.8503   0.5714   2.5735  -0.1252   1.3911   1.3909  -0.3479   0.0000   0.0268   0.3176    0.231
   112  -5.6992   1.6931   0.4845   2.3884  -0.1278   1.4108   1.4106  -0.3725   0.0000   0.0284   0.3210    0.230
   113  -5.9729   1.5487   0.4033   2.1828  -0.1296   1.4096   1.4094  -0.3895   0.0000   0.0302   0.3188    0.229
   114  -6.2193   1.4187   0.3288   1.9646  -0.1296   1.3849   1.3847  -0.3699   0.0000   0.0329   0.3101    0.226
   115  -6.4358   1.3045   0.2616   1.7292  -0.1273   1.3257   1.3255  -0.3710   0.0000   0.0363   0.2921    0.223
   116  -6.6379   1.1979   0.2413   1.4723  -0.1218   1.2293   1.2291  -0.3254   0.0000   0.0408   0.2637    0.217
   117  -6.8184   1.1027   0.1754   1.1739  -0.1132   1.0648   1.0646  -0.2845   0.0000   0.0443   0.2196    0.208
   118  -6.9555   1.0303   0.1183   0.8585  -0.1028   0.8334   0.8333  -0.2032   0.0000   0.0440   0.1626    0.197
   119  -7.0478   0.9816   0.0681   0.5224  -0.0922   0.5323   0.5322  -0.1311   0.0000   0.0343   0.0977    0.186
   120  -7.0942   0.9572   0.0222   0.1757  -0.0841   0.1836   0.1836  -0.0415   0.0000   0.0134   0.0321    0.177

  Surface # 5     vertical_stabilizer                     
     # Chordwise = 10   # Spanwise = 30     First strip =121
     Surface area =   27.880133       Ave. chord =    3.584947
     CLsurf  =   0.00000     Clsurf  =  -0.00000
     CYsurf  =  -0.00000     Cmsurf  =  -0.00000
     CDsurf  =  -0.00000     Cnsurf  =   0.00000
     CDisurf =  -0.00000     CDvsurf =   0.00000

  Forces referred to Ssurf, Cave about hinge axis thru LE
     CLsurf  =   0.00000     CDsurf  =  -0.00000
     Deflect =

 Strip Forces referred to Strip Area, Chord
    j      Yle    Chord     Area     c cl      ai      cl_norm  cl       cd       cdv    cm_c/4    cm_LE  C.P.x/c
   121   0.0000   8.1257   0.4979   0.0000  -0.0000   0.0000   0.0000  -0.0000   0.0000   0.0000   0.0000   -0.311
   122   0.0000   7.9240   0.7939   0.0000   0.0000   0.0000   0.0000  -0.0000   0.0000   0.0000   0.0000   -0.312
   123   0.0000   7.6259   1.0550   0.0000   0.0000   0.0000   0.0000  -0.0000   0.0000   0.0000   0.0000   -0.353
   124   0.0000   7.2338   1.2682   0.0000  -0.0000   0.0000   0.0000  -0.0000   0.0000   0.0000   0.0000   -0.382
   125   0.0000   6.7513   1.4226   0.0000  -0.0000   0.0000   0.0000  -0.0000   0.0000   0.0000   0.0000   -0.335
   126   0.0000   6.1827   1.5094   0.0000  -0.0000   0.0000   0.0000  -0.0000   0.0000   0.0000   0.0000   -0.307
   127   0.0000   5.5336   1.5228   0.0000  -0.0000   0.0000   0.0000  -0.0000   0.0000   0.0000   0.0000   -0.162
   128   0.0000   4.8100   1.4602   0.0000  -0.0000   0.0000   0.0000  -0.0000   0.0000   0.0000   0.0000   -0.050
   129   0.0000   4.3478   1.3898   0.0000  -0.0000   0.0000   0.0000  -0.0000   0.0000   0.0000  -0.0000    0.030
   130   0.0000   4.1900   1.4293   0.0000  -0.0000   0.0000   0.0000  -0.0000   0.0000   0.0000  -0.0000    0.062
   131   0.0000   4.0228   1.4447   0.0000  -0.0000   0.0000   0.0000  -0.0000   0.0000   0.0000  -0.0000    0.108
   132   0.0000   3.8479   1.4371   0.0000  -0.0000   0.0000   0.0000  -0.0000   0.0000   0.0000  -0.0000    0.129
   133   0.0000   3.6670   1.4082   0.0000  -0.0000   0.0000   0.0000  -0.0000   0.0000   0.0000  -0.0000    0.157
   134   0.0000   3.4821   1.3602   0.0000  -0.0000   0.0000   0.0000  -0.0000   0.0000   0.0000  -0.0000    0.173
   135   0.0000   3.2949   1.2955   0.0000  -0.0000   0.0000   0.0000  -0.0000   0.0000   0.0000  -0.0000    0.191
   136   0.0000   3.1075   1.2172   0.0000  -0.0000   0.0000   0.0000  -0.0000   0.0000   0.0000  -0.0000    0.199
   137   0.0000   2.9218   1.1282   0.0000  -0.0000   0.0000   0.0000  -0.0000   0.0000   0.0000  -0.0000    0.206
   138   0.0000   2.7397   1.0316   0.0000  -0.0000   0.0000   0.0000  -0.0000   0.0000   0.0000  -0.0000    0.220
   139   0.0000   2.5631   0.9305   0.0000  -0.0000   0.0000   0.0000  -0.0000   0.0000   0.0000  -0.0000    0.221
   140   0.0000   2.3939   0.8277   0.0000  -0.0000   0.0000   0.0000  -0.0000   0.0000   0.0000  -0.0000    0.228
   141   0.0000   2.2338   0.7257   0.0000  -0.0000   0.0000   0.0000  -0.0000   0.0000   0.0000  -0.0000    0.227
   142   0.0000   2.0845   0.6265   0.0000  -0.0000   0.0000   0.0000  -0.0000   0.0000   0.0000  -0.0000    0.228
   143   0.0000   1.9475   0.5319   0.0000  -0.0000   0.0000   0.0000  -0.0000   0.0000   0.0000  -0.0000    0.224
   144   0.0000   1.8243   0.4429   0.0000  -0.0000   0.0000   0.0000  -0.0000   0.0000   0.0000  -0.0000    0.223
   145   0.0000   1.7162   0.3603   0.0000  -0.0000   0.0000   0.0000  -0.0000   0.0000   0.0000  -0.0000    0.216
   146   0.0000   1.6244   0.2840   0.0000  -0.0000   0.0000   0.0000  -0.0000   0.0000   0.0000  -0.0000    0.214
   147   0.0000   1.5497   0.2138   0.0000  -0.0000   0.0000   0.0000  -0.0000   0.0000   0.0000  -0.0000    0.204
   148   0.0000   1.4930   0.1487   0.0000  -0.0000   0.0000   0.0000  -0.0000   0.0000   0.0000  -0.0000    0.200
   149   0.0000   1.4548   0.0875   0.0000  -0.0000   0.0000   0.0000  -0.0000   0.0000   0.0000  -0.0000    0.194
   150   0.0000   1.4357   0.0289   0.0000  -0.0000   0.0000   0.0000  -0.0000   0.0000   0.0000  -0.0000    0.187

  Surface # 6     fuselage_horizontal                     
     # Chordwise = 10   # Spanwise = 10     First strip =151
     Surface area =  123.841209       Ave. chord =   33.112621
     CLsurf  =   0.00525     Clsurf  =  -0.00000
     CYsurf  =   0.00000     Cmsurf  =  -0.07807
     CDsurf  =  -0.01948     Cnsurf  =  -0.00000
     CDisurf =  -0.01948     CDvsurf =   0.00000

  Forces referred to Ssurf, Cave about hinge axis thru LE
     CLsurf  =   0.00529     CDsurf  =  -0.01964
     Deflect =

 Strip Forces referred to Strip Area, Chord
    j      Yle    Chord     Area     c cl      ai      cl_norm  cl       cd       cdv    cm_c/4    cm_LE  C.P.x/c
   151  -1.6830  26.5957   9.9468   0.2589   0.2208   0.1227   0.0097   0.0090   0.0000  -0.0137  -0.0022    1.662
   152  -1.3090  31.2096  11.6724   0.2610   0.0589   0.0326   0.0084  -0.0020   0.0000  -0.0135  -0.0039    1.862
   153  -0.9350  34.0626  12.7394   0.1706  -0.1238   0.0122   0.0050  -0.0143   0.0000  -0.0109  -0.0041
   154  -0.5610  36.1619  13.5246   0.1087  -0.2031   0.0051   0.0030  -0.0292   0.0000  -0.0089  -0.0043
   155  -0.1870  37.5333  14.0374   0.0765  -0.2363   0.0024   0.0020  -0.0502   0.0000  -0.0075  -0.0055
   156   0.1870  37.5333  14.0374   0.0765  -0.2363   0.0024   0.0020  -0.0502   0.0000  -0.0075  -0.0055
   157   0.5610  36.1619  13.5246   0.1087  -0.2031   0.0051   0.0030  -0.0292   0.0000  -0.0089  -0.0043
   158   0.9350  34.0626  12.7394   0.1706  -0.1238   0.0122   0.0050  -0.0143   0.0000  -0.0109  -0.0041
   159   1.3090  31.2096  11.6724   0.2610   0.0589   0.0326   0.0084  -0.0020   0.0000  -0.0135  -0.0039    1.862
   160   1.6830  26.5957   9.9468   0.2589   0.2208   0.1227   0.0097   0.0090   0.0000  -0.0137  -0.0022    1.662

  Surface # 7     fuselage_vertical                       
     # Chordwise = 10   # Spanwise = 10     First strip =161
     Surface area =  123.841209       Ave. chord =   33.112621
     CLsurf  =  -0.00000     Clsurf  =  -0.00000
     CYsurf  =  -0.00000     Cmsurf  =   0.00000
     CDsurf  =  -0.00000     Cnsurf  =   0.00000
     CDisurf =  -0.00000     CDvsurf =   0.00000

  Forces referred to Ssurf, Cave about hinge axis thru LE
     CLsurf  =   0.00000     CDsurf  =  -0.00000
     Deflect =

 Strip Forces referred to Strip Area, Chord
    j      Yle    Chord     Area     c cl      ai      cl_norm  cl       cd       cdv    cm_c/4    cm_LE  C.P.x/c
   161   0.0000  26.5957   9.9468   0.0000   0.0000   0.0000   0.0000   0.0000   0.0000  -0.0000  -0.0000    0.511
   162   0.0000  31.2096  11.6724   0.0000   0.0001   0.0000   0.0000   0.0000   0.0000  -0.0000  -0.0000    0.569
   163   0.0000  34.0626  12.7394   0.0000  -0.0000   0.0000   0.0000  -0.0000   0.0000  -0.0000  -0.0000    0.590
   164   0.0000  36.1619  13.5246   0.0000  -0.0000   0.0000   0.0000  -0.0000   0.0000  -0.0000  -0.0000    0.598
   165   0.0000  37.5333  14.0374   0.0000  -0.0000   0.0000   0.0000  -0.0000   0.0000  -0.0000  -0.0000    0.598
   166   0.0000  37.5333  14.0374   0.0000  -0.0000   0.0000   0.0000  -0.0000   0.0000  -0.0000  -0.0000    0.603
   167   0.0000  36.1619  13.5246   0.0000  -0.0000   0.0000   0.0000  -0.0000   0.0000  -0.0000  -0.0000    0.594
   168   0.0000  34.0626  12.7394   0.0000  -0.0000   0.0000   0.0000  -0.0000   0.0000  -0.0000  -0.0000    0.558
   169   0.0000  31.2096  11.6724   0.0000   0.0000   0.0000   0.0000  -0.0000   0.0000  -0.0000  -0.0000    0.497
   170   0.0000  26.5957   9.9468   0.0000  -0.0000   0.0000   0.0000  -0.0000   0.0000  -0.0000  -0.0000    0.410
 ---------------------------------------------------------------
