 ---------------------------------------------------------------
 Surface and Strip Forces by surface

  Forces referred to Sref, Cref, Bref about Xref, Yref, Zref
 Standard axis orientation,  X fwd, Z down         

  Surface # 1     main_wing                               
     # Chordwise = 10   # Spanwise = 20     First strip =  1
     Surface area =   63.790974       Ave. chord =    3.717419
     CLsurf  =  -2.17123     Clsurf  =   0.47903
     CYsurf  =   0.07611     Cmsurf  =   0.36333
     CDsurf  =   0.13926     Cnsurf  =   0.15886
     CDisurf =   0.13926     CDvsurf =   0.00000

  Forces referred to Ssurf, Cave about hinge axis thru LE
     CLsurf  =  -4.25007     CDsurf  =   0.27259
     Deflect =

 Strip Forces referred to Strip Area, Chord
    j      Yle    Chord     Area     c cl      ai      cl_norm  cl       cd       cdv    cm_c/4    cm_LE  C.P.x/c
     1   0.0271   7.7411   0.8376 -17.8063  -0.5732   1.9210   1.9208 -34.5191   0.0000   1.2391   1.7845   -0.395
     2   0.2428   7.5905   2.4436 -19.0308  -0.4506  -2.2066  -2.2064  -2.6033   0.0000   1.2904   1.8858    0.835
     3   0.6690   7.2932   3.8488 -18.6782  -0.2691  -2.5323  -2.5320  -0.3931   0.0000   1.2609   1.8701    0.748
     4   1.2950   6.8563   4.9402 -17.7504  -0.0526  -2.6265  -2.6262   0.1454   0.0000   1.1051   1.7237    0.671
     5   2.1056   6.2906   5.6339 -16.4956   0.1612  -2.6964  -2.6961   0.4412   0.0000   0.7764   1.4086    0.538
     6   3.0065   5.6619   5.0672 -16.1264   0.2199  -2.9395  -2.9392   0.5671   0.0000   0.4418   1.1350    0.400
     7   3.9586   4.9974   5.0150 -16.6214   0.0342  -3.4507  -3.4504   0.8098   0.0000   0.2296   1.0438    0.317
     8   5.0073   4.2656   4.6382 -17.6745  -0.1990  -4.3252  -4.3248   1.2235   0.0000   0.0808   1.0985    0.269
     9   6.1989   3.7534   4.8429 -18.5482  -0.3948  -5.1668  -5.1664   1.5278   0.0000  -0.0163   1.2172    0.247
    10   7.5095   3.4937   4.6216 -18.6230  -0.4497  -5.5382  -5.5379   1.3629   0.0000  -0.0255   1.3050    0.245
    11   8.8364   3.2307   4.2738 -18.1154  -0.4449  -5.8026  -5.8022   1.2452   0.0000  -0.0220   1.3776    0.246
    12  10.1470   2.9710   3.8335 -17.2209  -0.4155  -5.9815  -5.9811   1.1506   0.0000  -0.0170   1.4298    0.247
    13  11.4090   2.7210   3.3357 -16.0673  -0.3895  -6.0837  -6.0833   1.0910   0.0000  -0.0167   1.4572    0.247
    14  12.6340   2.4782   3.0105 -14.7122  -0.3765  -6.1111  -6.1108   1.0554   0.0000  -0.0184   1.4634    0.247
    15  13.7866   2.2498   2.4374 -13.1829  -0.3837  -6.0338  -6.0334   1.0582   0.0000  -0.0248   1.4378    0.246
    16  14.7941   2.0502   1.8970 -11.5170  -0.4185  -5.7958  -5.7954   1.1057   0.0000  -0.0391   1.3631    0.243
    17  15.6315   1.8843   1.4027  -9.6749  -0.4852  -5.3186  -5.3183   1.1821   0.0000  -0.0646   1.2171    0.238
    18  16.2783   1.7561   0.9575  -7.5682  -0.5783  -4.4960  -4.4957   1.2516   0.0000  -0.0980   0.9779    0.228
    19  16.8016   1.3043   0.6198  -4.8932  -0.5308  -3.8897  -3.8882   0.8837   0.0000  -0.1471   0.7391    0.212
    20  17.1200   0.8402   0.1342  -1.6479  -0.4825  -2.0083  -2.0075   0.2576   0.0000  -0.1401   0.3273    0.180

  Surface # 2     main_wing (YDUP)                        
     # Chordwise = 10   # Spanwise = 20     First strip = 21
     Surface area =   63.790974       Ave. chord =    3.717419
     CLsurf  =  -2.17123     Clsurf  =  -0.47903
     CYsurf  =  -0.07611     Cmsurf  =   0.36333
     CDsurf  =   0.13926     Cnsurf  =  -0.15886
     CDisurf =   0.13926     CDvsurf =   0.00000

  Forces referred to Ssurf, Cave about hinge axis thru LE
     CLsurf  =  -4.25006     CDsurf  =   0.27259
     Deflect =

 Strip Forces referred to Strip Area, Chord
    j      Yle    Chord     Area     c cl      ai      cl_norm  cl       cd       cdv    cm_c/4    cm_LE  C.P.x/c
    21  -0.0271   7.7411   0.8376 -17.8064  -0.5732   1.9209   1.9207 -34.5183   0.0000   1.2391  -1.7845   -0.395
    22  -0.2428   7.5905   2.4436 -19.0308  -0.4505  -2.2066  -2.2064  -2.6034   0.0000   1.2904  -1.8858    0.835
    23  -0.6690   7.2932   3.8488 -18.6781  -0.2691  -2.5322  -2.5320  -0.3931   0.0000   1.2609  -1.8701    0.748
    24  -1.2950   6.8563   4.9402 -17.7504  -0.0526  -2.6265  -2.6262   0.1455   0.0000   1.1051  -1.7237    0.671
    25  -2.1056   6.2906   5.6339 -16.4956   0.1612  -2.6964  -2.6961   0.4412   0.0000   0.7764  -1.4086    0.538
    26  -3.0065   5.6619   5.0672 -16.1264   0.2199  -2.9395  -2.9392   0.5671   0.0000   0.4418  -1.1350    0.400
    27  -3.9586   4.9974   5.0150 -16.6214   0.0342  -3.4507  -3.4504   0.8098   0.0000   0.2296  -1.0438    0.317
    28  -5.0073   4.2656   4.6382 -17.6745  -0.1990  -4.3252  -4.3248   1.2235   0.0000   0.0808  -1.0985    0.269
    29  -6.1989   3.7534   4.8429 -18.5482  -0.3948  -5.1668  -5.1664   1.5278   0.0000  -0.0163  -1.2172    0.247
    30  -7.5095   3.4937   4.6216 -18.6230  -0.4497  -5.5382  -5.5379   1.3629   0.0000  -0.0255  -1.3050    0.245
    31  -8.8364   3.2307   4.2738 -18.1153  -0.4449  -5.8026  -5.8022   1.2451   0.0000  -0.0220  -1.3776    0.246
    32 -10.1470   2.9710   3.8335 -17.2209  -0.4155  -5.9814  -5.9811   1.1506   0.0000  -0.0169  -1.4298    0.247
    33 -11.4090   2.7210   3.3357 -16.0673  -0.3895  -6.0837  -6.0833   1.0909   0.0000  -0.0167  -1.4572    0.247
    34 -12.6340   2.4782   3.0105 -14.7122  -0.3765  -6.1111  -6.1107   1.0554   0.0000  -0.0184  -1.4634    0.247
    35 -13.7866   2.2498   2.4374 -13.1829  -0.3837  -6.0338  -6.0334   1.0582   0.0000  -0.0248  -1.4378    0.246
    36 -14.7941   2.0502   1.8970 -11.5170  -0.4185  -5.7958  -5.7954   1.1057   0.0000  -0.0391  -1.3631    0.243
    37 -15.6315   1.8843   1.4027  -9.6748  -0.4852  -5.3186  -5.3182   1.1821   0.0000  -0.0646  -1.2171    0.238
    38 -16.2783   1.7561   0.9575  -7.5681  -0.5783  -4.4959  -4.4957   1.2516   0.0000  -0.0980  -0.9778    0.228
    39 -16.8016   1.3043   0.6198  -4.8931  -0.5308  -3.8897  -3.8882   0.8837   0.0000  -0.1471  -0.7391    0.212
    40 -17.1200   0.8402   0.1342  -1.6479  -0.4825  -2.0083  -2.0075   0.2576   0.0000  -0.1401  -0.3273    0.180

  Surface # 3     horizontal_stabilizer                   
     # Chordwise = 10   # Spanwise = 20     First strip = 41
     Surface area =   20.072786       Ave. chord =    2.827143
     CLsurf  =   0.20619     Clsurf  =  -0.01821
     CYsurf  =  -0.00466     Cmsurf  =  -0.90887
     CDsurf  =  -0.02219     Cnsurf  =  -0.00149
     CDisurf =  -0.02219     CDvsurf =   0.00000

  Forces referred to Ssurf, Cave about hinge axis thru LE
     CLsurf  =   1.28268     CDsurf  =  -0.13801
     Deflect =

 Strip Forces referred to Strip Area, Chord
    j      Yle    Chord     Area     c cl      ai      cl_norm  cl       cd       cdv    cm_c/4    cm_LE  C.P.x/c
    41   0.0103   4.6946   0.1934   4.5408   0.0715   0.9624   0.9622   0.1002   0.0000   0.0148  -0.2247    0.235
    42   0.0924   4.6512   0.5701   4.5109   0.0673   0.9809   0.9807  -0.0295   0.0000   0.0147  -0.2255    0.235
    43   0.2547   4.5656   0.9173   4.5012   0.0633   0.9987   0.9986  -0.0429   0.0000   0.0155  -0.2287    0.234
    44   0.4930   4.4399   1.2180   4.4824   0.0609   1.0242   1.0241  -0.0563   0.0000   0.0163  -0.2337    0.234
    45   0.8160   4.2695   1.5847   4.4458   0.0585   1.0575   1.0573  -0.0668   0.0000   0.0170  -0.2409    0.234
    46   1.2202   4.0563   1.7628   4.3871   0.0467   1.0993   1.0991  -0.0767   0.0000   0.0177  -0.2502    0.234
    47   1.6825   3.8123   1.8577   4.3026   0.0136   1.1483   1.1481  -0.0899   0.0000   0.0182  -0.2613    0.234
    48   2.1917   3.5437   1.8711   4.1943  -0.0262   1.2056   1.2054  -0.1048   0.0000   0.0187  -0.2745    0.235
    49   2.7353   3.2569   1.8099   4.0630  -0.0430   1.2717   1.2714  -0.1188   0.0000   0.0194  -0.2896    0.235
    50   3.2997   2.9591   1.6859   3.9128  -0.0431   1.3498   1.3496  -0.1416   0.0000   0.0208  -0.3067    0.235
    51   3.8713   2.6576   1.5141   3.7400  -0.0420   1.4400   1.4398  -0.1781   0.0000   0.0230  -0.3255    0.234
    52   4.4357   2.3597   1.3114   3.5303  -0.0443   1.5326   1.5323  -0.2041   0.0000   0.0258  -0.3447    0.233
    53   4.9793   2.0730   1.0945   3.2883  -0.0495   1.6302   1.6299  -0.2586   0.0000   0.0283  -0.3646    0.233
    54   5.4885   1.8043   0.8792   2.9848  -0.0558   1.7037   1.7034  -0.2992   0.0000   0.0313  -0.3785    0.232
    55   5.9508   1.5604   0.6781   2.6213  -0.0601   1.7322   1.7319  -0.3210   0.0000   0.0354  -0.3807    0.230
    56   6.3550   1.3472   0.5000   2.1970  -0.0587   1.6827   1.6824  -0.3210   0.0000   0.0418  -0.3623    0.225
    57   6.6617   1.1853   0.2890   1.7441  -0.0498   1.5185   1.5183  -0.2917   0.0000   0.0494  -0.3152    0.217
    58   6.8736   1.0735   0.1917   1.2842  -0.0351   1.2341   1.2339  -0.2332   0.0000   0.0542  -0.2425    0.206
    59   7.0178   0.9975   0.1087   0.7891  -0.0182   0.8140   0.8139  -0.1370   0.0000   0.0477  -0.1486    0.191
    60   7.0908   0.9589   0.0351   0.2669  -0.0041   0.2856   0.2856  -0.0419   0.0000   0.0204  -0.0487    0.178

  Surface # 4     horizontal_stabilizer (YDUP)            
     # Chordwise = 10   # Spanwise = 20     First strip = 61
     Surface area =   20.072786       Ave. chord =    2.827143
     CLsurf  =   0.20619     Clsurf  =   0.01821
     CYsurf  =   0.00466     Cmsurf  =  -0.90886
     CDsurf  =  -0.02219     Cnsurf  =   0.00149
     CDisurf =  -0.02219     CDvsurf =   0.00000

  Forces referred to Ssurf, Cave about hinge axis thru LE
     CLsurf  =   1.28268     CDsurf  =  -0.13801
     Deflect =

 Strip Forces referred to Strip Area, Chord
    j      Yle    Chord     Area     c cl      ai      cl_norm  cl       cd       cdv    cm_c/4    cm_LE  C.P.x/c
    61  -0.0103   4.6946   0.1934   4.5408   0.0715   0.9624   0.9622   0.1002   0.0000   0.0148   0.2247    0.235
    62  -0.0924   4.6512   0.5701   4.5109   0.0673   0.9809   0.9807  -0.0295   0.0000   0.0147   0.2255    0.235
    63  -0.2547   4.5656   0.9173   4.5012   0.0633   0.9987   0.9986  -0.0429   0.0000   0.0155   0.2287    0.234
    64  -0.4930   4.4399   1.2180   4.4824   0.0609   1.0242   1.0241  -0.0563   0.0000   0.0163   0.2337    0.234
    65  -0.8160   4.2695   1.5847   4.4458   0.0585   1.0575   1.0573  -0.0668   0.0000   0.0170   0.2409    0.234
    66  -1.2202   4.0563   1.7628   4.3871   0.0467   1.0993   1.0991  -0.0767   0.0000   0.0177   0.2502    0.234
    67  -1.6825   3.8123   1.8577   4.3026   0.0136   1.1483   1.1481  -0.0899   0.0000   0.0182   0.2613    0.234
    68  -2.1917   3.5437   1.8711   4.1943  -0.0262   1.2056   1.2054  -0.1048   0.0000   0.0187   0.2745    0.235
    69  -2.7353   3.2569   1.8099   4.0630  -0.0429   1.2717   1.2714  -0.1188   0.0000   0.0194   0.2896    0.235
    70  -3.2997   2.9591   1.6859   3.9128  -0.0431   1.3498   1.3496  -0.1416   0.0000   0.0208   0.3067    0.235
    71  -3.8713   2.6576   1.5141   3.7400  -0.0420   1.4400   1.4397  -0.1781   0.0000   0.0230   0.3255    0.234
    72  -4.4357   2.3597   1.3114   3.5303  -0.0443   1.5326   1.5323  -0.2041   0.0000   0.0258   0.3447    0.233
    73  -4.9793   2.0730   1.0945   3.2883  -0.0495   1.6302   1.6299  -0.2586   0.0000   0.0283   0.3646    0.233
    74  -5.4885   1.8043   0.8792   2.9848  -0.0558   1.7037   1.7034  -0.2992   0.0000   0.0313   0.3785    0.232
    75  -5.9508   1.5604   0.6781   2.6212  -0.0601   1.7322   1.7319  -0.3210   0.0000   0.0354   0.3807    0.230
    76  -6.3550   1.3472   0.5000   2.1969  -0.0587   1.6827   1.6824  -0.3210   0.0000   0.0418   0.3623    0.225
    77  -6.6617   1.1853   0.2890   1.7441  -0.0498   1.5185   1.5183  -0.2917   0.0000   0.0494   0.3152    0.217
    78  -6.8736   1.0735   0.1917   1.2842  -0.0351   1.2341   1.2339  -0.2332   0.0000   0.0542   0.2425    0.206
    79  -7.0178   0.9975   0.1087   0.7891  -0.0182   0.8140   0.8139  -0.1370   0.0000   0.0477   0.1486    0.191
    80  -7.0908   0.9589   0.0351   0.2669  -0.0041   0.2856   0.2856  -0.0419   0.0000   0.0204   0.0487    0.178

  Surface # 5     vertical_stabilizer                     
     # Chordwise = 10   # Spanwise = 20     First strip = 81
     Surface area =   26.974527       Ave. chord =    3.612513
     CLsurf  =   0.00000     Clsurf  =  -0.00000
     CYsurf  =  -0.00000     Cmsurf  =  -0.00000
     CDsurf  =  -0.00000     Cnsurf  =   0.00000
     CDisurf =  -0.00000     CDvsurf =   0.00000

  Forces referred to Ssurf, Cave about hinge axis thru LE
     CLsurf  =   0.00000     CDsurf  =  -0.00000
     Deflect =

 Strip Forces referred to Strip Area, Chord
    j      Yle    Chord     Area     c cl      ai      cl_norm  cl       cd       cdv    cm_c/4    cm_LE  C.P.x/c
    81   0.0000   8.1033   0.7081   0.0000  -0.0000   0.0000   0.0000   0.0000   0.0000  -0.0000  -0.0000    0.265
    82   0.0000   7.7953   1.2357   0.0000   0.0000   0.0000   0.0000  -0.0000   0.0000   0.0000  -0.0000    0.239
    83   0.0000   7.3128   1.6577   0.0000  -0.0000   0.0000   0.0000  -0.0000   0.0000  -0.0000  -0.0000    0.289
    84   0.0000   6.6651   1.9342   0.0000  -0.0000   0.0000   0.0000  -0.0000   0.0000  -0.0000  -0.0000    0.301
    85   0.0000   5.8661   2.0384   0.0000  -0.0000   0.0000   0.0000  -0.0000   0.0000  -0.0000  -0.0000    0.287
    86   0.0000   4.9330   1.9589   0.0000  -0.0000   0.0000   0.0000  -0.0000   0.0000  -0.0000  -0.0000    0.301
    87   0.0000   4.2949   2.2317   0.0000   0.0000   0.0000   0.0000  -0.0000   0.0000   0.0000  -0.0000    0.217
    88   0.0000   4.0244   2.2380   0.0000   0.0000   0.0000   0.0000  -0.0000   0.0000   0.0000  -0.0000    0.232
    89   0.0000   3.7387   2.1678   0.0000   0.0000   0.0000   0.0000  -0.0000   0.0000   0.0000  -0.0000    0.235
    90   0.0000   3.4444   2.0327   0.0000   0.0000   0.0000   0.0000  -0.0000   0.0000   0.0000  -0.0000    0.246
    91   0.0000   3.1483   1.8474   0.0000  -0.0000   0.0000   0.0000  -0.0000   0.0000  -0.0000  -0.0000    0.253
    92   0.0000   2.8574   1.6279   0.0000  -0.0000   0.0000   0.0000  -0.0000   0.0000  -0.0000  -0.0000    0.250
    93   0.0000   2.5785   1.3906   0.0000  -0.0000   0.0000   0.0000  -0.0000   0.0000  -0.0000  -0.0000    0.277
    94   0.0000   2.3180   1.1503   0.0000  -0.0000   0.0000   0.0000  -0.0000   0.0000  -0.0000  -0.0000    0.260
    95   0.0000   2.0821   0.9193   0.0000  -0.0000   0.0000   0.0000  -0.0000   0.0000  -0.0000  -0.0000    0.264
    96   0.0000   1.8763   0.7063   0.0000  -0.0000   0.0000   0.0000  -0.0000   0.0000  -0.0000  -0.0000    0.258
    97   0.0000   1.7056   0.5158   0.0000  -0.0000   0.0000   0.0000  -0.0000   0.0000   0.0000  -0.0000    0.248
    98   0.0000   1.5739   0.3482   0.0000  -0.0000   0.0000   0.0000  -0.0000   0.0000   0.0000  -0.0000    0.233
    99   0.0000   1.4843   0.2002   0.0000  -0.0000   0.0000   0.0000  -0.0000   0.0000   0.0000  -0.0000    0.234
   100   0.0000   1.4389   0.0652   0.0000  -0.0000   0.0000   0.0000  -0.0000   0.0000   0.0000  -0.0000    0.211

  Surface # 6     fuselage_horizontal                     
     # Chordwise = 10   # Spanwise = 10     First strip =101
     Surface area =  112.392822       Ave. chord =   30.376440
     CLsurf  =   0.00604     Clsurf  =   0.00000
     CYsurf  =   0.00000     Cmsurf  =  -0.04192
     CDsurf  =  -0.01012     Cnsurf  =   0.00000
     CDisurf =  -0.01012     CDvsurf =   0.00000

  Forces referred to Ssurf, Cave about hinge axis thru LE
     CLsurf  =   0.00671     CDsurf  =  -0.01124
     Deflect =

 Strip Forces referred to Strip Area, Chord
    j      Yle    Chord     Area     c cl      ai      cl_norm  cl       cd       cdv    cm_c/4    cm_LE  C.P.x/c
   101  -1.6650  21.5445   7.9715   0.0096   0.3081  -0.0800  -0.0047   0.0421   0.0000  -0.0092  -0.0010
   102  -1.2950  27.3129  10.1058  -0.2139   0.3012  -0.0637  -0.0147   0.0556   0.0000  -0.0059  -0.0008   -0.151
   103  -0.9250  31.3629  11.6043   0.0215   0.2438  -0.0070  -0.0031   0.0313   0.0000  -0.0071  -0.0020
   104  -0.5550  34.6182  12.8087   0.3068   0.0084   0.0145   0.0111  -0.0176   0.0000  -0.0067  -0.0033    0.851
   105  -0.1850  37.0437  13.7062   0.6800  -0.0741   0.0334   0.0334  -0.1216   0.0000  -0.0075  -0.0073    0.473
   106   0.1850  37.0437  13.7062   0.6800  -0.0741   0.0334   0.0334  -0.1216   0.0000  -0.0075  -0.0073    0.473
   107   0.5550  34.6182  12.8087   0.3068   0.0084   0.0145   0.0111  -0.0176   0.0000  -0.0067  -0.0033    0.851
   108   0.9250  31.3629  11.6043   0.0215   0.2438  -0.0070  -0.0031   0.0313   0.0000  -0.0071  -0.0020
   109   1.2950  27.3129  10.1058  -0.2139   0.3012  -0.0637  -0.0147   0.0556   0.0000  -0.0059  -0.0008   -0.151
   110   1.6650  21.5445   7.9715   0.0096   0.3081  -0.0800  -0.0047   0.0421   0.0000  -0.0092  -0.0010

  Surface # 7     fuselage_vertical                       
     # Chordwise = 10   # Spanwise = 10     First strip =111
     Surface area =  114.215408       Ave. chord =   30.376440
     CLsurf  =   0.00000     Clsurf  =   0.00000
     CYsurf  =  -0.00000     Cmsurf  =  -0.00000
     CDsurf  =   0.00000     Cnsurf  =   0.00000
     CDisurf =   0.00000     CDvsurf =   0.00000

  Forces referred to Ssurf, Cave about hinge axis thru LE
     CLsurf  =   0.00000     CDsurf  =   0.00000
     Deflect =

 Strip Forces referred to Strip Area, Chord
    j      Yle    Chord     Area     c cl      ai      cl_norm  cl       cd       cdv    cm_c/4    cm_LE  C.P.x/c
   111   0.0000  21.5445   8.1007  -0.0000   0.0000  -0.0000  -0.0000   0.0000   0.0000   0.0000   0.0000
   112   0.0000  27.3129  10.2696   0.0000   0.0000   0.0000   0.0000   0.0000   0.0000   0.0000   0.0000
   113   0.0000  31.3629  11.7925   0.0000  -0.0000   0.0000   0.0000   0.0000   0.0000   0.0000   0.0000
   114   0.0000  34.6182  13.0164   0.0000  -0.0000   0.0000   0.0000   0.0000   0.0000   0.0000   0.0000
   115   0.0000  37.0437  13.9284   0.0000  -0.0000   0.0000   0.0000  -0.0000   0.0000   0.0000   0.0000   -0.279
   116   0.0000  37.0437  13.9284   0.0000   0.0000   0.0000   0.0000  -0.0000   0.0000  -0.0000  -0.0000    0.696
   117   0.0000  34.6182  13.0164   0.0000  -0.0000   0.0000   0.0000   0.0000   0.0000  -0.0000  -0.0000    0.727
   118   0.0000  31.3629  11.7925   0.0000  -0.0000   0.0000   0.0000   0.0000   0.0000  -0.0000  -0.0000    0.731
   119   0.0000  27.3129  10.2696   0.0000  -0.0000   0.0000   0.0000   0.0000   0.0000  -0.0000  -0.0000    0.709
   120   0.0000  21.5445   8.1007   0.0000   0.0000   0.0000   0.0000   0.0000   0.0000  -0.0000  -0.0000    0.738
 ---------------------------------------------------------------
