 241.5083  34.0832    299.00
 241.5250  34.0832    237.00
 241.5417  34.0832    231.00
 241.5583  34.0832    179.00
 241.5750  34.0832    147.00
 241.5917  34.0832    123.00
 241.6083  34.0832     93.00
 241.6250  34.0832     69.00
 241.6416  34.0832     77.00
 241.6583  34.0832     85.00
 241.6750  34.0832     89.00
 241.6917  34.0832     95.00
 241.7083  34.0832     97.00
 241.7250  34.0832    123.00
 241.7417  34.0832    153.00
 241.7583  34.0832    177.00
 241.7750  34.0832    119.00
 241.7917  34.0832    147.00
 241.8083  34.0832    177.00
 241.8250  34.0832    153.00
 241.8417  34.0832    145.00
 241.8583  34.0832    147.00
 241.8750  34.0832    137.00
 241.8916  34.0832    117.00
 241.9083  34.0832    105.00
 241.9250  34.0832    101.00
 241.9417  34.0832     91.00
 241.9583  34.0832     89.00
 241.9750  34.0832     95.00
 241.9917  34.0832     99.00
 242.0083  34.0832     95.00
 242.0250  34.0832    107.00
 242.0417  34.0832    115.00
 242.0583  34.0832    123.00
 242.0750  34.0832    133.00
 242.0917  34.0832    149.00
 242.1083  34.0832    163.00
 242.1250  34.0832    177.00
 242.1416  34.0832    199.00
 242.1583  34.0832    231.00
 242.1750  34.0832    285.00
 241.5083  34.0694    171.00
 241.5250  34.0694    159.00
 241.5417  34.0694    137.00
 241.5583  34.0694    123.00
 241.5750  34.0694    113.00
 241.5917  34.0694     89.00
 241.6083  34.0694     67.00
 241.6250  34.0694     53.00
 241.6416  34.0694     61.00
 241.6583  34.0694     71.00
 241.6750  34.0694     73.00
 241.6917  34.0694     75.00
 241.7083  34.0694     85.00
 241.7250  34.0694    107.00
 241.7417  34.0694    131.00
 241.7583  34.0694    127.00
 241.7750  34.0694    101.00
 241.7917  34.0694    111.00
 241.8083  34.0694    135.00
 241.8250  34.0694    145.00
 241.8417  34.0694    137.00
 241.8583  34.0694    137.00
 241.8750  34.0694    125.00
 241.8916  34.0694    111.00
 241.9083  34.0694     91.00
 241.9250  34.0694     81.00
 241.9417  34.0694     79.00
 241.9583  34.0694     85.00
 241.9750  34.0694     89.00
 241.9917  34.0694     93.00
 242.0083  34.0694     97.00
 242.0250  34.0694    103.00
 242.0417  34.0694    107.00
 242.0583  34.0694    117.00
 242.0750  34.0694    125.00
 242.0917  34.0694    137.00
 242.1083  34.0694    153.00
 242.1250  34.0694    173.00
 242.1416  34.0694    223.00
 242.1583  34.0694    307.00
 242.1750  34.0694    299.00
 241.5083  34.0556    125.00
 241.5250  34.0556    111.00
 241.5417  34.0556    105.00
 241.5583  34.0556     93.00
 241.5750  34.0556     81.00
 241.5917  34.0556     87.00
 241.6083  34.0556     59.00
 241.6250  34.0556     43.00
 241.6416  34.0556     55.00
 241.6583  34.0556     59.00
 241.6750  34.0556     57.00
 241.6917  34.0556     61.00
 241.7083  34.0556     73.00
 241.7250  34.0556     93.00
 241.7417  34.0556    115.00
 241.7583  34.0556    101.00
 241.7750  34.0556     95.00
 241.7917  34.0556    109.00
 241.8083  34.0556    131.00
 241.8250  34.0556    153.00
 241.8417  34.0556    147.00
 241.8583  34.0556    155.00
 241.8750  34.0556    141.00
 241.8916  34.0556    125.00
 241.9083  34.0556     91.00
 241.9250  34.0556     73.00
 241.9417  34.0556     75.00
 241.9583  34.0556     81.00
 241.9750  34.0556     85.00
 241.9917  34.0556     89.00
 242.0083  34.0556     93.00
 242.0250  34.0556     99.00
 242.0417  34.0556    105.00
 242.0583  34.0556    113.00
 242.0750  34.0556    123.00
 242.0917  34.0556    145.00
 242.1083  34.0556    187.00
 242.1250  34.0556    239.00
 242.1416  34.0556    293.00
 242.1583  34.0556    303.00
 242.1750  34.0556    249.00
 241.5083  34.0418     95.00
 241.5250  34.0418     81.00
 241.5417  34.0418     69.00
 241.5583  34.0418     69.00
 241.5750  34.0418     59.00
 241.5917  34.0418     73.00
 241.6083  34.0418     53.00
 241.6250  34.0418     35.00
 241.6416  34.0418     37.00
 241.6583  34.0418     47.00
 241.6750  34.0418     63.00
 241.6917  34.0418     67.00
 241.7083  34.0418     67.00
 241.7250  34.0418     75.00
 241.7417  34.0418     87.00
 241.7583  34.0418     83.00
 241.7750  34.0418     87.00
 241.7917  34.0418     99.00
 241.8083  34.0418    109.00
 241.8250  34.0418    103.00
 241.8417  34.0418    103.00
 241.8583  34.0418    107.00
 241.8750  34.0418    113.00
 241.8916  34.0418    131.00
 241.9083  34.0418    109.00
 241.9250  34.0418     75.00
 241.9417  34.0418     71.00
 241.9583  34.0418     75.00
 241.9750  34.0418     81.00
 241.9917  34.0418     93.00
 242.0083  34.0418     95.00
 242.0250  34.0418     95.00
 242.0417  34.0418    101.00
 242.0583  34.0418    107.00
 242.0750  34.0418    125.00
 242.0917  34.0418    195.00
 242.1083  34.0418    289.00
 242.1250  34.0418    303.00
 242.1416  34.0418    265.00
 242.1583  34.0418    231.00
 242.1750  34.0418    237.00
 241.5083  34.0280     59.00
 241.5250  34.0280     53.00
 241.5417  34.0280     51.00
 241.5583  34.0280     47.00
 241.5750  34.0280     49.00
 241.5917  34.0280     47.00
 241.6083  34.0280     39.00
 241.6250  34.0280     33.00
 241.6416  34.0280     33.00
 241.6583  34.0280     35.00
 241.6750  34.0280     49.00
 241.6917  34.0280     57.00
 241.7083  34.0280     61.00
 241.7250  34.0280     67.00
 241.7417  34.0280     73.00
 241.7583  34.0280     75.00
 241.7750  34.0280     81.00
 241.7917  34.0280     89.00
 241.8083  34.0280     87.00
 241.8250  34.0280     81.00
 241.8417  34.0280     73.00
 241.8583  34.0280     81.00
 241.8750  34.0280     93.00
 241.8916  34.0280    145.00
 241.9083  34.0280    123.00
 241.9250  34.0280     79.00
 241.9417  34.0280     67.00
 241.9583  34.0280     71.00
 241.9750  34.0280     95.00
 241.9917  34.0280    117.00
 242.0083  34.0280     99.00
 242.0250  34.0280     93.00
 242.0417  34.0280    101.00
 242.0583  34.0280    121.00
 242.0750  34.0280    123.00
 242.0917  34.0280    161.00
 242.1083  34.0280    221.00
 242.1250  34.0280    221.00
 242.1416  34.0280    211.00
 242.1583  34.0280    207.00
 242.1750  34.0280    203.00
 241.5083  34.0142     33.00
 241.5250  34.0142     43.00
 241.5417  34.0142     47.00
 241.5583  34.0142     45.00
 241.5750  34.0142     37.00
 241.5917  34.0142     27.00
 241.6083  34.0142     35.00
 241.6250  34.0142     71.00
 241.6416  34.0142     65.00
 241.6583  34.0142     41.00
 241.6750  34.0142     41.00
 241.6917  34.0142     49.00
 241.7083  34.0142     57.00
 241.7250  34.0142     63.00
 241.7417  34.0142     67.00
 241.7583  34.0142     69.00
 241.7750  34.0142     69.00
 241.7917  34.0142     65.00
 241.8083  34.0142     61.00
 241.8250  34.0142     57.00
 241.8417  34.0142     57.00
 241.8583  34.0142     61.00
 241.8750  34.0142     71.00
 241.8916  34.0142     75.00
 241.9083  34.0142     65.00
 241.9250  34.0142     61.00
 241.9417  34.0142     67.00
 241.9583  34.0142     91.00
 241.9750  34.0142    215.00
 241.9917  34.0142    255.00
 242.0083  34.0142    143.00
 242.0250  34.0142    101.00
 242.0417  34.0142    101.00
 242.0583  34.0142    133.00
 242.0750  34.0142    145.00
 242.0917  34.0142    143.00
 242.1083  34.0142    165.00
 242.1250  34.0142    185.00
 242.1416  34.0142    173.00
 242.1583  34.0142    177.00
 242.1750  34.0142    215.00
 241.5083  34.0003      7.00
 241.5250  34.0003     17.00
 241.5417  34.0003     11.00
 241.5583  34.0003     17.00
 241.5750  34.0003     21.00
 241.5917  34.0003     15.00
 241.6083  34.0003     29.00
 241.6250  34.0003     95.00
 241.6416  34.0003    123.00
 241.6583  34.0003     89.00
 241.6750  34.0003     47.00
 241.6917  34.0003     47.00
 241.7083  34.0003     51.00
 241.7250  34.0003     55.00
 241.7417  34.0003     59.00
 241.7583  34.0003     61.00
 241.7750  34.0003     61.00
 241.7917  34.0003     59.00
 241.8083  34.0003     53.00
 241.8250  34.0003     49.00
 241.8417  34.0003     47.00
 241.8583  34.0003     51.00
 241.8750  34.0003     57.00
 241.8916  34.0003     59.00
 241.9083  34.0003     53.00
 241.9250  34.0003     57.00
 241.9417  34.0003     85.00
 241.9583  34.0003    181.00
 241.9750  34.0003    255.00
 241.9917  34.0003    307.00
 242.0083  34.0003    225.00
 242.0250  34.0003    131.00
 242.0417  34.0003    127.00
 242.0583  34.0003    125.00
 242.0750  34.0003    125.00
 242.0917  34.0003    131.00
 242.1083  34.0003    139.00
 242.1250  34.0003    153.00
 242.1416  34.0003    171.00
 242.1583  34.0003    203.00
 242.1750  34.0003    265.00
 241.5083  33.9865    -15.00
 241.5250  33.9865     -5.00
 241.5417  33.9865      7.00
 241.5583  33.9865     11.00
 241.5750  33.9865     11.00
 241.5917  33.9865     11.00
 241.6083  33.9865     25.00
 241.6250  33.9865     59.00
 241.6416  33.9865     85.00
 241.6583  33.9865     71.00
 241.6750  33.9865     49.00
 241.6917  33.9865     45.00
 241.7083  33.9865     47.00
 241.7250  33.9865     51.00
 241.7417  33.9865     53.00
 241.7583  33.9865     55.00
 241.7750  33.9865     57.00
 241.7917  33.9865     53.00
 241.8083  33.9865     49.00
 241.8250  33.9865     45.00
 241.8417  33.9865     45.00
 241.8583  33.9865     47.00
 241.8750  33.9865     55.00
 241.8916  33.9865     51.00
 241.9083  33.9865     53.00
 241.9250  33.9865     53.00
 241.9417  33.9865     67.00
 241.9583  33.9865    113.00
 241.9750  33.9865    195.00
 241.9917  33.9865    305.00
 242.0083  33.9865    253.00
 242.0250  33.9865    161.00
 242.0417  33.9865    181.00
 242.0583  33.9865    173.00
 242.0750  33.9865    167.00
 242.0917  33.9865    153.00
 242.1083  33.9865    151.00
 242.1250  33.9865    167.00
 242.1416  33.9865    225.00
 242.1583  33.9865    265.00
 242.1750  33.9865    287.00
 241.5083  33.9727    -23.00
 241.5250  33.9727    -11.00
 241.5417  33.9727      7.00
 241.5583  33.9727      5.00
 241.5750  33.9727     13.00
 241.5917  33.9727     33.00
 241.6083  33.9727     33.00
 241.6250  33.9727     35.00
 241.6416  33.9727     49.00
 241.6583  33.9727     59.00
 241.6750  33.9727     57.00
 241.6917  33.9727     49.00
 241.7083  33.9727     47.00
 241.7250  33.9727     47.00
 241.7417  33.9727     49.00
 241.7583  33.9727     51.00
 241.7750  33.9727     51.00
 241.7917  33.9727     49.00
 241.8083  33.9727     47.00
 241.8250  33.9727     43.00
 241.8417  33.9727     41.00
 241.8583  33.9727     45.00
 241.8750  33.9727     49.00
 241.8916  33.9727     49.00
 241.9083  33.9727     51.00
 241.9250  33.9727     51.00
 241.9417  33.9727     55.00
 241.9583  33.9727     85.00
 241.9750  33.9727    139.00
 241.9917  33.9727    201.00
 242.0083  33.9727    235.00
 242.0250  33.9727    231.00
 242.0417  33.9727    279.00
 242.0583  33.9727    311.00
 242.0750  33.9727    245.00
 242.0917  33.9727    177.00
 242.1083  33.9727    187.00
 242.1250  33.9727    225.00
 242.1416  33.9727    269.00
 242.1583  33.9727    249.00
 242.1750  33.9727    293.00
 241.5083  33.9589    -29.00
 241.5250  33.9589    -21.00
 241.5417  33.9589     -3.00
 241.5583  33.9589     27.00
 241.5750  33.9589     43.00
 241.5917  33.9589     43.00
 241.6083  33.9589     41.00
 241.6250  33.9589     35.00
 241.6416  33.9589     39.00
 241.6583  33.9589     51.00
 241.6750  33.9589     69.00
 241.6917  33.9589     61.00
 241.7083  33.9589     47.00
 241.7250  33.9589     43.00
 241.7417  33.9589     43.00
 241.7583  33.9589     43.00
 241.7750  33.9589     41.00
 241.7917  33.9589     41.00
 241.8083  33.9589     41.00
 241.8250  33.9589     37.00
 241.8417  33.9589     37.00
 241.8583  33.9589     41.00
 241.8750  33.9589     43.00
 241.8916  33.9589     45.00
 241.9083  33.9589     45.00
 241.9250  33.9589     47.00
 241.9417  33.9589     49.00
 241.9583  33.9589     53.00
 241.9750  33.9589     77.00
 241.9917  33.9589    109.00
 242.0083  33.9589    151.00
 242.0250  33.9589    199.00
 242.0417  33.9589    209.00
 242.0583  33.9589    237.00
 242.0750  33.9589    249.00
 242.0917  33.9589    301.00
 242.1083  33.9589    329.00
 242.1250  33.9589    295.00
 242.1416  33.9589    239.00
 242.1583  33.9589    263.00
 242.1750  33.9589    285.00
 241.5083  33.9450    -37.00
 241.5250  33.9450    -27.00
 241.5417  33.9450    -15.00
 241.5583  33.9450     21.00
 241.5750  33.9450     31.00
 241.5917  33.9450     39.00
 241.6083  33.9450     35.00
 241.6250  33.9450     33.00
 241.6416  33.9450     31.00
 241.6583  33.9450     33.00
 241.6750  33.9450     57.00
 241.6917  33.9450     69.00
 241.7083  33.9450     51.00
 241.7250  33.9450     41.00
 241.7417  33.9450     39.00
 241.7583  33.9450     37.00
 241.7750  33.9450     37.00
 241.7917  33.9450     35.00
 241.8083  33.9450     37.00
 241.8250  33.9450     35.00
 241.8417  33.9450     37.00
 241.8583  33.9450     39.00
 241.8750  33.9450     41.00
 241.8916  33.9450     41.00
 241.9083  33.9450     43.00
 241.9250  33.9450     45.00
 241.9417  33.9450     49.00
 241.9583  33.9450     45.00
 241.9750  33.9450     55.00
 241.9917  33.9450     73.00
 242.0083  33.9450     95.00
 242.0250  33.9450    125.00
 242.0417  33.9450    143.00
 242.0583  33.9450    155.00
 242.0750  33.9450    163.00
 242.0917  33.9450    199.00
 242.1083  33.9450    235.00
 242.1250  33.9450    215.00
 242.1416  33.9450    273.00
 242.1583  33.9450    253.00
 242.1750  33.9450    373.00
 241.5083  33.9312    -45.00
 241.5250  33.9312    -35.00
 241.5417  33.9312    -21.00
 241.5583  33.9312    -11.00
 241.5750  33.9312     33.00
 241.5917  33.9312     41.00
 241.6083  33.9312     35.00
 241.6250  33.9312     31.00
 241.6416  33.9312     27.00
 241.6583  33.9312     25.00
 241.6750  33.9312     35.00
 241.6917  33.9312     63.00
 241.7083  33.9312     59.00
 241.7250  33.9312     45.00
 241.7417  33.9312     35.00
 241.7583  33.9312     33.00
 241.7750  33.9312     31.00
 241.7917  33.9312     31.00
 241.8083  33.9312     33.00
 241.8250  33.9312     33.00
 241.8417  33.9312     35.00
 241.8583  33.9312     37.00
 241.8750  33.9312     37.00
 241.8916  33.9312     37.00
 241.9083  33.9312     39.00
 241.9250  33.9312     41.00
 241.9417  33.9312     49.00
 241.9583  33.9312     51.00
 241.9750  33.9312     59.00
 241.9917  33.9312     65.00
 242.0083  33.9312     79.00
 242.0250  33.9312     95.00
 242.0417  33.9312     97.00
 242.0583  33.9312    103.00
 242.0750  33.9312    119.00
 242.0917  33.9312    137.00
 242.1083  33.9312    147.00
 242.1250  33.9312    173.00
 242.1416  33.9312    197.00
 242.1583  33.9312    245.00
 242.1750  33.9312    299.00
 241.5083  33.9174    -49.00
 241.5250  33.9174    -41.00
 241.5417  33.9174    -25.00
 241.5583  33.9174    -15.00
 241.5750  33.9174     25.00
 241.5917  33.9174     39.00
 241.6083  33.9174     39.00
 241.6250  33.9174     33.00
 241.6416  33.9174     27.00
 241.6583  33.9174     21.00
 241.6750  33.9174     21.00
 241.6917  33.9174     33.00
 241.7083  33.9174     49.00
 241.7250  33.9174     47.00
 241.7417  33.9174     35.00
 241.7583  33.9174     29.00
 241.7750  33.9174     27.00
 241.7917  33.9174     27.00
 241.8083  33.9174     29.00
 241.8250  33.9174     29.00
 241.8417  33.9174     31.00
 241.8583  33.9174     33.00
 241.8750  33.9174     33.00
 241.8916  33.9174     33.00
 241.9083  33.9174     33.00
 241.9250  33.9174     35.00
 241.9417  33.9174     37.00
 241.9583  33.9174     35.00
 241.9750  33.9174     47.00
 241.9917  33.9174     63.00
 242.0083  33.9174     83.00
 242.0250  33.9174     83.00
 242.0417  33.9174     93.00
 242.0583  33.9174     97.00
 242.0750  33.9174    101.00
 242.0917  33.9174    105.00
 242.1083  33.9174    111.00
 242.1250  33.9174    117.00
 242.1416  33.9174    131.00
 242.1583  33.9174    141.00
 242.1750  33.9174    187.00
 241.5083  33.9036    -53.00
 241.5250  33.9036    -47.00
 241.5417  33.9036    -29.00
 241.5583  33.9036    -17.00
 241.5750  33.9036    -11.00
 241.5917  33.9036     41.00
 241.6083  33.9036     39.00
 241.6250  33.9036     29.00
 241.6416  33.9036     25.00
 241.6583  33.9036     21.00
 241.6750  33.9036     19.00
 241.6917  33.9036     19.00
 241.7083  33.9036     25.00
 241.7250  33.9036     39.00
 241.7417  33.9036     35.00
 241.7583  33.9036     27.00
 241.7750  33.9036     25.00
 241.7917  33.9036     25.00
 241.8083  33.9036     27.00
 241.8250  33.9036     27.00
 241.8417  33.9036     27.00
 241.8583  33.9036     29.00
 241.8750  33.9036     29.00
 241.8916  33.9036     29.00
 241.9083  33.9036     29.00
 241.9250  33.9036     31.00
 241.9417  33.9036     29.00
 241.9583  33.9036     29.00
 241.9750  33.9036     39.00
 241.9917  33.9036     51.00
 242.0083  33.9036     69.00
 242.0250  33.9036    115.00
 242.0417  33.9036    147.00
 242.0583  33.9036    119.00
 242.0750  33.9036     95.00
 242.0917  33.9036    101.00
 242.1083  33.9036    103.00
 242.1250  33.9036    107.00
 242.1416  33.9036    111.00
 242.1583  33.9036    123.00
 242.1750  33.9036    149.00
 241.5083  33.8897    -57.00
 241.5250  33.8897    -51.00
 241.5417  33.8897    -39.00
 241.5583  33.8897    -23.00
 241.5750  33.8897    -11.00
 241.5917  33.8897     39.00
 241.6083  33.8897     41.00
 241.6250  33.8897     29.00
 241.6416  33.8897     23.00
 241.6583  33.8897     19.00
 241.6750  33.8897     19.00
 241.6917  33.8897     19.00
 241.7083  33.8897     19.00
 241.7250  33.8897     25.00
 241.7417  33.8897     31.00
 241.7583  33.8897     31.00
 241.7750  33.8897     25.00
 241.7917  33.8897     23.00
 241.8083  33.8897     25.00
 241.8250  33.8897     25.00
 241.8417  33.8897     25.00
 241.8583  33.8897     27.00
 241.8750  33.8897     27.00
 241.8916  33.8897     27.00
 241.9083  33.8897     27.00
 241.9250  33.8897     27.00
 241.9417  33.8897     27.00
 241.9583  33.8897     25.00
 241.9750  33.8897     29.00
 241.9917  33.8897     39.00
 242.0083  33.8897     47.00
 242.0250  33.8897     83.00
 242.0417  33.8897     89.00
 242.0583  33.8897     83.00
 242.0750  33.8897     87.00
 242.0917  33.8897    105.00
 242.1083  33.8897    103.00
 242.1250  33.8897     93.00
 242.1416  33.8897     99.00
 242.1583  33.8897    105.00
 242.1750  33.8897    111.00
 241.5083  33.8759    -59.00
 241.5250  33.8759    -61.00
 241.5417  33.8759    -51.00
 241.5583  33.8759    -33.00
 241.5750  33.8759    -19.00
 241.5917  33.8759     17.00
 241.6083  33.8759     51.00
 241.6250  33.8759     37.00
 241.6416  33.8759     33.00
 241.6583  33.8759     23.00
 241.6750  33.8759     19.00
 241.6917  33.8759     15.00
 241.7083  33.8759     13.00
 241.7250  33.8759     15.00
 241.7417  33.8759     27.00
 241.7583  33.8759     41.00
 241.7750  33.8759     29.00
 241.7917  33.8759     23.00
 241.8083  33.8759     21.00
 241.8250  33.8759     21.00
 241.8417  33.8759     21.00
 241.8583  33.8759     23.00
 241.8750  33.8759     23.00
 241.8916  33.8759     23.00
 241.9083  33.8759     23.00
 241.9250  33.8759     23.00
 241.9417  33.8759     23.00
 241.9583  33.8759     23.00
 241.9750  33.8759     21.00
 241.9917  33.8759     25.00
 242.0083  33.8759     29.00
 242.0250  33.8759     39.00
 242.0417  33.8759     43.00
 242.0583  33.8759     53.00
 242.0750  33.8759     61.00
 242.0917  33.8759     61.00
 242.1083  33.8759     69.00
 242.1250  33.8759     75.00
 242.1416  33.8759     83.00
 242.1583  33.8759     87.00
 242.1750  33.8759     89.00
 241.5083  33.8620    -83.00
 241.5250  33.8620    -77.00
 241.5417  33.8620    -71.00
 241.5583  33.8620    -57.00
 241.5750  33.8620    -25.00
 241.5917  33.8620    -13.00
 241.6083  33.8620     39.00
 241.6250  33.8620     41.00
 241.6416  33.8620     35.00
 241.6583  33.8620     25.00
 241.6750  33.8620     23.00
 241.6917  33.8620     21.00
 241.7083  33.8620     15.00
 241.7250  33.8620     11.00
 241.7417  33.8620     27.00
 241.7583  33.8620     53.00
 241.7750  33.8620     43.00
 241.7917  33.8620     19.00
 241.8083  33.8620     19.00
 241.8250  33.8620     19.00
 241.8417  33.8620     19.00
 241.8583  33.8620     21.00
 241.8750  33.8620     21.00
 241.8916  33.8620     21.00
 241.9083  33.8620     21.00
 241.9250  33.8620     19.00
 241.9417  33.8620     19.00
 241.9583  33.8620     19.00
 241.9750  33.8620     21.00
 241.9917  33.8620     23.00
 242.0083  33.8620     27.00
 242.0250  33.8620     31.00
 242.0417  33.8620     37.00
 242.0583  33.8620     43.00
 242.0750  33.8620     49.00
 242.0917  33.8620     55.00
 242.1083  33.8620     61.00
 242.1250  33.8620     65.00
 242.1416  33.8620     69.00
 242.1583  33.8620     73.00
 242.1750  33.8620     79.00
 241.5083  33.8482   -119.00
 241.5250  33.8482   -111.00
 241.5417  33.8482    -77.00
 241.5583  33.8482    -77.00
 241.5750  33.8482    -85.00
 241.5917  33.8482    -19.00
 241.6083  33.8482     23.00
 241.6250  33.8482     39.00
 241.6416  33.8482     33.00
 241.6583  33.8482     29.00
 241.6750  33.8482     25.00
 241.6917  33.8482     21.00
 241.7083  33.8482     15.00
 241.7250  33.8482     11.00
 241.7417  33.8482      9.00
 241.7583  33.8482     19.00
 241.7750  33.8482     25.00
 241.7917  33.8482     17.00
 241.8083  33.8482     17.00
 241.8250  33.8482     21.00
 241.8417  33.8482     19.00
 241.8583  33.8482     19.00
 241.8750  33.8482     19.00
 241.8916  33.8482     19.00
 241.9083  33.8482     19.00
 241.9250  33.8482     17.00
 241.9417  33.8482     17.00
 241.9583  33.8482     19.00
 241.9750  33.8482     21.00
 241.9917  33.8482     25.00
 242.0083  33.8482     29.00
 242.0250  33.8482     33.00
 242.0417  33.8482     37.00
 242.0583  33.8482     45.00
 242.0750  33.8482     49.00
 242.0917  33.8482     53.00
 242.1083  33.8482     59.00
 242.1250  33.8482     63.00
 242.1416  33.8482     67.00
 242.1583  33.8482     73.00
 242.1750  33.8482     87.00
 241.5083  33.8344   -135.00
 241.5250  33.8344   -135.00
 241.5417  33.8344    -85.00
 241.5583  33.8344    -91.00
 241.5750  33.8344   -129.00
 241.5917  33.8344    -41.00
 241.6083  33.8344    -15.00
 241.6250  33.8344     43.00
 241.6416  33.8344     33.00
 241.6583  33.8344     33.00
 241.6750  33.8344     31.00
 241.6917  33.8344     21.00
 241.7083  33.8344     15.00
 241.7250  33.8344     13.00
 241.7417  33.8344      9.00
 241.7583  33.8344     11.00
 241.7750  33.8344     13.00
 241.7917  33.8344     15.00
 241.8083  33.8344     33.00
 241.8250  33.8344     29.00
 241.8417  33.8344     23.00
 241.8583  33.8344     19.00
 241.8750  33.8344     17.00
 241.8916  33.8344     17.00
 241.9083  33.8344     15.00
 241.9250  33.8344     13.00
 241.9417  33.8344     15.00
 241.9583  33.8344     17.00
 241.9750  33.8344     19.00
 241.9917  33.8344     25.00
 242.0083  33.8344     29.00
 242.0250  33.8344     33.00
 242.0417  33.8344     37.00
 242.0583  33.8344     41.00
 242.0750  33.8344     47.00
 242.0917  33.8344     51.00
 242.1083  33.8344     55.00
 242.1250  33.8344     61.00
 242.1416  33.8344     63.00
 242.1583  33.8344     79.00
 242.1750  33.8344    143.00
 241.5083  33.8205   -153.00
 241.5250  33.8205   -171.00
 241.5417  33.8205   -205.00
 241.5583  33.8205   -175.00
 241.5750  33.8205    -83.00
 241.5917  33.8205    -23.00
 241.6083  33.8205    -17.00
 241.6250  33.8205     37.00
 241.6416  33.8205     29.00
 241.6583  33.8205     31.00
 241.6750  33.8205     29.00
 241.6917  33.8205     23.00
 241.7083  33.8205     17.00
 241.7250  33.8205     15.00
 241.7417  33.8205     13.00
 241.7583  33.8205     11.00
 241.7750  33.8205     11.00
 241.7917  33.8205     13.00
 241.8083  33.8205     27.00
 241.8250  33.8205     27.00
 241.8417  33.8205     19.00
 241.8583  33.8205     15.00
 241.8750  33.8205     13.00
 241.8916  33.8205     13.00
 241.9083  33.8205     13.00
 241.9250  33.8205     13.00
 241.9417  33.8205     13.00
 241.9583  33.8205     15.00
 241.9750  33.8205     19.00
 241.9917  33.8205     23.00
 242.0083  33.8205     27.00
 242.0250  33.8205     31.00
 242.0417  33.8205     35.00
 242.0583  33.8205     39.00
 242.0750  33.8205     43.00
 242.0917  33.8205     47.00
 242.1083  33.8205     53.00
 242.1250  33.8205     55.00
 242.1416  33.8205     59.00
 242.1583  33.8205     71.00
 242.1750  33.8205     93.00
 241.5083  33.8067   -281.00
 241.5250  33.8067   -179.00
 241.5417  33.8067    -95.00
 241.5583  33.8067    -67.00
 241.5750  33.8067    -51.00
 241.5917  33.8067    -17.00
 241.6083  33.8067     51.00
 241.6250  33.8067     87.00
 241.6416  33.8067     47.00
 241.6583  33.8067     31.00
 241.6750  33.8067     29.00
 241.6917  33.8067     25.00
 241.7083  33.8067     17.00
 241.7250  33.8067     15.00
 241.7417  33.8067     15.00
 241.7583  33.8067     13.00
 241.7750  33.8067      9.00
 241.7917  33.8067     11.00
 241.8083  33.8067     13.00
 241.8250  33.8067     33.00
 241.8417  33.8067     29.00
 241.8583  33.8067     13.00
 241.8750  33.8067     11.00
 241.8916  33.8067     11.00
 241.9083  33.8067     13.00
 241.9250  33.8067     11.00
 241.9417  33.8067     11.00
 241.9583  33.8067     13.00
 241.9750  33.8067     17.00
 241.9917  33.8067     21.00
 242.0083  33.8067     25.00
 242.0250  33.8067     29.00
 242.0417  33.8067     33.00
 242.0583  33.8067     37.00
 242.0750  33.8067     43.00
 242.0917  33.8067     45.00
 242.1083  33.8067     49.00
 242.1250  33.8067     53.00
 242.1416  33.8067     57.00
 242.1583  33.8067     73.00
 242.1750  33.8067     91.00
 241.5083  33.7928   -103.00
 241.5250  33.7928    -77.00
 241.5417  33.7928    -73.00
 241.5583  33.7928    -59.00
 241.5750  33.7928    -21.00
 241.5917  33.7928    129.00
 241.6083  33.7928    227.00
 241.6250  33.7928    205.00
 241.6416  33.7928    143.00
 241.6583  33.7928     81.00
 241.6750  33.7928     45.00
 241.6917  33.7928     29.00
 241.7083  33.7928     15.00
 241.7250  33.7928     15.00
 241.7417  33.7928     15.00
 241.7583  33.7928     13.00
 241.7750  33.7928      7.00
 241.7917  33.7928      7.00
 241.8083  33.7928     11.00
 241.8250  33.7928     15.00
 241.8417  33.7928     35.00
 241.8583  33.7928     17.00
 241.8750  33.7928     11.00
 241.8916  33.7928      9.00
 241.9083  33.7928      9.00
 241.9250  33.7928      9.00
 241.9417  33.7928      9.00
 241.9583  33.7928     11.00
 241.9750  33.7928     15.00
 241.9917  33.7928     19.00
 242.0083  33.7928     23.00
 242.0250  33.7928     27.00
 242.0417  33.7928     31.00
 242.0583  33.7928     35.00
 242.0750  33.7928     39.00
 242.0917  33.7928     41.00
 242.1083  33.7928     45.00
 242.1250  33.7928     47.00
 242.1416  33.7928     57.00
 242.1583  33.7928     69.00
 242.1750  33.7928     83.00
 241.5083  33.7790   -281.00
 241.5250  33.7790   -115.00
 241.5417  33.7790    -71.00
 241.5583  33.7790    -49.00
 241.5750  33.7790     29.00
 241.5917  33.7790    159.00
 241.6083  33.7790    319.00
 241.6250  33.7790    303.00
 241.6416  33.7790    191.00
 241.6583  33.7790    129.00
 241.6750  33.7790    101.00
 241.6917  33.7790     71.00
 241.7083  33.7790     15.00
 241.7250  33.7790     13.00
 241.7417  33.7790      9.00
 241.7583  33.7790      7.00
 241.7750  33.7790      7.00
 241.7917  33.7790      7.00
 241.8083  33.7790     17.00
 241.8250  33.7790     15.00
 241.8417  33.7790     17.00
 241.8583  33.7790     15.00
 241.8750  33.7790     21.00
 241.8916  33.7790     15.00
 241.9083  33.7790      7.00
 241.9250  33.7790      9.00
 241.9417  33.7790      9.00
 241.9583  33.7790     11.00
 241.9750  33.7790     13.00
 241.9917  33.7790     17.00
 242.0083  33.7790     21.00
 242.0250  33.7790     25.00
 242.0417  33.7790     27.00
 242.0583  33.7790     31.00
 242.0750  33.7790     33.00
 242.0917  33.7790     37.00
 242.1083  33.7790     41.00
 242.1250  33.7790     47.00
 242.1416  33.7790     57.00
 242.1583  33.7790     67.00
 242.1750  33.7790     73.00
 241.5083  33.7651   -567.00
 241.5250  33.7651   -341.00
 241.5417  33.7651    -97.00
 241.5583  33.7651    -51.00
 241.5750  33.7651    -19.00
 241.5917  33.7651    145.00
 241.6083  33.7651    307.00
 241.6250  33.7651    351.00
 241.6416  33.7651    295.00
 241.6583  33.7651    241.00
 241.6750  33.7651    153.00
 241.6917  33.7651     61.00
 241.7083  33.7651     29.00
 241.7250  33.7651      7.00
 241.7417  33.7651      5.00
 241.7583  33.7651      5.00
 241.7750  33.7651      5.00
 241.7917  33.7651      9.00
 241.8083  33.7651     13.00
 241.8250  33.7651     13.00
 241.8417  33.7651     17.00
 241.8583  33.7651     17.00
 241.8750  33.7651      9.00
 241.8916  33.7651      7.00
 241.9083  33.7651      7.00
 241.9250  33.7651      7.00
 241.9417  33.7651      7.00
 241.9583  33.7651      9.00
 241.9750  33.7651     13.00
 241.9917  33.7651     15.00
 242.0083  33.7651     19.00
 242.0250  33.7651     21.00
 242.0417  33.7651     25.00
 242.0583  33.7651     27.00
 242.0750  33.7651     31.00
 242.0917  33.7651     33.00
 242.1083  33.7651     37.00
 242.1250  33.7651     45.00
 242.1416  33.7651     53.00
 242.1583  33.7651     61.00
 242.1750  33.7651     61.00
 241.5083  33.7512   -665.00
 241.5250  33.7512   -625.00
 241.5417  33.7512   -375.00
 241.5583  33.7512    -73.00
 241.5750  33.7512    -25.00
 241.5917  33.7512     87.00
 241.6083  33.7512    185.00
 241.6250  33.7512    179.00
 241.6416  33.7512    247.00
 241.6583  33.7512    373.00
 241.6750  33.7512    241.00
 241.6917  33.7512     99.00
 241.7083  33.7512     31.00
 241.7250  33.7512      7.00
 241.7417  33.7512      7.00
 241.7583  33.7512      5.00
 241.7750  33.7512      3.00
 241.7917  33.7512      7.00
 241.8083  33.7512      5.00
 241.8250  33.7512    -11.00
 241.8417  33.7512     -7.00
 241.8583  33.7512      3.00
 241.8750  33.7512      5.00
 241.8916  33.7512      5.00
 241.9083  33.7512      9.00
 241.9250  33.7512      5.00
 241.9417  33.7512      5.00
 241.9583  33.7512      9.00
 241.9750  33.7512     11.00
 241.9917  33.7512     13.00
 242.0083  33.7512     15.00
 242.0250  33.7512     17.00
 242.0417  33.7512     19.00
 242.0583  33.7512     23.00
 242.0750  33.7512     25.00
 242.0917  33.7512     29.00
 242.1083  33.7512     31.00
 242.1250  33.7512     39.00
 242.1416  33.7512     45.00
 242.1583  33.7512     49.00
 242.1750  33.7512     49.00
 241.5083  33.7374   -713.00
 241.5250  33.7374   -711.00
 241.5417  33.7374   -679.00
 241.5583  33.7374   -379.00
 241.5750  33.7374    -77.00
 241.5917  33.7374    -25.00
 241.6083  33.7374     13.00
 241.6250  33.7374     13.00
 241.6416  33.7374     59.00
 241.6583  33.7374    225.00
 241.6750  33.7374    235.00
 241.6917  33.7374     97.00
 241.7083  33.7374     39.00
 241.7250  33.7374      9.00
 241.7417  33.7374      7.00
 241.7583  33.7374     -9.00
 241.7750  33.7374    -13.00
 241.7917  33.7374    -21.00
 241.8083  33.7374      5.00
 241.8250  33.7374    -15.00
 241.8417  33.7374    -13.00
 241.8583  33.7374    -13.00
 241.8750  33.7374     -7.00
 241.8916  33.7374     -5.00
 241.9083  33.7374      5.00
 241.9250  33.7374      3.00
 241.9417  33.7374      3.00
 241.9583  33.7374      7.00
 241.9750  33.7374      9.00
 241.9917  33.7374     11.00
 242.0083  33.7374     13.00
 242.0250  33.7374     15.00
 242.0417  33.7374     15.00
 242.0583  33.7374     19.00
 242.0750  33.7374     21.00
 242.0917  33.7374     25.00
 242.1083  33.7374     27.00
 242.1250  33.7374     31.00
 242.1416  33.7374     35.00
 242.1583  33.7374     39.00
 242.1750  33.7374     39.00
 241.5083  33.7235   -755.00
 241.5250  33.7235   -763.00
 241.5417  33.7235   -771.00
 241.5583  33.7235   -749.00
 241.5750  33.7235   -539.00
 241.5917  33.7235   -169.00
 241.6083  33.7235    -75.00
 241.6250  33.7235    -49.00
 241.6416  33.7235    -23.00
 241.6583  33.7235    101.00
 241.6750  33.7235    111.00
 241.6917  33.7235    105.00
 241.7083  33.7235     43.00
 241.7250  33.7235      7.00
 241.7417  33.7235      7.00
 241.7583  33.7235      3.00
 241.7750  33.7235    -13.00
 241.7917  33.7235    -19.00
 241.8083  33.7235    -19.00
 241.8250  33.7235    -19.00
 241.8417  33.7235    -17.00
 241.8583  33.7235    -17.00
 241.8750  33.7235    -13.00
 241.8916  33.7235    -10.00
 241.9083  33.7235     -7.00
 241.9250  33.7235      3.00
 241.9417  33.7235      5.00
 241.9583  33.7235      7.00
 241.9750  33.7235      7.00
 241.9917  33.7235      9.00
 242.0083  33.7235     11.00
 242.0250  33.7235     13.00
 242.0417  33.7235     15.00
 242.0583  33.7235     17.00
 242.0750  33.7235     19.00
 242.0917  33.7235     21.00
 242.1083  33.7235     21.00
 242.1250  33.7235     23.00
 242.1416  33.7235     27.00
 242.1583  33.7235     31.00
 242.1750  33.7235     31.00
 241.5083  33.7097   -771.00
 241.5250  33.7097   -797.00
 241.5417  33.7097   -805.00
 241.5583  33.7097   -801.00
 241.5750  33.7097   -763.00
 241.5917  33.7097   -593.00
 241.6083  33.7097   -383.00
 241.6250  33.7097   -187.00
 241.6416  33.7097    -71.00
 241.6583  33.7097    -39.00
 241.6750  33.7097    -25.00
 241.6917  33.7097     25.00
 241.7083  33.7097     27.00
 241.7250  33.7097     -7.00
 241.7417  33.7097    -13.00
 241.7583  33.7097    -17.00
 241.7750  33.7097    -19.00
 241.7917  33.7097    -19.00
 241.8083  33.7097    -21.00
 241.8250  33.7097    -21.00
 241.8417  33.7097    -21.00
 241.8583  33.7097    -21.00
 241.8750  33.7097    -19.00
 241.8916  33.7097    -12.00
 241.9083  33.7097    -11.00
 241.9250  33.7097     -9.00
 241.9417  33.7097      7.00
 241.9583  33.7097      9.00
 241.9750  33.7097      5.00
 241.9917  33.7097      7.00
 242.0083  33.7097     15.00
 242.0250  33.7097     13.00
 242.0417  33.7097     13.00
 242.0583  33.7097     15.00
 242.0750  33.7097     17.00
 242.0917  33.7097     17.00
 242.1083  33.7097     15.00
 242.1250  33.7097     15.00
 242.1416  33.7097     19.00
 242.1583  33.7097     21.00
 242.1750  33.7097     19.00
 241.5083  33.6958   -801.00
 241.5250  33.6958   -805.00
 241.5417  33.6958   -817.00
 241.5583  33.6958   -821.00
 241.5750  33.6958   -817.00
 241.5917  33.6958   -753.00
 241.6083  33.6958   -557.00
 241.6250  33.6958   -495.00
 241.6416  33.6958   -439.00
 241.6583  33.6958   -115.00
 241.6750  33.6958    -53.00
 241.6917  33.6958    -37.00
 241.7083  33.6958    -29.00
 241.7250  33.6958    -23.00
 241.7417  33.6958    -25.00
 241.7583  33.6958    -21.00
 241.7750  33.6958    -21.00
 241.7917  33.6958    -25.00
 241.8083  33.6958    -23.00
 241.8250  33.6958    -23.00
 241.8417  33.6958    -23.00
 241.8583  33.6958    -23.00
 241.8750  33.6958    -23.00
 241.8916  33.6958    -19.00
 241.9083  33.6958    -17.00
 241.9250  33.6958    -15.00
 241.9417  33.6958     -9.00
 241.9583  33.6958      1.00
 241.9750  33.6958      3.00
 241.9917  33.6958     15.00
 242.0083  33.6958     21.00
 242.0250  33.6958     11.00
 242.0417  33.6958     11.00
 242.0583  33.6958     13.00
 242.0750  33.6958     15.00
 242.0917  33.6958     15.00
 242.1083  33.6958     15.00
 242.1250  33.6958     13.00
 242.1416  33.6958     17.00
 242.1583  33.6958     17.00
 242.1750  33.6958     17.00