#    s        x        y     Ue/Vinf    Dstar     Theta      Cf       H       H*        P         m          K          tau         Di
   0.00000  1.00000  0.00105  0.90660  0.006403  0.003694  0.000921    1.7332    1.6366  0.00304  0.00581  0.00451
   0.00793  0.99223  0.00262  0.92054  0.005874  0.003487  0.001046    1.6848    1.6504  0.00295  0.00541  0.00449
   0.01918  0.98119  0.00481  0.93959  0.005260  0.003228  0.001219    1.6296    1.6674  0.00285  0.00494  0.00446
   0.03241  0.96821  0.00736  0.95967  0.004719  0.002982  0.001401    1.5826    1.6830  0.00275  0.00453  0.00444
   0.04686  0.95402  0.01009  0.97907  0.004274  0.002765  0.001578    1.5456    1.6961  0.00265  0.00418  0.00440
   0.06190  0.93925  0.01288  0.99692  0.003918  0.002582  0.001741    1.5173    1.7066  0.00257  0.00391  0.00437
   0.07717  0.92423  0.01566  1.01309  0.003630  0.002427  0.001888    1.4957    1.7149  0.00249  0.00368  0.00433
   0.09254  0.90911  0.01840  1.02777  0.003393  0.002294  0.002022    1.4789    1.7216  0.00242  0.00349  0.00429
   0.10794  0.89394  0.02109  1.04119  0.003193  0.002178  0.002144    1.4655    1.7270  0.00236  0.00332  0.00425
   0.12335  0.87875  0.02373  1.05360  0.003020  0.002076  0.002257    1.4548    1.7315  0.00230  0.00318  0.00420
   0.13878  0.86355  0.02632  1.06517  0.002868  0.001984  0.002362    1.4460    1.7352  0.00225  0.00306  0.00416
   0.15421  0.84833  0.02886  1.07604  0.002733  0.001899  0.002461    1.4387    1.7384  0.00220  0.00294  0.00411
   0.16963  0.83310  0.03134  1.08634  0.002610  0.001822  0.002555    1.4325    1.7411  0.00215  0.00284  0.00407
   0.18506  0.81787  0.03377  1.09616  0.002498  0.001750  0.002645    1.4273    1.7434  0.00210  0.00274  0.00402
   0.20050  0.80262  0.03615  1.10558  0.002394  0.001683  0.002731    1.4229    1.7454  0.00206  0.00265  0.00397
   0.21593  0.78736  0.03847  1.11465  0.002298  0.001619  0.002815    1.4191    1.7471  0.00201  0.00256  0.00392
   0.23136  0.77210  0.04075  1.12344  0.002207  0.001559  0.002897    1.4158    1.7486  0.00197  0.00248  0.00387
   0.24679  0.75683  0.04296  1.13198  0.002122  0.001502  0.002977    1.4130    1.7499  0.00192  0.00240  0.00381
   0.26221  0.74156  0.04513  1.14032  0.002041  0.001447  0.003056    1.4106    1.7510  0.00188  0.00233  0.00376
   0.27764  0.72628  0.04724  1.14848  0.001963  0.001394  0.003134    1.4085    1.7520  0.00184  0.00225  0.00370
   0.29306  0.71099  0.04929  1.15650  0.001889  0.001343  0.003212    1.4068    1.7529  0.00180  0.00218  0.00364
   0.30849  0.69570  0.05129  1.16441  0.001818  0.001294  0.003289    1.4052    1.7537  0.00175  0.00212  0.00358
   0.32390  0.68040  0.05324  1.17221  0.001749  0.001246  0.003366    1.4039    1.7544  0.00171  0.00205  0.00352
   0.33932  0.66511  0.05513  1.17994  0.001683  0.001200  0.003443    1.4029    1.7550  0.00167  0.00199  0.00346
   0.35473  0.64981  0.05696  1.18762  0.001619  0.001155  0.003521    1.4020    1.7555  0.00163  0.00192  0.00340
   0.37013  0.63451  0.05873  1.19526  0.001556  0.001111  0.003600    1.4012    1.7559  0.00159  0.00186  0.00333
   0.38553  0.61920  0.06045  1.20288  0.001495  0.001068  0.003679    1.4007    1.7563  0.00154  0.00180  0.00326
   0.40092  0.60390  0.06211  1.21050  0.001436  0.001025  0.003760    1.4003    1.7566  0.00150  0.00174  0.00320
   0.41630  0.58860  0.06370  1.21813  0.001378  0.000984  0.003843    1.4000    1.7569  0.00146  0.00168  0.00313
   0.43168  0.57330  0.06523  1.22578  0.001321  0.000944  0.003927    1.3999    1.7571  0.00142  0.00162  0.00305
   0.44705  0.55800  0.06670  1.23347  0.001265  0.000904  0.004014    1.3999    1.7572  0.00138  0.00156  0.00298
   0.46241  0.54271  0.06810  1.24122  0.001211  0.000865  0.004102    1.4001    1.7573  0.00133  0.00150  0.00291
   0.47776  0.52742  0.06944  1.24905  0.001157  0.000826  0.004194    1.4003    1.7574  0.00129  0.00144  0.00283
   0.49310  0.51213  0.07071  1.25696  0.001104  0.000788  0.004288    1.4008    1.7574  0.00125  0.00139  0.00275
   0.50842  0.49685  0.07191  1.26498  0.001052  0.000750  0.004386    1.4014    1.7574  0.00120  0.00133  0.00267
   0.52374  0.48158  0.07304  1.27312  0.001000  0.000713  0.004488    1.4021    1.7573  0.00116  0.00127  0.00259
   0.53904  0.46631  0.07409  1.28142  0.000950  0.000677  0.004594    1.4030    1.7571  0.00111  0.00122  0.00250
   0.55433  0.45106  0.07506  1.28989  0.000899  0.000641  0.004705    1.4041    1.7569  0.00107  0.00116  0.00242
   0.56960  0.43581  0.07596  1.29856  0.000850  0.000605  0.004822    1.4055    1.7566  0.00102  0.00110  0.00233
   0.58485  0.42058  0.07678  1.30748  0.000801  0.000569  0.004945    1.4070    1.7563  0.00097  0.00105  0.00223
   0.60009  0.40536  0.07751  1.31669  0.000752  0.000534  0.005076    1.4089    1.7559  0.00093  0.00099  0.00214
   0.61531  0.39015  0.07815  1.32625  0.000703  0.000498  0.005215    1.4110    1.7554  0.00088  0.00093  0.00204
   0.63050  0.37497  0.07871  1.33623  0.000655  0.000464  0.005366    1.4134    1.7548  0.00083  0.00088  0.00194
   0.64567  0.35980  0.07917  1.34677  0.000607  0.000429  0.005530    1.4162    1.7542  0.00078  0.00082  0.00184
   0.66082  0.34467  0.07954  1.35801  0.000559  0.000394  0.005713    1.4192    1.7536  0.00073  0.00076  0.00173
   0.67591  0.32957  0.07980  1.37032  0.000510  0.000358  0.005928    1.4219    1.7533  0.00067  0.00070  0.00162
   0.69093  0.31456  0.07996  1.38376  0.000460  0.000323  0.006185    1.4240    1.7533  0.00062  0.00064  0.00150
   0.70577  0.29971  0.08002  1.40266  0.000404  0.000285  0.006629    1.4182    1.7570  0.00056  0.00057  0.00138
   0.72032  0.28517  0.07990  1.42040  0.000350  0.000248  0.007138    1.4108    1.7616  0.00050  0.00050  0.00125
   0.73471  0.27078  0.07956  1.43245  0.000304  0.000215  0.007528    1.4123    1.7627  0.00044  0.00044  0.00112
   0.74902  0.25648  0.07901  1.44222  0.000267  0.000185  0.007530    1.4462    1.7511  0.00038  0.00039  0.00097
   0.76328  0.24224  0.07822  1.45100  0.000255  0.000158  0.006043    1.6112    1.6957  0.00033  0.00037  0.00082
   0.77749  0.22807  0.07721  1.46603  0.000303  0.000139  0.002433    2.1838    1.5740  0.00030  0.00044  0.00069
   0.79166  0.21396  0.07596  1.48027  0.000352  0.000128  0.000772    2.7492    1.5621  0.00028  0.00052  0.00065
   0.80578  0.19992  0.07447  1.48505  0.000340  0.000124  0.000800    2.7506    1.5620  0.00027  0.00050  0.00063
   0.81984  0.18596  0.07274  1.49090  0.000324  0.000119  0.000866    2.7292    1.5636  0.00026  0.00048  0.00061
   0.83385  0.17209  0.07076  1.49667  0.000308  0.000114  0.000942    2.7060    1.5655  0.00025  0.00046  0.00060
   0.84778  0.15834  0.06853  1.50210  0.000292  0.000109  0.001021    2.6861    1.5671  0.00025  0.00044  0.00058
   0.86163  0.14471  0.06604  1.50717  0.000277  0.000104  0.001100    2.6701    1.5684  0.00024  0.00042  0.00056
   0.87538  0.13124  0.06330  1.51192  0.000263  0.000099  0.001181    2.6579    1.5695  0.00023  0.00040  0.00054
   0.88900  0.11796  0.06028  1.51644  0.000249  0.000094  0.001264    2.6495    1.5702  0.00022  0.00038  0.00051
   0.90246  0.10490  0.05701  1.52087  0.000235  0.000089  0.001350    2.6446    1.5706  0.00021  0.00036  0.00049
   0.91569  0.09215  0.05347  1.52539  0.000221  0.000084  0.001441    2.6431    1.5708  0.00019  0.00034  0.00047
   0.92860  0.07980  0.04970  1.53022  0.000207  0.000078  0.001539    2.6447    1.5706  0.00018  0.00032  0.00044
   0.94105  0.06801  0.04572  1.53563  0.000193  0.000073  0.001649    2.6490    1.5702  0.00017  0.00030  0.00041
   0.95282  0.05698  0.04161  1.54188  0.000179  0.000067  0.001776    2.6551    1.5697  0.00016  0.00028  0.00039
   0.96364  0.04697  0.03750  1.54918  0.000164  0.000062  0.001926    2.6617    1.5691  0.00015  0.00025  0.00036
   0.97328  0.03820  0.03351  1.55753  0.000150  0.000056  0.002110    2.6666    1.5687  0.00014  0.00023  0.00033
   0.98159  0.03077  0.02978  1.56672  0.000136  0.000051  0.002337    2.6676    1.5686  0.00013  0.00021  0.00031
   0.98863  0.02462  0.02636  1.57633  0.000123  0.000046  0.002620    2.6630    1.5690  0.00011  0.00019  0.00028
   0.99453  0.01959  0.02327  1.58585  0.000110  0.000042  0.002974    2.6520    1.5700  0.00010  0.00017  0.00026
   0.99952  0.01547  0.02046  1.59471  0.000099  0.000037  0.003416    2.6344    1.5715  0.00010  0.00016  0.00024
   1.00377  0.01208  0.01790  1.60219  0.000088  0.000034  0.003967    2.6106    1.5737  0.00009  0.00014  0.00022
   1.00744  0.00928  0.01553  1.60736  0.000078  0.000030  0.004654    2.5808    1.5765  0.00008  0.00012  0.00020
   1.01065  0.00696  0.01331  1.60880  0.000068  0.000027  0.005508    2.5458    1.5800  0.00007  0.00011  0.00018
   1.01349  0.00504  0.01122  1.60442  0.000060  0.000024  0.006558    2.5065    1.5842  0.00006  0.00010  0.00016
   1.01604  0.00347  0.00921  1.59107  0.000052  0.000021  0.007823    2.4638    1.5889  0.00005  0.00008  0.00013
   1.01835  0.00221  0.00727  1.56415  0.000045  0.000019  0.009294    2.4189    1.5943  0.00005  0.00007  0.00011
   1.02047  0.00124  0.00539  1.51735  0.000039  0.000016  0.010863    2.3742    1.6000  0.00004  0.00006  0.00009
   1.02242  0.00055  0.00356  1.44311  0.000034  0.000015  0.012350    2.3291    1.6061  0.00003  0.00005  0.00007
   1.02425  0.00014  0.00178  1.33458  0.000030  0.000013  0.013245    2.2929    1.6113  0.00002  0.00004  0.00005
   1.02595  0.00000  0.00008  1.19207  0.000028  0.000012  0.013308    2.2603    1.6162  0.00002  0.00003  0.00003
   1.02764  0.00012 -0.00160  1.01657  0.000026  0.000012  0.012019    2.2565    1.6168  0.00001  0.00003  0.00002
   1.02941  0.00054 -0.00332  0.79850  0.000025  0.000011  0.010267    2.2100    1.6242  0.00001  0.00002  0.00001
   1.03126  0.00130 -0.00501  0.55848  0.000027  0.000012  0.006697    2.2364    1.6200  0.00000  0.00001  0.00000
   1.03324  0.00241 -0.00665  0.32327  0.000028  0.000013  0.003847    2.2014    1.6257  0.00000  0.00001  0.00000
   1.03535  0.00385 -0.00820  0.11560  0.000033  0.000015  0.001109    2.2295    1.6211  0.00000  0.00000  0.00000
   1.03765  0.00562 -0.00966 -0.05848  0.000033  0.000015  0.000561    2.2295    1.6211  0.00000 -0.00000 -0.00000
   1.04017  0.00773 -0.01103 -0.20071  0.000042  0.000018  0.001493    2.2649    1.6155  0.00000 -0.00001 -0.00000
   1.04296  0.01020 -0.01233 -0.31586  0.000046  0.000020  0.002196    2.2368    1.6199  0.00000 -0.00001 -0.00000
   1.04611  0.01309 -0.01357 -0.41060  0.000053  0.000023  0.002314    2.2965    1.6108  0.00000 -0.00002 -0.00000
   1.04970  0.01648 -0.01477 -0.48858  0.000060  0.000026  0.002497    2.2787    1.6134  0.00001 -0.00003 -0.00000
   1.05386  0.02048 -0.01593 -0.55427  0.000069  0.000030  0.002368    2.3177    1.6077  0.00001 -0.00004 -0.00001
   1.05877  0.02526 -0.01705 -0.60961  0.000078  0.000034  0.002295    2.3207    1.6073  0.00001 -0.00005 -0.00001
   1.06465  0.03103 -0.01815 -0.65696  0.000090  0.000038  0.002108    2.3454    1.6038  0.00002 -0.00006 -0.00002
   1.07176  0.03807 -0.01919 -0.69713  0.000102  0.000043  0.001931    2.3599    1.6019  0.00002 -0.00007 -0.00002
   1.08035  0.04660 -0.02015 -0.73082  0.000117  0.000049  0.001733    2.3800    1.5992  0.00003 -0.00009 -0.00003
   1.09056  0.05678 -0.02097 -0.75827  0.000134  0.000056  0.001545    2.3983    1.5969  0.00003 -0.00010 -0.00004
   1.10230  0.06850 -0.02162 -0.77987  0.000152  0.000063  0.001373    2.4167    1.5946  0.00004 -0.00012 -0.00005
   1.11528  0.08148 -0.02207 -0.79632  0.000171  0.000070  0.001224    2.4336    1.5925  0.00004 -0.00014 -0.00006
   1.12916  0.09535 -0.02231 -0.80864  0.000190  0.000078  0.001100    2.4489    1.5907  0.00005 -0.00015 -0.00007
   1.14364  0.10983 -0.02239 -0.81785  0.000210  0.000085  0.000997    2.4622    1.5891  0.00006 -0.00017 -0.00007
   1.15852  0.12471 -0.02234 -0.82484  0.000228  0.000092  0.000912    2.4735    1.5878  0.00006 -0.00019 -0.00008
   1.17368  0.13988 -0.02218 -0.83026  0.000246  0.000099  0.000843    2.4826    1.5868  0.00007 -0.00020 -0.00009
   1.18905  0.15524 -0.02196 -0.83460  0.000263  0.000106  0.000786    2.4895    1.5860  0.00007 -0.00022 -0.00010
   1.20458  0.17076 -0.02169 -0.83823  0.000280  0.000112  0.000740    2.4941    1.5855  0.00008 -0.00023 -0.00010
   1.22020  0.18639 -0.02140 -0.84143  0.000295  0.000118  0.000703    2.4961    1.5853  0.00008 -0.00025 -0.00011
   1.23585  0.20204 -0.02111 -0.84442  0.000309  0.000124  0.000674    2.4952    1.5854  0.00009 -0.00026 -0.00012
   1.25147  0.21765 -0.02083 -0.84736  0.000322  0.000129  0.000653    2.4913    1.5858  0.00009 -0.00027 -0.00012
   1.26704  0.23322 -0.02058 -0.85044  0.000333  0.000134  0.000638    2.4839    1.5867  0.00010 -0.00028 -0.00013
   1.28255  0.24873 -0.02036 -0.85383  0.000342  0.000138  0.000631    2.4724    1.5880  0.00010 -0.00029 -0.00014
   1.29802  0.26419 -0.02019 -0.85776  0.000349  0.000142  0.000632    2.4556    1.5899  0.00010 -0.00030 -0.00014
   1.31344  0.27962 -0.02007 -0.86251  0.000353  0.000145  0.000643    2.4324    1.5927  0.00011 -0.00030 -0.00015
   1.32884  0.29502 -0.02002 -0.86924  0.000351  0.000147  0.000680    2.3901    1.5979  0.00011 -0.00031 -0.00015
   1.34424  0.31041 -0.02000 -0.87887  0.000343  0.000147  0.000746    2.3313    1.6058  0.00011 -0.00030 -0.00016
   1.35966  0.32583 -0.01993 -0.88490  0.000352  0.000150  0.000718    2.3499    1.6032  0.00012 -0.00031 -0.00017
   1.37511  0.34129 -0.01981 -0.88965  0.000364  0.000153  0.000683    2.3739    1.6000  0.00012 -0.00032 -0.00017
   1.39060  0.35677 -0.01965 -0.89342  0.000376  0.000157  0.000648    2.3974    1.5970  0.00013 -0.00034 -0.00018
   1.40611  0.37228 -0.01944 -0.89655  0.000388  0.000161  0.000618    2.4173    1.5945  0.00013 -0.00035 -0.00018
   1.42164  0.38781 -0.01919 -0.89918  0.000400  0.000164  0.000592    2.4337    1.5925  0.00013 -0.00036 -0.00019
   1.43720  0.40337 -0.01891 -0.90144  0.000411  0.000168  0.000569    2.4473    1.5909  0.00014 -0.00037 -0.00020
   1.45277  0.41894 -0.01859 -0.90338  0.000422  0.000172  0.000549    2.4587    1.5895  0.00014 -0.00038 -0.00020
   1.46837  0.43453 -0.01825 -0.90508  0.000433  0.000175  0.000531    2.4683    1.5884  0.00014 -0.00039 -0.00021
   1.48398  0.45014 -0.01788 -0.90657  0.000443  0.000179  0.000514    2.4766    1.5875  0.00015 -0.00040 -0.00021
   1.49961  0.46576 -0.01749 -0.90788  0.000454  0.000183  0.000500    2.4837    1.5867  0.00015 -0.00041 -0.00022
   1.51525  0.48140 -0.01708 -0.90905  0.000464  0.000186  0.000486    2.4899    1.5860  0.00015 -0.00042 -0.00022
   1.53091  0.49705 -0.01665 -0.91009  0.000474  0.000190  0.000474    2.4954    1.5854  0.00016 -0.00043 -0.00023
   1.54658  0.51271 -0.01620 -0.91103  0.000484  0.000193  0.000462    2.5001    1.5849  0.00016 -0.00044 -0.00023
   1.56226  0.52839 -0.01575 -0.91188  0.000493  0.000197  0.000452    2.5043    1.5844  0.00016 -0.00045 -0.00024
   1.57796  0.54408 -0.01528 -0.91266  0.000502  0.000200  0.000442    2.5079    1.5840  0.00017 -0.00046 -0.00024
   1.59366  0.55977 -0.01480 -0.91337  0.000512  0.000204  0.000433    2.5111    1.5837  0.00017 -0.00047 -0.00025
   1.60937  0.57548 -0.01431 -0.91404  0.000521  0.000207  0.000424    2.5138    1.5834  0.00017 -0.00048 -0.00025
   1.62509  0.59119 -0.01382 -0.91466  0.000529  0.000210  0.000417    2.5161    1.5831  0.00018 -0.00048 -0.00025
   1.64082  0.60691 -0.01332 -0.91525  0.000538  0.000214  0.000409    2.5180    1.5829  0.00018 -0.00049 -0.00026
   1.65656  0.62264 -0.01282 -0.91581  0.000547  0.000217  0.000403    2.5195    1.5828  0.00018 -0.00050 -0.00026
   1.67230  0.63837 -0.01231 -0.91634  0.000555  0.000220  0.000396    2.5208    1.5826  0.00018 -0.00051 -0.00027
   1.68805  0.65411 -0.01181 -0.91686  0.000563  0.000223  0.000390    2.5218    1.5825  0.00019 -0.00052 -0.00027
   1.70380  0.66985 -0.01130 -0.91736  0.000571  0.000226  0.000385    2.5226    1.5824  0.00019 -0.00052 -0.00028
   1.71955  0.68560 -0.01079 -0.91784  0.000579  0.000229  0.000380    2.5232    1.5824  0.00019 -0.00053 -0.00028
   1.73529  0.70133 -0.01029 -0.91831  0.000586  0.000232  0.000375    2.5236    1.5823  0.00020 -0.00054 -0.00028
   1.75104  0.71707 -0.00978 -0.91877  0.000594  0.000235  0.000370    2.5240    1.5823  0.00020 -0.00055 -0.00029
   1.76678  0.73280 -0.00928 -0.91921  0.000601  0.000238  0.000366    2.5243    1.5823  0.00020 -0.00055 -0.00029
   1.78252  0.74854 -0.00878 -0.91964  0.000609  0.000241  0.000361    2.5247    1.5822  0.00020 -0.00056 -0.00030
   1.79826  0.76427 -0.00828 -0.92004  0.000616  0.000244  0.000357    2.5253    1.5822  0.00021 -0.00057 -0.00030
   1.81400  0.78000 -0.00779 -0.92042  0.000623  0.000247  0.000352    2.5261    1.5821  0.00021 -0.00057 -0.00030
   1.82973  0.79573 -0.00730 -0.92076  0.000631  0.000250  0.000348    2.5272    1.5820  0.00021 -0.00058 -0.00031
   1.84547  0.81146 -0.00681 -0.92106  0.000638  0.000252  0.000343    2.5289    1.5818  0.00021 -0.00059 -0.00031
   1.86121  0.82719 -0.00632 -0.92131  0.000646  0.000255  0.000338    2.5313    1.5815  0.00022 -0.00060 -0.00032
   1.87695  0.84292 -0.00584 -0.92148  0.000654  0.000258  0.000333    2.5348    1.5812  0.00022 -0.00060 -0.00032
   1.89269  0.85866 -0.00536 -0.92155  0.000663  0.000261  0.000327    2.5397    1.5807  0.00022 -0.00061 -0.00032
   1.90844  0.87439 -0.00488 -0.92149  0.000673  0.000264  0.000320    2.5465    1.5800  0.00022 -0.00062 -0.00033
   1.92418  0.89013 -0.00440 -0.92126  0.000684  0.000267  0.000311    2.5560    1.5790  0.00023 -0.00063 -0.00033
   1.93991  0.90585 -0.00393 -0.92080  0.000696  0.000271  0.000301    2.5695    1.5776  0.00023 -0.00064 -0.00033
   1.95561  0.92154 -0.00345 -0.92003  0.000711  0.000275  0.000288    2.5888    1.5758  0.00023 -0.00065 -0.00034
   1.97122  0.93714 -0.00298 -0.91880  0.000730  0.000279  0.000271    2.6175    1.5731  0.00024 -0.00067 -0.00034
   1.98658  0.95250 -0.00251 -0.91696  0.000756  0.000284  0.000248    2.6613    1.5692  0.00024 -0.00069 -0.00034
   2.00132  0.96724 -0.00206 -0.91430  0.000792  0.000290  0.000217    2.7308    1.5635  0.00024 -0.00072 -0.00035
   2.01478  0.98068 -0.00165 -0.91093  0.000841  0.000297  0.000178    2.8345    1.5562  0.00025 -0.00077 -0.00035
   2.02615  0.99205 -0.00130 -0.90690  0.000914  0.000304  0.000126    3.0046    1.5467  0.00025 -0.00083 -0.00035
   2.03410  1.00000 -0.00105 -0.90660  0.000906  0.000305  0.000186    2.9673    1.5071  0.00025 -0.00082 -0.00034
   2.03410  1.00010 -0.00001  0.90660  0.009388  0.004000  0.000000    2.3471
   2.04204  1.00801 -0.00065  0.88901  0.008451  0.004338  0.000000    1.9480
   2.05112  1.01707 -0.00125  0.89890  0.007579  0.004156  0.000000    1.8238
   2.06149  1.02743 -0.00185  0.90864  0.006873  0.003990  0.000000    1.7224
   2.07336  1.03928 -0.00247  0.91784  0.006296  0.003845  0.000000    1.6374
   2.08692  1.05283 -0.00309  0.92630  0.005819  0.003720  0.000000    1.5642
   2.10243  1.06833 -0.00372  0.93397  0.005419  0.003613  0.000000    1.4997
   2.12017  1.08605 -0.00435  0.94087  0.005078  0.003522  0.000000    1.4418
   2.14045  1.10632 -0.00496  0.94708  0.004785  0.003444  0.000000    1.3893
   2.16363  1.12950 -0.00554  0.95268  0.004529  0.003376  0.000000    1.3415
   2.19014  1.15600 -0.00607  0.95775  0.004305  0.003317  0.000000    1.2979
   2.22045  1.18631 -0.00652  0.96237  0.004109  0.003265  0.000000    1.2583
   2.25511  1.22096 -0.00686  0.96656  0.003936  0.003220  0.000000    1.2226
   2.29474  1.26059 -0.00705  0.97039  0.003785  0.003179  0.000000    1.1906
   2.34005  1.30590 -0.00704  0.97387  0.003653  0.003143  0.000000    1.1623
   2.39185  1.35770 -0.00677  0.97704  0.003539  0.003111  0.000000    1.1375
   2.45108  1.41693 -0.00617  0.97991  0.003441  0.003083  0.000000    1.1162
   2.51881  1.48465 -0.00515  0.98251  0.003357  0.003057  0.000000    1.0981
   2.59624  1.56207 -0.00362  0.98484  0.003287  0.003035  0.000000    1.0828
   2.68478  1.65058 -0.00145  0.98693  0.003227  0.003015  0.000000    1.0701
   2.78601  1.75177  0.00149  0.98879  0.003177  0.002998  0.000000    1.0597
   2.90176  1.86745  0.00536  0.99042  0.003135  0.002983  0.000000    1.0511
   3.03410  1.99970  0.01035  0.99197  0.003100  0.002969  0.000000    1.0441
