#    s        x        y     Ue/Vinf    Dstar     Theta      Cf       H       H*        P         m          K          tau         Di
   0.00000  1.00000  0.00105  0.92369  0.015748  0.007375  0.000389    2.1352    1.5541  0.00629  0.01455  0.00903
   0.00793  0.99223  0.00262  0.93080  0.014817  0.007145  0.000445    2.0738    1.5635  0.00619  0.01379  0.00901
   0.01918  0.98119  0.00481  0.94159  0.013604  0.006817  0.000531    1.9956    1.5768  0.00604  0.01281  0.00897
   0.03241  0.96821  0.00736  0.95494  0.012354  0.006444  0.000637    1.9171    1.5921  0.00588  0.01180  0.00893
   0.04686  0.95402  0.01009  0.96993  0.011188  0.006061  0.000756    1.8460    1.6076  0.00570  0.01085  0.00889
   0.06190  0.93925  0.01288  0.98566  0.010163  0.005694  0.000881    1.7850    1.6224  0.00553  0.01002  0.00885
   0.07717  0.92423  0.01566  1.00150  0.009287  0.005355  0.001007    1.7342    1.6357  0.00537  0.00930  0.00880
   0.09254  0.90911  0.01840  1.01710  0.008542  0.005049  0.001132    1.6920    1.6477  0.00522  0.00869  0.00875
   0.10794  0.89394  0.02109  1.03227  0.007908  0.004773  0.001254    1.6569    1.6582  0.00509  0.00816  0.00871
   0.12335  0.87875  0.02373  1.04693  0.007365  0.004525  0.001371    1.6277    1.6673  0.00496  0.00771  0.00866
   0.13878  0.86355  0.02632  1.06105  0.006895  0.004301  0.001484    1.6032    1.6754  0.00484  0.00732  0.00861
   0.15421  0.84833  0.02886  1.07464  0.006486  0.004099  0.001593    1.5824    1.6824  0.00473  0.00697  0.00856
   0.16963  0.83310  0.03134  1.08775  0.006125  0.003914  0.001697    1.5647    1.6886  0.00463  0.00666  0.00851
   0.18506  0.81787  0.03377  1.10040  0.005804  0.003746  0.001798    1.5495    1.6940  0.00454  0.00639  0.00845
   0.20050  0.80262  0.03615  1.11264  0.005516  0.003590  0.001895    1.5364    1.6988  0.00444  0.00614  0.00840
   0.21593  0.78736  0.03847  1.12453  0.005256  0.003446  0.001989    1.5251    1.7030  0.00436  0.00591  0.00835
   0.23136  0.77210  0.04075  1.13611  0.005018  0.003312  0.002080    1.5151    1.7068  0.00427  0.00570  0.00829
   0.24679  0.75683  0.04296  1.14743  0.004800  0.003186  0.002169    1.5064    1.7101  0.00420  0.00551  0.00823
   0.26221  0.74156  0.04513  1.15851  0.004599  0.003068  0.002256    1.4988    1.7131  0.00412  0.00533  0.00817
   0.27764  0.72628  0.04724  1.16941  0.004411  0.002957  0.002341    1.4920    1.7158  0.00404  0.00516  0.00811
   0.29306  0.71099  0.04929  1.18015  0.004236  0.002851  0.002425    1.4861    1.7182  0.00397  0.00500  0.00805
   0.30849  0.69570  0.05129  1.19077  0.004072  0.002750  0.002507    1.4808    1.7203  0.00390  0.00485  0.00799
   0.32390  0.68040  0.05324  1.20130  0.003917  0.002653  0.002589    1.4761    1.7222  0.00383  0.00470  0.00792
   0.33932  0.66511  0.05513  1.21176  0.003770  0.002561  0.002670    1.4719    1.7239  0.00376  0.00457  0.00786
   0.35473  0.64981  0.05696  1.22218  0.003630  0.002472  0.002751    1.4683    1.7254  0.00369  0.00444  0.00779
   0.37013  0.63451  0.05873  1.23258  0.003496  0.002386  0.002831    1.4650    1.7268  0.00363  0.00431  0.00772
   0.38553  0.61920  0.06045  1.24299  0.003368  0.002304  0.002912    1.4622    1.7280  0.00356  0.00419  0.00764
   0.40092  0.60390  0.06211  1.25344  0.003246  0.002224  0.002992    1.4597    1.7291  0.00349  0.00407  0.00757
   0.41630  0.58860  0.06370  1.26393  0.003128  0.002146  0.003074    1.4575    1.7300  0.00343  0.00395  0.00750
   0.43168  0.57330  0.06523  1.27451  0.003014  0.002070  0.003156    1.4557    1.7308  0.00336  0.00384  0.00742
   0.44705  0.55800  0.06670  1.28518  0.002903  0.001997  0.003238    1.4541    1.7316  0.00330  0.00373  0.00734
   0.46241  0.54271  0.06810  1.29597  0.002797  0.001925  0.003322    1.4528    1.7322  0.00323  0.00362  0.00726
   0.47776  0.52742  0.06944  1.30690  0.002693  0.001855  0.003407    1.4517    1.7326  0.00317  0.00352  0.00717
   0.49310  0.51213  0.07071  1.31801  0.002592  0.001786  0.003494    1.4509    1.7331  0.00310  0.00342  0.00709
   0.50842  0.49685  0.07191  1.32932  0.002493  0.001719  0.003583    1.4503    1.7334  0.00304  0.00331  0.00700
   0.52374  0.48158  0.07304  1.34086  0.002397  0.001653  0.003674    1.4500    1.7336  0.00297  0.00321  0.00691
   0.53904  0.46631  0.07409  1.35266  0.002303  0.001589  0.003768    1.4497    1.7338  0.00291  0.00312  0.00682
   0.55433  0.45106  0.07506  1.36476  0.002211  0.001525  0.003865    1.4497    1.7339  0.00284  0.00302  0.00672
   0.56960  0.43581  0.07596  1.37721  0.002120  0.001462  0.003967    1.4498    1.7339  0.00277  0.00292  0.00662
   0.58485  0.42058  0.07678  1.39006  0.002031  0.001400  0.004073    1.4499    1.7340  0.00271  0.00282  0.00652
   0.60009  0.40536  0.07751  1.40337  0.001942  0.001339  0.004185    1.4501    1.7340  0.00264  0.00273  0.00642
   0.61531  0.39015  0.07815  1.41723  0.001854  0.001279  0.004305    1.4501    1.7341  0.00257  0.00263  0.00631
   0.63050  0.37497  0.07871  1.43175  0.001767  0.001218  0.004435    1.4500    1.7343  0.00250  0.00253  0.00620
   0.64567  0.35980  0.07917  1.44707  0.001679  0.001158  0.004579    1.4495    1.7346  0.00243  0.00243  0.00609
   0.66082  0.34467  0.07954  1.46339  0.001590  0.001098  0.004741    1.4483    1.7353  0.00235  0.00233  0.00597
   0.67591  0.32957  0.07980  1.48111  0.001499  0.001037  0.004932    1.4459    1.7364  0.00227  0.00222  0.00585
   0.69093  0.31456  0.07996  1.50044  0.001406  0.000975  0.005158    1.4418    1.7383  0.00219  0.00211  0.00572
   0.70577  0.29971  0.08002  1.52498  0.001296  0.000905  0.005502    1.4317    1.7428  0.00211  0.00198  0.00560
   0.72032  0.28517  0.07990  1.54916  0.001195  0.000841  0.005861    1.4217    1.7472  0.00202  0.00185  0.00546
   0.73471  0.27078  0.07956  1.56908  0.001115  0.000787  0.006150    1.4164    1.7498  0.00194  0.00175  0.00532
   0.74902  0.25648  0.07901  1.58761  0.001044  0.000739  0.006421    1.4126    1.7516  0.00186  0.00166  0.00518
   0.76328  0.24224  0.07822  1.60509  0.000978  0.000694  0.006681    1.4099    1.7530  0.00179  0.00157  0.00503
   0.77749  0.22807  0.07721  1.62188  0.000917  0.000651  0.006934    1.4082    1.7541  0.00171  0.00149  0.00487
   0.79166  0.21396  0.07596  1.63823  0.000860  0.000611  0.007185    1.4071    1.7548  0.00164  0.00141  0.00471
   0.80578  0.19992  0.07447  1.65430  0.000805  0.000572  0.007437    1.4067    1.7552  0.00157  0.00133  0.00455
   0.81984  0.18596  0.07274  1.67028  0.000753  0.000535  0.007693    1.4070    1.7555  0.00149  0.00126  0.00438
   0.83385  0.17209  0.07076  1.68634  0.000702  0.000499  0.007955    1.4078    1.7555  0.00142  0.00118  0.00420
   0.84778  0.15834  0.06853  1.70270  0.000653  0.000463  0.008227    1.4092    1.7552  0.00134  0.00111  0.00401
   0.86163  0.14471  0.06604  1.71959  0.000604  0.000428  0.008513    1.4113    1.7548  0.00127  0.00104  0.00382
   0.87538  0.13124  0.06330  1.73731  0.000557  0.000394  0.008819    1.4141    1.7541  0.00119  0.00097  0.00362
   0.88900  0.11796  0.06028  1.75623  0.000510  0.000360  0.009151    1.4176    1.7532  0.00111  0.00090  0.00342
   0.90246  0.10490  0.05701  1.77683  0.000464  0.000326  0.009519    1.4220    1.7521  0.00103  0.00082  0.00321
   0.91569  0.09215  0.05347  1.79968  0.000418  0.000293  0.009935    1.4274    1.7507  0.00095  0.00075  0.00299
   0.92860  0.07980  0.04970  1.82553  0.000372  0.000259  0.010418    1.4338    1.7491  0.00086  0.00068  0.00276
   0.94105  0.06801  0.04572  1.85520  0.000326  0.000226  0.010996    1.4411    1.7474  0.00078  0.00060  0.00252
   0.95282  0.05698  0.04161  1.88947  0.000281  0.000194  0.011710    1.4487    1.7461  0.00069  0.00053  0.00228
   0.96364  0.04697  0.03750  1.92882  0.000237  0.000163  0.012629    1.4548    1.7458  0.00061  0.00046  0.00204
   0.97328  0.03820  0.03351  1.97306  0.000196  0.000135  0.013864    1.4565    1.7479  0.00052  0.00039  0.00181
   0.98159  0.03077  0.02978  2.02127  0.000159  0.000109  0.015552    1.4509    1.7535  0.00045  0.00032  0.00158
   0.98863  0.02462  0.02636  2.07190  0.000125  0.000087  0.017686    1.4421    1.7612  0.00037  0.00026  0.00136
   0.99453  0.01959  0.02327  2.12345  0.000100  0.000068  0.018944    1.4736    1.7548  0.00031  0.00021  0.00114
   0.99952  0.01547  0.02046  2.17720  0.000093  0.000054  0.014171    1.7233    1.6843  0.00026  0.00020  0.00094
   1.00377  0.01208  0.01790  2.26011  0.000124  0.000043  0.002746    2.8919    1.5319  0.00022  0.00028  0.00076
   1.00744  0.00928  0.01553  2.35287  0.000149  0.000034 -0.000689    4.3619    1.5280  0.00019  0.00035  0.00068
   1.01065  0.00696  0.01331  2.39648  0.000119  0.000031 -0.000117    3.8864    1.5284  0.00018  0.00029  0.00064
   1.01349  0.00504  0.01122  2.44852  0.000090  0.000027  0.001752    3.3484    1.5347  0.00016  0.00022  0.00061
   1.01604  0.00347  0.00921  2.50530  0.000070  0.000023  0.004619    2.9966    1.5470  0.00015  0.00018  0.00057
   1.01835  0.00221  0.00727  2.55608  0.000056  0.000020  0.008229    2.7679    1.5608  0.00013  0.00014  0.00052
   1.02047  0.00124  0.00539  2.59001  0.000045  0.000017  0.012586    2.6037    1.5743  0.00012  0.00012  0.00047
   1.02242  0.00055  0.00356  2.59406  0.000037  0.000015  0.017525    2.4784    1.5873  0.00010  0.00010  0.00042
   1.02425  0.00014  0.00178  2.55336  0.000032  0.000013  0.022418    2.3828    1.5989  0.00009  0.00008  0.00035
   1.02595  0.00000  0.00008  2.46067  0.000028  0.000012  0.025570    2.3318    1.6057  0.00007  0.00007  0.00029
   1.02764  0.00012 -0.00160  2.31414  0.000025  0.000011  0.027961    2.2795    1.6133  0.00006  0.00006  0.00022
   1.02941  0.00054 -0.00332  2.09217  0.000024  0.000011  0.028154    2.2320    1.6207  0.00005  0.00005  0.00016
   1.03126  0.00130 -0.00501  1.80621  0.000024  0.000011  0.025021    2.2040    1.6252  0.00003  0.00004  0.00010
   1.03324  0.00241 -0.00665  1.49300  0.000025  0.000011  0.020044    2.1852    1.6284  0.00003  0.00004  0.00006
   1.03535  0.00385 -0.00820  1.19063  0.000027  0.000012  0.014564    2.1861    1.6282  0.00002  0.00003  0.00003
   1.03765  0.00562 -0.00966  0.91971  0.000030  0.000014  0.010195    2.1782    1.6296  0.00001  0.00003  0.00002
   1.04017  0.00773 -0.01103  0.68623  0.000034  0.000016  0.006560    2.1982    1.6262  0.00001  0.00002  0.00001
   1.04296  0.01020 -0.01233  0.48684  0.000039  0.000018  0.004211    2.1838    1.6286  0.00000  0.00002  0.00000
   1.04611  0.01309 -0.01357  0.31689  0.000045  0.000020  0.002286    2.2235    1.6220  0.00000  0.00001  0.00000
   1.04970  0.01648 -0.01477  0.17011  0.000049  0.000022  0.001143    2.2067    1.6248  0.00000  0.00001  0.00000
   1.05386  0.02048 -0.01593  0.04266  0.000061  0.000027  0.000225    2.2295    1.6211  0.00000  0.00000  0.00000
   1.05877  0.02526 -0.01705 -0.06965  0.000061  0.000027  0.000367    2.2295    1.6211  0.00000 -0.00000 -0.00000
   1.06465  0.03103 -0.01815 -0.16959  0.000075  0.000033  0.000690    2.2760    1.6138  0.00000 -0.00001 -0.00000
   1.07176  0.03807 -0.01919 -0.25812  0.000083  0.000037  0.000995    2.2335    1.6204  0.00000 -0.00002 -0.00000
   1.08035  0.04660 -0.02015 -0.33641  0.000097  0.000042  0.001037    2.3001    1.6102  0.00000 -0.00003 -0.00000
   1.09056  0.05678 -0.02097 -0.40367  0.000109  0.000048  0.001141    2.2734    1.6142  0.00001 -0.00004 -0.00001
   1.10230  0.06850 -0.02162 -0.46032  0.000126  0.000054  0.001083    2.3163    1.6079  0.00001 -0.00006 -0.00001
   1.11528  0.08148 -0.02207 -0.50647  0.000140  0.000061  0.001073    2.3116    1.6086  0.00002 -0.00007 -0.00001
   1.12916  0.09535 -0.02231 -0.54387  0.000157  0.000067  0.001010    2.3329    1.6056  0.00002 -0.00009 -0.00002
   1.14364  0.10983 -0.02239 -0.57406  0.000172  0.000074  0.000964    2.3396    1.6047  0.00002 -0.00010 -0.00002
   1.15852  0.12471 -0.02234 -0.59879  0.000187  0.000080  0.000913    2.3502    1.6032  0.00003 -0.00011 -0.00003
   1.17368  0.13988 -0.02218 -0.61932  0.000202  0.000086  0.000868    2.3579    1.6022  0.00003 -0.00013 -0.00003
   1.18905  0.15524 -0.02196 -0.63670  0.000217  0.000092  0.000828    2.3645    1.6013  0.00004 -0.00014 -0.00004
   1.20458  0.17076 -0.02169 -0.65168  0.000230  0.000097  0.000793    2.3696    1.6006  0.00004 -0.00015 -0.00004
   1.22020  0.18639 -0.02140 -0.66483  0.000243  0.000103  0.000764    2.3733    1.6001  0.00005 -0.00016 -0.00005
   1.23585  0.20204 -0.02111 -0.67659  0.000255  0.000108  0.000739    2.3752    1.5999  0.00005 -0.00017 -0.00005
   1.25147  0.21765 -0.02083 -0.68731  0.000267  0.000112  0.000719    2.3753    1.5998  0.00005 -0.00018 -0.00006
   1.26704  0.23322 -0.02058 -0.69732  0.000277  0.000117  0.000705    2.3733    1.6001  0.00006 -0.00019 -0.00006
   1.28255  0.24873 -0.02036 -0.70690  0.000285  0.000120  0.000695    2.3687    1.6007  0.00006 -0.00020 -0.00007
   1.29802  0.26419 -0.02019 -0.71640  0.000293  0.000124  0.000693    2.3607    1.6018  0.00006 -0.00021 -0.00007
   1.31344  0.27962 -0.02007 -0.72613  0.000298  0.000127  0.000697    2.3486    1.6034  0.00007 -0.00022 -0.00008
   1.32884  0.29502 -0.02002 -0.73723  0.000299  0.000129  0.000725    2.3219    1.6071  0.00007 -0.00022 -0.00008
   1.34424  0.31041 -0.02000 -0.75068  0.000295  0.000129  0.000776    2.2828    1.6128  0.00007 -0.00022 -0.00009
   1.35966  0.32583 -0.01993 -0.76065  0.000305  0.000132  0.000741    2.3107    1.6087  0.00008 -0.00023 -0.00009
   1.37511  0.34129 -0.01981 -0.76924  0.000315  0.000135  0.000710    2.3327    1.6056  0.00008 -0.00024 -0.00010
   1.39060  0.35677 -0.01965 -0.77677  0.000325  0.000138  0.000684    2.3497    1.6033  0.00008 -0.00025 -0.00010
   1.40611  0.37228 -0.01944 -0.78356  0.000334  0.000142  0.000662    2.3619    1.6016  0.00009 -0.00026 -0.00011
   1.42164  0.38781 -0.01919 -0.78975  0.000343  0.000145  0.000644    2.3711    1.6004  0.00009 -0.00027 -0.00011
   1.43720  0.40337 -0.01891 -0.79544  0.000352  0.000148  0.000628    2.3783    1.5995  0.00009 -0.00028 -0.00012
   1.45277  0.41894 -0.01859 -0.80071  0.000361  0.000151  0.000613    2.3841    1.5987  0.00010 -0.00029 -0.00012
   1.46837  0.43453 -0.01825 -0.80562  0.000369  0.000155  0.000600    2.3890    1.5981  0.00010 -0.00030 -0.00013
   1.48398  0.45014 -0.01788 -0.81022  0.000378  0.000158  0.000588    2.3931    1.5975  0.00010 -0.00031 -0.00013
   1.49961  0.46576 -0.01749 -0.81455  0.000386  0.000161  0.000577    2.3966    1.5971  0.00011 -0.00031 -0.00014
   1.51525  0.48140 -0.01708 -0.81863  0.000394  0.000164  0.000566    2.3996    1.5967  0.00011 -0.00032 -0.00014
   1.53091  0.49705 -0.01665 -0.82252  0.000402  0.000167  0.000556    2.4021    1.5964  0.00011 -0.00033 -0.00015
   1.54658  0.51271 -0.01620 -0.82621  0.000409  0.000170  0.000547    2.4042    1.5961  0.00012 -0.00034 -0.00015
   1.56226  0.52839 -0.01575 -0.82975  0.000417  0.000173  0.000539    2.4059    1.5959  0.00012 -0.00035 -0.00016
   1.57796  0.54408 -0.01528 -0.83315  0.000424  0.000176  0.000531    2.4072    1.5958  0.00012 -0.00035 -0.00016
   1.59366  0.55977 -0.01480 -0.83643  0.000431  0.000179  0.000524    2.4082    1.5956  0.00013 -0.00036 -0.00017
   1.60937  0.57548 -0.01431 -0.83960  0.000438  0.000182  0.000517    2.4088    1.5955  0.00013 -0.00037 -0.00017
   1.62509  0.59119 -0.01382 -0.84268  0.000445  0.000185  0.000511    2.4091    1.5955  0.00013 -0.00037 -0.00018
   1.64082  0.60691 -0.01332 -0.84568  0.000451  0.000187  0.000506    2.4092    1.5955  0.00013 -0.00038 -0.00018
   1.65656  0.62264 -0.01282 -0.84862  0.000457  0.000190  0.000500    2.4089    1.5955  0.00014 -0.00039 -0.00019
   1.67230  0.63837 -0.01231 -0.85150  0.000463  0.000192  0.000496    2.4083    1.5956  0.00014 -0.00039 -0.00019
   1.68805  0.65411 -0.01181 -0.85433  0.000469  0.000195  0.000492    2.4075    1.5957  0.00014 -0.00040 -0.00019
   1.70380  0.66985 -0.01130 -0.85713  0.000475  0.000197  0.000488    2.4064    1.5958  0.00015 -0.00041 -0.00020
   1.71955  0.68560 -0.01079 -0.85989  0.000480  0.000200  0.000485    2.4051    1.5960  0.00015 -0.00041 -0.00020
   1.73529  0.70133 -0.01029 -0.86263  0.000486  0.000202  0.000482    2.4035    1.5962  0.00015 -0.00042 -0.00021
   1.75104  0.71707 -0.00978 -0.86536  0.000491  0.000204  0.000479    2.4017    1.5964  0.00015 -0.00042 -0.00021
   1.76678  0.73280 -0.00928 -0.86807  0.000496  0.000207  0.000477    2.3998    1.5967  0.00016 -0.00043 -0.00022
   1.78252  0.74854 -0.00878 -0.87078  0.000500  0.000209  0.000475    2.3976    1.5970  0.00016 -0.00044 -0.00022
   1.79826  0.76427 -0.00828 -0.87348  0.000505  0.000211  0.000473    2.3952    1.5973  0.00016 -0.00044 -0.00022
   1.81400  0.78000 -0.00779 -0.87619  0.000509  0.000213  0.000472    2.3927    1.5976  0.00016 -0.00045 -0.00023
   1.82973  0.79573 -0.00730 -0.87890  0.000513  0.000215  0.000471    2.3900    1.5979  0.00017 -0.00045 -0.00023
   1.84547  0.81146 -0.00681 -0.88162  0.000517  0.000216  0.000470    2.3872    1.5983  0.00017 -0.00046 -0.00024
   1.86121  0.82719 -0.00632 -0.88435  0.000520  0.000218  0.000470    2.3843    1.5987  0.00017 -0.00046 -0.00024
   1.87695  0.84292 -0.00584 -0.88710  0.000524  0.000220  0.000470    2.3813    1.5991  0.00017 -0.00046 -0.00025
   1.89269  0.85866 -0.00536 -0.88986  0.000527  0.000222  0.000470    2.3783    1.5995  0.00018 -0.00047 -0.00025
   1.90844  0.87439 -0.00488 -0.89264  0.000530  0.000223  0.000470    2.3752    1.5999  0.00018 -0.00047 -0.00025
   1.92418  0.89013 -0.00440 -0.89543  0.000533  0.000225  0.000470    2.3721    1.6003  0.00018 -0.00048 -0.00026
   1.93991  0.90585 -0.00393 -0.89823  0.000536  0.000226  0.000470    2.3690    1.6007  0.00018 -0.00048 -0.00026
   1.95561  0.92154 -0.00345 -0.90104  0.000539  0.000228  0.000471    2.3661    1.6011  0.00018 -0.00049 -0.00027
   1.97122  0.93714 -0.00298 -0.90383  0.000542  0.000229  0.000471    2.3634    1.6014  0.00019 -0.00049 -0.00027
   1.98658  0.95250 -0.00251 -0.90656  0.000545  0.000231  0.000471    2.3611    1.6017  0.00019 -0.00049 -0.00028
   2.00132  0.96724 -0.00206 -0.90909  0.000548  0.000232  0.000470    2.3604    1.6018  0.00019 -0.00050 -0.00028
   2.01478  0.98068 -0.00165 -0.91158  0.000549  0.000233  0.000471    2.3568    1.6023  0.00019 -0.00050 -0.00028
   2.02615  0.99205 -0.00130 -0.91214  0.000561  0.000236  0.000452    2.3791    1.5993  0.00020 -0.00051 -0.00029
   2.03410  1.00000 -0.00105 -0.92369  0.000502  0.000226  0.000894    2.2271    1.5681  0.00019 -0.00046 -0.00028
   2.03410  1.00010 -0.00001  0.92369  0.018329  0.007601  0.000000    2.4114
   2.04204  1.00801 -0.00063  0.91481  0.017654  0.007925  0.000000    2.2277
   2.05112  1.01707 -0.00117  0.91670  0.016751  0.007857  0.000000    2.1320
   2.06149  1.02744 -0.00167  0.91915  0.015845  0.007772  0.000000    2.0388
   2.07336  1.03929 -0.00213  0.92215  0.014948  0.007671  0.000000    1.9486
   2.08692  1.05285 -0.00254  0.92566  0.014075  0.007558  0.000000    1.8622
   2.10243  1.06836 -0.00290  0.92961  0.013236  0.007436  0.000000    1.7800
   2.12017  1.08609 -0.00316  0.93388  0.012443  0.007310  0.000000    1.7023
   2.14045  1.10637 -0.00331  0.93836  0.011704  0.007183  0.000000    1.6294
   2.16363  1.12956 -0.00330  0.94292  0.011021  0.007058  0.000000    1.5613
   2.19014  1.15607 -0.00309  0.94746  0.010396  0.006940  0.000000    1.4980
   2.22045  1.18637 -0.00262  0.95190  0.009828  0.006828  0.000000    1.4394
   2.25511  1.22102 -0.00182  0.95618  0.009316  0.006724  0.000000    1.3854
   2.29474  1.26063 -0.00061  0.96028  0.008855  0.006628  0.000000    1.3360
   2.34005  1.30590  0.00112  0.96416  0.008444  0.006540  0.000000    1.2910
   2.39185  1.35765  0.00349  0.96782  0.008078  0.006460  0.000000    1.2505
   2.45108  1.41680  0.00663  0.97125  0.007755  0.006387  0.000000    1.2142
   2.51881  1.48440  0.01074  0.97444  0.007471  0.006320  0.000000    1.1821
   2.59624  1.56166  0.01600  0.97739  0.007223  0.006260  0.000000    1.1539
   2.68478  1.64995  0.02265  0.98010  0.007009  0.006205  0.000000    1.1296
   2.78601  1.75084  0.03097  0.98259  0.006827  0.006157  0.000000    1.1088
   2.90176  1.86612  0.04127  0.98482  0.006672  0.006113  0.000000    1.0913
   3.03410  1.99786  0.05393  0.98725  0.006532  0.006067  0.000000    1.0767
