    1.000000      0.1050000E-02
   0.9922310      0.2616264E-02
   0.9811886      0.4814970E-02
   0.9682094      0.7358580E-02
   0.9540196      0.1008968E-01
   0.9392462      0.1287866E-01
   0.9242274      0.1565783E-01
   0.9091075      0.1839925E-01
   0.8939425      0.2109262E-01
   0.8787536      0.2373441E-01
   0.8635489      0.2632351E-01
   0.8483317      0.2885964E-01
   0.8331039      0.3134279E-01
   0.8178662      0.3377298E-01
   0.8026196      0.3615021E-01
   0.7873648      0.3847441E-01
   0.7721023      0.4074546E-01
   0.7568329      0.4296317E-01
   0.7415572      0.4512725E-01
   0.7262759      0.4723735E-01
   0.7109895      0.4929304E-01
   0.6956988      0.5129381E-01
   0.6804045      0.5323905E-01
   0.6651071      0.5512809E-01
   0.6498075      0.5696016E-01
   0.6345063      0.5873439E-01
   0.6192042      0.6044982E-01
   0.6039020      0.6210541E-01
   0.5886004      0.6370001E-01
   0.5733002      0.6523236E-01
   0.5580022      0.6670112E-01
   0.5427073      0.6810481E-01
   0.5274164      0.6944187E-01
   0.5121305      0.7071059E-01
   0.4968504      0.7190916E-01
   0.4815773      0.7303564E-01
   0.4663122      0.7408795E-01
   0.4510564      0.7506387E-01
   0.4358112      0.7596104E-01
   0.4205780      0.7677693E-01
   0.4053584      0.7750885E-01
   0.3901543      0.7815393E-01
   0.3749680      0.7870909E-01
   0.3598035      0.7917104E-01
   0.3446673      0.7953626E-01
   0.3295738      0.7980095E-01
   0.3145604      0.7996106E-01
   0.2997121      0.8001514E-01
   0.2851678      0.7989980E-01
   0.2707813      0.7956395E-01
   0.2564810      0.7900552E-01
   0.2422448      0.7822094E-01
   0.2280687      0.7720628E-01
   0.2139565      0.7595736E-01
   0.1999160      0.7446988E-01
   0.1859571      0.7273938E-01
   0.1720926      0.7076131E-01
   0.1583378      0.6853101E-01
   0.1447121      0.6604395E-01
   0.1312402      0.6329599E-01
   0.1179554      0.6028416E-01
   0.1049040      0.5700816E-01
   0.9215338E-01  0.5347355E-01
   0.7980497E-01  0.4969768E-01
   0.6801005E-01  0.4571996E-01
   0.5698051E-01  0.4161494E-01
   0.4696964E-01  0.3749890E-01
   0.3820050E-01  0.3351279E-01
   0.3077209E-01  0.2977882E-01
   0.2462439E-01  0.2636195E-01
   0.1958970E-01  0.2326702E-01
   0.1546883E-01  0.2046122E-01
   0.1208065E-01  0.1789744E-01
   0.9280403E-02  0.1552861E-01
   0.6959514E-02  0.1331313E-01
   0.5039755E-02  0.1121622E-01
   0.3467061E-02  0.9209903E-02
   0.2206497E-02  0.7273035E-02
   0.1237604E-02  0.5391204E-02
   0.5510934E-03  0.3560282E-02
   0.1407528E-03  0.1780492E-02
   0.2983123E-06  0.8095968E-04
   0.1206474E-03 -0.1598847E-02
   0.5432046E-03 -0.3317059E-02
   0.1301770E-02 -0.5013962E-02
   0.2405967E-02 -0.6649714E-02
   0.3847677E-02 -0.8198723E-02
   0.5619924E-02 -0.9655706E-02
   0.7729376E-02 -0.1102791E-01
   0.1020315E-01 -0.1232815E-01
   0.1309294E-01 -0.1357020E-01
   0.1647988E-01 -0.1476635E-01
   0.2048090E-01 -0.1592572E-01
   0.2525849E-01 -0.1705285E-01
   0.3103455E-01 -0.1814572E-01
   0.3806734E-01 -0.1918818E-01
   0.4660273E-01 -0.2014666E-01
   0.5677672E-01 -0.2097350E-01
   0.6850070E-01 -0.2162137E-01
   0.8147859E-01 -0.2206586E-01
   0.9535266E-01 -0.2231382E-01
   0.1098294     -0.2239315E-01
   0.1247113     -0.2233883E-01
   0.1398755     -0.2218470E-01
   0.1552448     -0.2196066E-01
   0.1707648     -0.2169235E-01
   0.1863857     -0.2140182E-01
   0.2020369     -0.2110845E-01
   0.2176544     -0.2082865E-01
   0.2332188     -0.2057545E-01
   0.2487296     -0.2035947E-01
   0.2641924     -0.2018963E-01
   0.2796161     -0.2007361E-01
   0.2950154     -0.2001862E-01
   0.3104097     -0.2000073E-01
   0.3258318     -0.1993238E-01
   0.3412867     -0.1981304E-01
   0.3567704     -0.1964666E-01
   0.3722795     -0.1943754E-01
   0.3878117     -0.1918965E-01
   0.4033651     -0.1890668E-01
   0.4189382     -0.1859204E-01
   0.4345294     -0.1824894E-01
   0.4501373     -0.1788035E-01
   0.4657609     -0.1748904E-01
   0.4813989     -0.1707762E-01
   0.4970504     -0.1664848E-01
   0.5127144     -0.1620389E-01
   0.5283899     -0.1574593E-01
   0.5440761     -0.1527654E-01
   0.5597722     -0.1479752E-01
   0.5754774     -0.1431053E-01
   0.5911910     -0.1381709E-01
   0.6069122     -0.1331860E-01
   0.6226403     -0.1281634E-01
   0.6383743     -0.1231146E-01
   0.6541131     -0.1180504E-01
   0.6698546     -0.1129802E-01
   0.6855955     -0.1079132E-01
   0.7013340     -0.1028567E-01
   0.7170700     -0.9781643E-02
   0.7328037     -0.9279706E-02
   0.7485356     -0.8780207E-02
   0.7642664     -0.8283397E-02
   0.7799966     -0.7789426E-02
   0.7957266     -0.7298350E-02
   0.8114572     -0.6810130E-02
   0.8271887     -0.6324635E-02
   0.8429215     -0.5841647E-02
   0.8586559     -0.5360861E-02
   0.8743913     -0.4881905E-02
   0.8901252     -0.4404376E-02
   0.9058498     -0.3927941E-02
   0.9215424     -0.3452640E-02
   0.9371423     -0.2979574E-02
   0.9524958     -0.2512647E-02
   0.9672374     -0.2062291E-02
   0.9806838     -0.1649064E-02
   0.9920540     -0.1297319E-02
    1.000000     -0.1050000E-02
