Airfoil Transition 2 between Clark_y.txt and E63.txt
 61. 61.

0.0 -0.00082
0.00045850340136054427 -1.9734693877550887e-05
0.0009039455782312926 0.0015410544217687077
0.00187265306122449 0.004386530612244899
0.005415510204081633 0.00870122448979592
0.010653605442176872 0.01336257142857143
0.01867591836734694 0.019441510204081636
0.02876190476190476 0.025410380952380955
0.04040176870748299 0.030836904761904763
0.05318517006802722 0.03591800680272109
0.07121537414965987 0.04211471428571428
0.09094108843537416 0.047684000000000004
0.11166897959183675 0.05272614965986395
0.13338884353741498 0.05730693197278912
0.1567295238095238 0.06129780952380952
0.180981768707483 0.06479247619047619
0.20607891156462585 0.06783509523809525
0.23237551020408162 0.07036244217687075
0.25954068027210886 0.07246295238095238
0.2873481632653061 0.07422801360544218
0.31593455782312924 0.07562572789115646
0.34523333333333334 0.07661385714285715
0.37493414965986394 0.07727542176870748
0.40503782312925174 0.07755849659863945
0.4355551020408163 0.07734926530612245
0.46620693877551017 0.07679953741496598
0.4969674829931973 0.0759190544217687
0.5277280272108843 0.07458628571428572
0.5583457142857142 0.07292342857142858
0.5887957823129252 0.07097077551020409
0.6188763265306122 0.06865308843537415
0.6484704761904763 0.06601068707482993
0.677632380952381 0.06310855782312925
0.7061771428571428 0.059935904761904774
0.7338025850340136 0.05647819047619048
0.7607457142857144 0.052843904761904766
0.786940544217687 0.049040326530612244
0.8117300680272109 0.04502961224489796
0.8356247619047619 0.04091359863945579
0.8586063945578232 0.036698666666666664
0.8799810884353741 0.03239412244897959
0.9001315646258504 0.02805541496598639
0.9191971428571428 0.023687761904761906
0.9366537414965986 0.019306782312925177
0.9525857142857143 0.014898639455782315
0.9674634013605441 0.010523748299319735
0.9800291156462585 0.006519258503401355
0.9879444897959184 0.0038465646258503314
0.9946185034013606 0.0017262925170068006
1.0 0.00019966666666666673

0.0 -0.00082
0.002250204081632653 -0.003144095238095238
0.004940544217687075 -0.004316707482993197
0.009591972789115645 -0.005354727891156463
0.015802585034013605 -0.0066935306122448985
0.02371482993197279 -0.007473816326530613
0.03448897959183673 -0.008085482993197281
0.04677714285714285 -0.008139142857142859
0.06058367346938775 -0.007736632653061227
0.07498965986394557 -0.0070385238095238105
0.09523578231292516 -0.006124700680272113
0.11583374149659861 -0.004983557823129252
0.13807741496598638 -0.0035235714285714315
0.16082503401360543 -0.001900782312925172
0.1847695238095238 -9.142857142857563e-05
0.20944448979591837 0.0018117278911564602
0.23490612244897957 0.0037828435374149608
0.2612395918367346 0.005747741496598634
0.28800897959183674 0.007713836734693873
0.31569210884353743 0.009572272108843535
0.3435647619047619 0.011397061224489791
0.37223333333333325 0.013008047619047617
0.4010259863945578 0.014558319727891147
0.430252925170068 0.01590580952380952
0.45959210884353735 0.017123068027210878
0.4890945578231292 0.01815021088435374
0.5185839455782313 0.01897334013605442
0.5480643537414966 0.01965612244897959
0.5772990476190476 0.02004133333333333
0.6064635374149658 0.02034116326530612
0.6350337414965986 0.02028347619047619
0.6634482993197279 0.02015708163265306
0.6910993197278911 0.019714632653061226
0.7183572789115645 0.019159666666666672
0.7448291156462583 0.01837966666666667
0.7705504761904761 0.017435571428571432
0.7955749659863945 0.01633957823129252
0.8194051700680272 0.015067571428571435
0.8427325170068027 0.01372168027210884
0.8643455782312924 0.012196217687074832
0.8855859863945578 0.01063806802721089
0.9048468027210883 0.00895431972789117
0.9234771428571428 0.0072589523809523954
0.9403061224489796 0.0055309795918367394
0.9559595918367346 0.003925557823129259
0.9701436734693877 0.0024729795918367447
0.9816248979591836 0.001371564625850342
0.9891632653061224 0.0003899319727891195
0.9947979591836734 2.4897959183675265e-05
1.0 -0.00019966666666666668
